framenum,queue density,dynamic density
3,0.0644309,0.0265188
6,0.0746887,0.0787729
9,0.0875166,0.0434763
12,0.0919868,0.050687
15,0.0958818,0.0571975
18,0.0991181,0.0648397
21,0.101995,0.0436883
24,0.104058,0.0269617
27,0.109255,0.0398085
30,0.112888,0.0608653
33,0.11491,0.0831296
36,0.116628,0.100307
39,0.118203,0.104406
42,0.119562,0.0963814
45,0.121382,0.0872895
48,0.121189,0.0801317
51,0.121681,0.0663197
54,0.123468,0.0366403
57,0.125667,0.0265566
60,0.125909,0.0274197
63,0.125414,0.0223135
66,0.125766,0.0229456
69,0.127802,0.0223854
72,0.128956,0.0119952
75,0.131254,0.010799
78,0.13203,0.0177524
81,0.138094,0.0237632
84,0.142174,0.0333472
87,0.154359,0.0501533
90,0.167739,0.0484159
93,0.173992,0.0497937
96,0.17093,0.0611946
99,0.174912,0.0531284
102,0.176161,0.0357962
105,0.176801,0.0362504
108,0.179795,0.0518869
111,0.188698,0.0606874
114,0.197627,0.069908
117,0.205382,0.0968962
120,0.207873,0.105708
123,0.209879,0.107468
126,0.21053,0.087297
129,0.212775,0.0809607
132,0.216552,0.0974526
135,0.218566,0.0972595
138,0.220258,0.088724
141,0.221515,0.0794315
144,0.221466,0.0750748
147,0.220375,0.0743064
150,0.221027,0.0821379
153,0.220444,0.0647072
156,0.218055,0.0577539
159,0.21463,0.0554109
162,0.212264,0.0434044
165,0.209482,0.048185
168,0.207896,0.0366441
171,0.204985,0.0223021
174,0.202487,0.0055831
177,0.20064,0.0111094
180,0.199182,0.00190393
183,0.198637,0.000783527
186,0.197067,0.00475794
189,0.196457,1.89258e-05
192,0.195424,0
195,0.194197,0.000533707
198,0.19453,6.43476e-05
201,0.195076,0.00536735
204,0.195465,0.000140051
207,0.195045,0.000420152
210,0.19545,0.00123775
213,0.195522,0
216,0.195246,0.00700254
219,0.195348,0
222,0.195113,0
225,0.195359,4.54219e-05
228,0.195711,0
231,0.19581,0.000768386
234,0.196855,0
237,0.196143,0.00036716
240,0.192827,0.00137023
243,0.193516,0.00335743
246,0.194205,0.00172603
249,0.194042,0.00245278
252,0.19352,0.000147621
255,0.193649,0.00121882
258,0.194141,0.00733184
261,0.194443,0.00345206
264,0.19419,0
267,0.194383,0.000760816
270,0.193588,3.78515e-06
273,0.193349,6.81328e-05
276,0.19358,0.00560203
279,0.193985,0.00484121
282,0.195886,0.00808509
285,0.199368,0.0132745
288,0.199932,0.0151103
291,0.196219,0.0155797
294,0.193365,0.00675272
297,0.191082,0.00580643
300,0.190439,0.00269503
303,0.190257,0
306,0.19087,0
309,0.192782,0
312,0.194402,0
315,0.196056,0
318,0.196029,0
321,0.194587,0
324,0.194568,0
327,0.194731,0
330,0.194879,0
333,0.194879,0
336,0.194992,0
339,0.195102,0.000405012
342,0.197297,0.000378515
345,0.197237,0.00871721
348,0.199198,0.0171468
351,0.197967,0.0229267
354,0.196294,0.0269427
357,0.196556,0.0268973
360,0.19665,0.0237859
363,0.196612,0.0229532
366,0.196699,0.0218631
369,0.196794,0.0229645
372,0.197683,0.0220675
375,0.19771,0.0236951
378,0.197434,0.0202089
381,0.196586,0.0191264
384,0.198232,0.0158674
387,0.202824,0.0190469
390,0.205121,0.0249442
393,0.205757,0.0131648
396,0.20779,0.0147735
399,0.209338,0.0151709
402,0.210273,0.0131269
405,0.210947,0.0379272
408,0.213346,0.0442409
411,0.220762,0.0608994
414,0.229331,0.0761611
417,0.235225,0.0972671
420,0.239702,0.111174
423,0.248196,0.13382
426,0.25814,0.152977
429,0.266426,0.158863
432,0.273761,0.150006
435,0.281941,0.152674
438,0.286222,0.195783
441,0.289984,0.20916
444,0.295125,0.213528
447,0.296885,0.216859
450,0.305602,0.215633
453,0.312237,0.219183
456,0.315716,0.21516
459,0.318191,0.205163
462,0.320307,0.172349
465,0.323669,0.106552
468,0.323782,0.0412165
471,0.322832,0.00908816
474,0.323434,0.000454219
477,0.326825,0
480,0.329081,0
483,0.3303,0
486,0.330838,0
489,0.331667,0
492,0.332685,0
495,0.330073,0
498,0.331186,0
501,0.337439,0.00312275
504,0.348295,0.0184526
507,0.358341,0.0362391
510,0.369329,0.0268746
513,0.374265,0.0501192
516,0.376634,0.0620046
519,0.380026,0.0630418
522,0.385779,0.0645407
525,0.39006,0.0687573
528,0.392827,0.0700821
531,0.394008,0.0709603
534,0.397085,0.073432
537,0.399671,0.0720353
540,0.400939,0.0702373
543,0.403441,0.073678
546,0.403812,0.0778568
549,0.405545,0.0713804
552,0.405473,0.0583065
555,0.403762,0.0566675
558,0.402986,0.0511261
561,0.400057,0.00303569
564,0.398164,0.003876
567,0.397089,0
570,0.391218,0.0030584
573,0.396412,0.00469738
576,0.403698,0.0115561
579,0.409338,0.0185927
582,0.41667,0.0199061
585,0.421602,0.0205155
588,0.42583,0.031606
591,0.430289,0.0368409
594,0.432102,0.0416859
597,0.433343,0.0441614
600,0.437674,0.0489913
603,0.441292,0.058738
606,0.445763,0.0591165
609,0.450808,0.0623945
612,0.457144,0.0747644
615,0.462709,0.0595064
618,0.467296,0.0494341
621,0.47453,0.0371059
624,0.480189,0.0350581
627,0.48565,0.0357054
630,0.490367,0.0370529
633,0.493346,0.0339301
636,0.495227,0.0344373
639,0.496658,0.0289678
642,0.496249,0.0221318
645,0.49531,0.0109391
648,0.499084,0.00438321
651,0.503388,0.0055074
654,0.507536,0.00655589
657,0.511446,0.00575722
660,0.515129,0.00959158
663,0.519891,0.0036451
666,0.523457,8.32734e-05
669,0.526462,1.51406e-05
672,0.525826,3.78515e-06
675,0.526909,0
678,0.529642,0
681,0.531723,0
684,0.533434,0
687,0.534172,7.57031e-06
690,0.53566,7.57031e-06
693,0.536932,0
696,0.53393,0
699,0.536534,0
702,0.536591,0
705,0.537772,0.000378515
708,0.538363,0
711,0.53926,0
714,0.540668,0.000957644
717,0.540952,0
720,0.533328,7.57031e-06
723,0.534907,0
726,0.534725,0
729,0.534267,0
732,0.533934,0
735,0.532109,0
738,0.530232,0
741,0.52943,0.00111284
744,0.529078,0
747,0.524463,0
750,0.524679,0
753,0.524566,0
756,0.524342,0
759,0.524611,0
762,0.52421,0
765,0.523214,0
768,0.521344,0
771,0.512896,0
774,0.514168,0
777,0.515125,0
780,0.51656,0
783,0.516541,0.000969
786,0.516337,3.78515e-06
789,0.518687,0.000700254
792,0.521761,0.00610545
795,0.525425,0.0122071
798,0.53066,0.0171051
801,0.535569,0.0202354
804,0.539078,0.0225179
807,0.540702,0.0250047
810,0.542598,0.00012491
813,0.546247,1.51406e-05
816,0.550498,0
819,0.552996,0
822,0.558886,0.000340664
825,0.560949,0
828,0.563087,5.29922e-05
831,0.564298,0.0013778
834,0.563326,0
837,0.562228,0.000177902
840,0.56188,0.000878156
843,0.562289,0
846,0.56102,0
849,0.561728,3.78515e-06
852,0.562133,0.00110148
855,0.563046,3.40664e-05
858,0.563227,0
861,0.563413,0.000363375
864,0.563689,0
867,0.56417,0.000147621
870,0.561732,0.00119611
873,0.563628,0
876,0.564079,0
879,0.565048,0
882,0.5637,0.000575344
885,0.563363,0
888,0.563292,1.13555e-05
891,0.563579,0.00123018
894,0.564567,0.0008668
897,0.566183,0
900,0.566831,3.02812e-05
903,0.566305,0
906,0.561959,0
909,0.563874,2.27109e-05
912,0.564245,6.81328e-05
915,0.562035,0.000620765
918,0.55853,6.05625e-05
921,0.556312,0.0026004
924,0.555551,0
927,0.554987,0
930,0.551266,0
933,0.552334,0
936,0.554048,0
939,0.557084,0
942,0.560638,0.000268746
945,0.561039,0.000280101
948,0.561335,0
951,0.560801,0
954,0.560381,0
957,0.55842,3.02812e-05
960,0.558874,0
963,0.559858,0
966,0.560725,0
969,0.561259,0
972,0.563208,3.78515e-05
975,0.564385,9.08437e-05
978,0.565809,9.46289e-05
981,0.563784,0.000147621
984,0.564639,0.00186987
987,0.564314,4.16367e-05
990,0.564011,0.000545062
993,0.564314,6.43476e-05
996,0.565067,0.000635906
999,0.562429,0.000529922
1002,0.560176,7.57031e-06
1005,0.55694,0.000264961
1008,0.557277,0
1011,0.559071,0.00467845
1014,0.559631,0.0033915
1017,0.557262,0.000658617
1020,0.556978,0.00568152
1023,0.557209,0.000208184
1026,0.556781,2.27109e-05
1029,0.55683,0
1032,0.55666,0
1035,0.557156,0.00165411
1038,0.555876,0
1041,0.556509,0
1044,0.55842,3.40664e-05
1047,0.560093,0
1050,0.559075,7.57031e-06
1053,0.558984,0
1056,0.558575,0
1059,0.558219,0.0026004
1062,0.553439,0.000140051
1065,0.553386,0.00299027
1068,0.552981,0
1071,0.553261,3.78515e-06
1074,0.554317,0.00437942
1077,0.555445,0
1080,0.555119,0
1083,0.55568,0
1086,0.553337,0.000200613
1089,0.554995,7.57031e-06
1092,0.555839,0.00507968
1095,0.557383,0.00140429
1098,0.558693,0.00475415
1101,0.558064,0.00790719
1104,0.558746,0.000775957
1107,0.55845,0.000927363
1110,0.558537,0
1113,0.555926,0
1116,0.556342,0
1119,0.555464,3.78515e-06
1122,0.556039,0
1125,0.555922,0
1128,0.55881,0.00459518
1131,0.559703,0.0110981
1134,0.559575,0.0152845
1137,0.55803,0.01642
1140,0.558004,0.0174004
1143,0.557375,0.0159279
1146,0.558121,0.0168931
1149,0.558848,0.00902381
1152,0.559518,0.00500019
1155,0.557845,0.00744161
1158,0.558704,0.00194935
1161,0.556467,0.00250577
1164,0.559249,0.0012226
1167,0.55867,4.54219e-05
1170,0.556509,0.000397441
1173,0.556675,0
1176,0.55546,0
1179,0.554177,0.000276316
1182,0.553064,0
1185,0.554071,0.000863015
1188,0.552175,0.000389871
1191,0.551474,3.78515e-06
1194,0.552182,3.78515e-06
1197,0.552648,5.29922e-05
1200,0.552485,0
1203,0.55194,0
1206,0.552114,0
1209,0.552663,0
1212,0.549676,0
1215,0.550369,0
1218,0.550664,0
1221,0.551542,0
1224,0.551811,0
1227,0.551807,0
1230,0.553484,0
1233,0.553409,8.32734e-05
1236,0.551796,0.00921685
1239,0.552973,0.00148
1242,0.554756,0.000340664
1245,0.555127,0.00143836
1248,0.554044,0.000991711
1251,0.554222,0.000238465
1254,0.552704,0.000889511
1257,0.552882,0.000310383
1260,0.552614,0.00310761
1263,0.551009,0
1266,0.551296,0.00849767
1269,0.551516,0.000177902
1272,0.552746,0.00774821
1275,0.552731,0
1278,0.553268,0.00296756
1281,0.553742,0.00730913
1284,0.553083,0.00193043
1287,0.551164,0.00908816
1290,0.55356,0.000378515
1293,0.55434,0
1296,0.554798,0.000166547
1299,0.557088,0.00153299
1302,0.556709,0.0099701
1305,0.556024,0.0115107
1308,0.555608,0.000219539
1311,0.551845,0.00197585
1314,0.551247,0.0107915
1317,0.549688,0.00990196
1320,0.549885,0
1323,0.549945,0
1326,0.549389,0
1329,0.548654,0
1332,0.549237,0
1335,0.549256,0
1338,0.54957,0
1341,0.550403,0
1344,0.551455,1.13555e-05
1347,0.553507,0
1350,0.554147,0
1353,0.555702,0.000488285
1356,0.558072,0.00552254
1359,0.559518,0.0112646
1362,0.557637,0.0226352
1365,0.559139,0.0235096
1368,0.557591,0.0266323
1371,0.557671,0.0264393
1374,0.555786,0.0268216
1377,0.553613,0.025705
1380,0.552591,0.0216587
1383,0.551577,0.0211666
1386,0.545846,0.020103
1389,0.547485,0.0116431
1392,0.548041,0.0132972
1395,0.547859,0.00611302
1398,0.546917,0.00566638
1401,0.547303,0.00242628
1404,0.546542,7.57031e-06
1407,0.545812,0.00174874
1410,0.545384,0.00167682
1413,0.539002,0.000654832
1416,0.540524,9.08437e-05
1419,0.541883,0.0015557
1422,0.543567,0
1425,0.545134,0.000802453
1428,0.547364,0.00133994
1431,0.550929,0.0124115
1434,0.55434,0.00878913
1437,0.552088,0.00925092
1440,0.556724,0.00680192
1443,0.561675,0.0300958
1446,0.56342,0.0231273
1449,0.565604,0.0611378
1452,0.566744,0.091544
1455,0.568296,0.120137
1458,0.568788,0.17311
1461,0.565888,0.208986
1464,0.567433,0.231693
1467,0.566535,0.213755
1470,0.564851,0.250006
1473,0.564522,0.260585
1476,0.563655,0.250929
1479,0.556391,0.28925
1482,0.552852,0.33351
1485,0.548609,0.361497
1488,0.537776,0.372883
1491,0.531996,0.378035
1494,0.522938,0.383989
1497,0.516571,0.393225
1500,0.510299,0.389534
1503,0.505061,0.377297
1506,0.500844,0.408725
1509,0.495503,0.403744
1512,0.480862,0.451686
1515,0.476006,0.462712
1518,0.466479,0.493054
1521,0.461202,0.529683
1524,0.454885,0.5482
1527,0.451315,0.574791
1530,0.453772,0.582672
1533,0.452281,0.59659
1536,0.444888,0.569355
1539,0.446342,0.577266
1542,0.444956,0.591147
1545,0.445032,0.592604
1548,0.445604,0.592214
1551,0.442621,0.600091
1554,0.442216,0.611791
1557,0.44418,0.630501
1560,0.447019,0.642526
1563,0.452776,0.630792
1566,0.458023,0.630913
1569,0.46021,0.634161
1572,0.458935,0.633434
1575,0.461872,0.630629
1578,0.466437,0.629043
1581,0.473557,0.632806
1584,0.477213,0.61759
1587,0.474988,0.60578
1590,0.473534,0.603028
1593,0.471778,0.61723
1596,0.476301,0.636281
1599,0.483118,0.648995
1602,0.496624,0.637038
1605,0.504996,0.674007
1608,0.51145,0.674299
1611,0.499568,0.656281
1614,0.498395,0.652326
1617,0.487944,0.633457
1620,0.471097,0.625591
1623,0.464363,0.619535
1626,0.459779,0.577535
1629,0.455437,0.563208
1632,0.454169,0.563545
1635,0.453212,0.570502
1638,0.44837,0.501431
1641,0.440569,0.543878
1644,0.434411,0.515901
1647,0.429888,0.577437
1650,0.424622,0.564306
1653,0.421719,0.567951
1656,0.419429,0.528892
1659,0.418112,0.521
1662,0.41053,0.539252
1665,0.410205,0.581544
1668,0.412661,0.57682
1671,0.412658,0.556251
1674,0.41332,0.573371
1677,0.41349,0.582713
1680,0.416647,0.596094
1683,0.419444,0.573061
1686,0.418252,0.562981
1689,0.429191,0.535861
1692,0.440755,0.587392
1695,0.453215,0.586566
1698,0.464957,0.599201
1701,0.473235,0.553973
1704,0.47911,0.579325
1707,0.479575,0.582312
1710,0.46546,0.583451
1713,0.457761,0.575476
1716,0.456217,0.612919
1719,0.447201,0.592422
1722,0.440187,0.556387
1725,0.434929,0.538434
1728,0.431784,0.536428
1731,0.417154,0.535111
1734,0.409667,0.53343
1737,0.410841,0.536833
1740,0.406931,0.526167
1743,0.400382,0.508218
1746,0.39062,0.529922
1749,0.379042,0.514073
1752,0.374488,0.536705
1755,0.371963,0.551898
1758,0.365706,0.542235
1761,0.354101,0.505799
1764,0.348242,0.494629
1767,0.344506,0.515341
1770,0.347617,0.52974
1773,0.349056,0.514611
1776,0.342973,0.513487
1779,0.332022,0.4988
1782,0.327715,0.487221
1785,0.322295,0.472399
1788,0.313566,0.44183
1791,0.307241,0.425697
1794,0.291888,0.41293
1797,0.278273,0.411253
1800,0.276294,0.42868
1803,0.270688,0.459631
1806,0.265718,0.468958
1809,0.261149,0.447727
1812,0.24077,0.458363
1815,0.232919,0.439672
1818,0.224831,0.412835
1821,0.225395,0.420357
1824,0.224494,0.423286
1827,0.2267,0.429244
1830,0.232768,0.411091
1833,0.229191,0.461013
1836,0.22494,0.453503
1839,0.222503,0.45568
1842,0.216231,0.452814
1845,0.208172,0.41212
1848,0.197267,0.336353
1851,0.173406,0.312994
1854,0.151134,0.287055
1857,0.145115,0.251213
1860,0.144983,0.271933
1863,0.140403,0.227817
1866,0.134214,0.225769
1869,0.151277,0.228514
1872,0.171532,0.254695
1875,0.174965,0.28255
1878,0.186809,0.335266
1881,0.206885,0.34809
1884,0.226519,0.324236
1887,0.247424,0.330751
1890,0.273031,0.352148
1893,0.29517,0.346887
1896,0.311484,0.35032
1899,0.328109,0.379023
1902,0.356414,0.391975
1905,0.378084,0.355808
1908,0.39073,0.378167
1911,0.377414,0.444086
1914,0.35549,0.48523
1917,0.333699,0.404099
1920,0.318562,0.376994
1923,0.308986,0.347277
1926,0.294107,0.347772
1929,0.273394,0.310856
1932,0.251735,0.317518
1935,0.232904,0.287573
1938,0.219437,0.285825
1941,0.209622,0.229566
1944,0.200893,0.282819
1947,0.188183,0.302979
1950,0.176191,0.259586
1953,0.154574,0.226651
1956,0.125554,0.187467
1959,0.100291,0.144676
1962,0.0729929,0.131572
1965,0.0508725,0.0652031
1968,0.0326848,0.0356032
1971,0.014781,0.0126538
1974,0.00457625,0.00846361
1977,0.00285779,0.00246035
1980,0.0031871,0.0031871
1983,0.00302812,0.00126803
1986,0.00497369,0.00169953
1989,0.00501533,0.00146864
1992,0.00462167,0.000529922
1995,0.00438321,0.00149514
1998,0.00372081,0.00266853
2001,0.00797532,0.00452704
2004,0.0346909,0.0192967
2007,0.0691888,0.0430826
2010,0.10676,0.066244
2013,0.150131,0.0975775
2016,0.191018,0.123994
2019,0.234127,0.149506
2022,0.267542,0.184454
2025,0.298967,0.211643
2028,0.319883,0.220474
2031,0.333529,0.179727
2034,0.315201,0.198342
2037,0.293368,0.250369
2040,0.269878,0.204538
2043,0.245111,0.121988
2046,0.220141,0.140713
2049,0.196824,0.195125
2052,0.175196,0.191957
2055,0.156024,0.177702
2058,0.142356,0.102108
2061,0.134823,0.145142
2064,0.109754,0.187259
2067,0.0867444,0.12033
2070,0.062985,0.0625421
2073,0.0418752,0.0549756
2076,0.024119,0.0224876
2079,0.0127257,0.00568152
2082,0.0092812,0.00171846
2085,0.00906923,0.00199478
2088,0.00950831,0.00971271
2091,0.00923578,0.00168061
2094,0.00906545,0.00112798
2097,0.0107801,0.00339528
2100,0.0109618,0.00412203
2103,0.0162005,0.0258488
2106,0.0235512,0.0360385
2109,0.0305916,0.054105
2112,0.0415269,0.0840607
2115,0.0520875,0.112726
2118,0.0629888,0.144036
2121,0.0790832,0.172213
2124,0.105379,0.202339
2127,0.1308,0.227367
2130,0.146402,0.269094
2133,0.159317,0.277459
2136,0.171502,0.270646
2139,0.181002,0.285007
2142,0.188315,0.287036
2145,0.193777,0.280586
2148,0.196181,0.286646
2151,0.198891,0.280908
2154,0.20567,0.289659
2157,0.222703,0.309682
2160,0.228555,0.331057
2163,0.225092,0.318532
2166,0.221477,0.293262
2169,0.216568,0.32533
2172,0.205621,0.303622
2175,0.186559,0.26914
2178,0.166634,0.256247
2181,0.147129,0.207608
2184,0.126587,0.181351
2187,0.106537,0.175737
2190,0.0854385,0.144608
2193,0.0637571,0.0873689
2196,0.046213,0.0581097
2199,0.033139,0.0772437
2202,0.0245732,0.0411863
2205,0.0168591,0.0122033
2208,0.0109012,0.0278171
2211,0.00694954,0.0230327
2214,0.00514403,0.0179
2217,0.00473901,0.00460275
2220,0.00456868,0.00777849
2223,0.00445134,0.0119422
2226,0.00449298,0.00633256
2229,0.00483743,0.00738862
2232,0.00493584,0.00774821
2235,0.00514403,0.0136644
2238,0.00557932,0.00742647
2241,0.00615466,0.00654075
2244,0.00532571,0.0085923
2247,0.00631364,0.00869829
2250,0.00650668,0.0133578
2253,0.00847875,0.00621144
2256,0.00853931,0.0226844
2259,0.00998902,0.00794504
2262,0.0101026,0.0224914
2265,0.0109845,0.0118967
2268,0.0229418,0.0419547
2271,0.0410651,0.0489761
2274,0.0543208,0.0859722
2277,0.0600818,0.0691926
2280,0.0634619,0.113505
2283,0.0666982,0.10335
2286,0.069821,0.0879178
2289,0.0693554,0.0902229
2292,0.0698664,0.0995496
2295,0.0704077,0.123093
2298,0.0729286,0.110939
2301,0.0802415,0.147383
2304,0.0811689,0.141198
2307,0.0806427,0.109001
2310,0.0756009,0.150524
2313,0.0688671,0.0938037
2316,0.0620538,0.0986979
2319,0.0575949,0.0806503
2322,0.0524206,0.0560241
2325,0.0458723,0.0760097
2328,0.0383474,0.0766229
2331,0.0379159,0.105738
2334,0.0327908,0.0994701
2337,0.0301336,0.0597449
2340,0.0262538,0.048397
2343,0.0223173,0.0478519
2346,0.0192172,0.0647261
2349,0.0152655,0.0314433
2352,0.0141754,0.0525985
2355,0.0101442,0.0390249
2358,0.00875128,0.0360422
2361,0.0113138,0.0414512
2364,0.0118816,0.0185548
2367,0.0126878,0.0205685
2370,0.0127105,0.0321625
2373,0.013301,0.0466217
2376,0.0136417,0.0257126
2379,0.0143268,0.0311102
2382,0.0131648,0.0348764
2385,0.0241417,0.0350127
2388,0.0464325,0.0689163
2391,0.0513721,0.101711
2394,0.05451,0.0819827
2397,0.0568341,0.108255
2400,0.0592982,0.0671411
2403,0.0617851,0.129293
2406,0.0637042,0.137515
2409,0.0679019,0.101923
2412,0.0706386,0.119388
2415,0.060377,0.0759983
2418,0.050581,0.0860782
2421,0.0364548,0.0841781
2424,0.0209092,0.0813392
2427,0.00938718,0.02611
2430,0.00123396,0.00876642
2433,0.00666944,0.00304326
2436,0.0314925,0.0304856
2439,0.0392445,0.033968
2442,0.0444642,0.0766153
2445,0.0481131,0.054457
2448,0.0515273,0.101491
2451,0.0541466,0.10282
2454,0.0568984,0.0848594
2457,0.0597941,0.0754571
2460,0.0618002,0.0466066
2463,0.0602862,0.0413452
2466,0.0484046,0.0530679
2469,0.0360952,0.0643476
2472,0.0244142,0.0319278
2475,0.0142246,0.0312616
2478,0.0135925,0.0405996
2481,0.0126235,0.0274878
2484,0.014747,0.00865665
2487,0.0168402,0.0171089
2490,0.0179681,0.0333624
2493,0.0192248,0.0171278
2496,0.0201597,0.0118059
2499,0.0213218,0.0152277
2502,0.0221886,0.00528786
2505,0.0241039,0.0187138
2508,0.0256785,0.0475907
2511,0.0373292,0.0414437
2514,0.0529732,0.0655892
2517,0.0539687,0.114403
2520,0.0547106,0.120769
2523,0.0587342,0.0984102
2526,0.0613006,0.101196
2529,0.0646845,0.105
2532,0.0667588,0.100583
2535,0.0691813,0.134464
2538,0.0704796,0.153726
2541,0.0720845,0.159124
2544,0.0768689,0.151058
2547,0.0789205,0.181956
2550,0.0740603,0.194701
2553,0.0653583,0.19268
2556,0.0545403,0.173197
2559,0.0400886,0.112283
2562,0.0271661,0.0598054
2565,0.0144366,0.0419282
2568,0.00600326,0.0210417
2571,0.00493963,0.00521594
2574,0.00528786,0.000306598
2577,0.00532193,0
2580,0.00565124,0
2583,0.00559824,0
2586,0.00627579,0
2589,0.00564367,0
2592,0.0054317,0
2595,0.00591241,0
2598,0.00579507,0
2601,0.00581778,0
2604,0.00565124,0
2607,0.005814,0
2610,0.00579886,0
2613,0.00633256,0
2616,0.0063742,0
2619,0.00566259,0
2622,0.00570423,0
2625,0.00938718,0.00153677
2628,0.0266096,0.0182407
2631,0.037034,0.0410159
2634,0.0415724,0.0463606
2637,0.0475832,0.0657633
2640,0.0660509,0.0988228
2643,0.0887354,0.12809
2646,0.110224,0.160055
2649,0.131042,0.1857
2652,0.140354,0.229729
2655,0.147049,0.248681
2658,0.15434,0.264272
2661,0.161134,0.27473
2664,0.159166,0.262572
2667,0.151845,0.323994
2670,0.146107,0.350006
2673,0.140361,0.344048
2676,0.138752,0.340721
2679,0.135588,0.355577
2682,0.127817,0.3315
2685,0.126061,0.310515
2688,0.125811,0.29849
2691,0.111321,0.283565
2694,0.0980658,0.21293
2697,0.0798327,0.214808
2700,0.0635527,0.170006
2703,0.0511185,0.136209
2706,0.04172,0.0910632
2709,0.0383777,0.0761611
2712,0.0380559,0.0771415
2715,0.0391499,0.074136
2718,0.0388735,0.0714448
2721,0.0395057,0.0679625
2724,0.0404519,0.0660434
2727,0.0417768,0.0634165
2730,0.051444,0.0658125
2733,0.0630001,0.0540823
2736,0.0749726,0.0431659
2739,0.0789394,0.0495628
2742,0.0817177,0.0558992
2745,0.0844165,0.0505167
2748,0.0893296,0.0570877
2751,0.0922821,0.0557705
2754,0.0941103,0.0717817
2757,0.096828,0.0775465
2760,0.0990083,0.0868882
2763,0.100469,0.092002
2766,0.101673,0.0942806
2769,0.102669,0.105685
2772,0.104342,0.12301
2775,0.107843,0.122037
2778,0.109781,0.111227
2781,0.113203,0.103929
2784,0.113165,0.101533
2787,0.11223,0.100121
2790,0.113521,0.0918657
2793,0.115247,0.0647261
2796,0.115065,0.0137098
2799,0.114452,0.00242628
2802,0.115966,3.78515e-06
2805,0.116768,0.000745675
2808,0.118169,9.08437e-05
2811,0.115739,0.000510996
2814,0.116371,0.000378515
2817,0.116359,7.94882e-05
2820,0.117503,1.89258e-05
2823,0.119823,1.89258e-05
2826,0.120557,0
2829,0.120383,0
2832,0.121235,0
2835,0.122507,0.00023468
2838,0.122272,0.000336879
2841,0.121496,0.000287672
2844,0.120788,9.46289e-05
2847,0.120958,3.78515e-05
2850,0.121575,0.00241871
2853,0.122257,0.00279344
2856,0.121931,0.00098414
2859,0.121715,0.00595405
2862,0.119232,0.000143836
2865,0.120095,0.00189258
2868,0.12083,0.000757031
2871,0.121825,0.00460275
2874,0.123328,0.000738105
2877,0.123067,0.00200235
2880,0.123343,0.0125894
2883,0.125629,0.0131648
2886,0.126231,0.00781256
2889,0.12787,0.0288807
2892,0.130149,0.0358984
2895,0.127851,0.0293236
2898,0.127711,0.0285552
2901,0.126992,0.0276884
2904,0.126118,0.0234642
2907,0.126118,0.0233733
2910,0.127518,0.0220826
2913,0.125788,0.0231879
2916,0.125845,0.0232484
2919,0.124577,0.025334
2922,0.124467,0.0219198
2925,0.125845,0.0206404
2928,0.125289,0.0209243
2931,0.129263,0.0226542
2934,0.131814,0.0254665
2937,0.129225,0.022393
2940,0.130122,0.00617359
2943,0.133555,0.0123699
2946,0.140221,0.00748704
2949,0.149165,0.0268746
2952,0.156834,0.0380181
2955,0.160271,0.0534615
2958,0.168076,0.0588364
2961,0.170226,0.0699459
2964,0.178701,0.0800409
2967,0.18461,0.0909383
2970,0.192059,0.104217
2973,0.199534,0.112355
2976,0.206098,0.120334
2979,0.212048,0.127639
2982,0.217567,0.127287
2985,0.224656,0.13301
2988,0.227616,0.141879
2991,0.244517,0.147099
2994,0.261974,0.159238
2997,0.273466,0.1685
3000,0.286998,0.184958
3003,0.29302,0.223453
3006,0.300643,0.224891
3009,0.308501,0.250233
3012,0.318619,0.204345
3015,0.329997,0.169545
3018,0.337394,0.127957
3021,0.343965,0.0997199
3024,0.350695,0.0873235
3027,0.352856,0.0885196
3030,0.353102,0.0936107
3033,0.351618,0.125164
3036,0.345562,0.128953
3039,0.349162,0.117253
3042,0.35024,0.119592
3045,0.350994,0.113763
3048,0.349442,0.11639
3051,0.350804,0.122196
3054,0.35194,0.115311
3057,0.355354,0.0619592
3060,0.36677,0.0640637
3063,0.367743,0.0669707
3066,0.375075,0.065063
3069,0.384878,0.0788145
3072,0.389636,0.0684432
3075,0.391275,0.0645255
3078,0.394001,0.0715016
3081,0.394951,0.0653621
3084,0.399497,0.0854499
3087,0.392982,0.0964571
3090,0.39802,0.11374
3093,0.401348,0.106866
3096,0.404959,0.12717
3099,0.406314,0.132215
3102,0.407203,0.132125
3105,0.405136,0.114883
3108,0.39827,0.0709981
3111,0.389171,0.0703395
3114,0.387944,0.0506113
3117,0.382838,0.0186305
3120,0.380949,0.00738484
3123,0.377891,0.00179038
3126,0.37738,0.00240357
3129,0.379325,0.000208184
3132,0.380601,0.00247928
3135,0.384216,0.0219728
3138,0.380351,0.0288467
3141,0.3828,0.0279534
3144,0.386071,0.0365911
3147,0.388569,0.0392483
3150,0.38967,0.0328476
3153,0.392203,0.00397063
3156,0.394421,0.00256255
3159,0.395579,0
3162,0.39372,0.00134373
3165,0.39422,0.00013248
3168,0.392869,0.00012491
3171,0.393016,0
3174,0.394406,0
3177,0.3945,0.00118854
3180,0.397369,3.40664e-05
3183,0.397911,0.00394035
3186,0.400969,0.0147432
3189,0.404803,0.0111284
3192,0.410106,0.00211969
3195,0.41625,0.00235437
3198,0.418244,0.00491692
3201,0.421886,0.000545062
3204,0.425202,0.000560203
3207,0.427446,0
3210,0.429702,0
3213,0.425872,0.00340285
3216,0.427533,0
3219,0.428071,0
3222,0.427495,0
3225,0.429165,0
3228,0.430376,0.00037473
3231,0.432144,0.00251713
3234,0.433052,1.13555e-05
3237,0.429778,0.00484878
3240,0.432231,0.000329308
3243,0.432677,0
3246,0.431803,0
3249,0.431027,0.00462924
3252,0.431739,0
3255,0.431095,0.00289564
3258,0.430864,0
3261,0.428271,0.00261933
3264,0.429645,0.00313032
3267,0.431175,0.00657103
3270,0.433184,0.000476929
3273,0.43446,0.000393656
3276,0.435917,0.00392521
3279,0.436133,0.000291457
3282,0.435811,0.00495477
3285,0.436462,0
3288,0.429812,0.00571558
3291,0.429524,0.0040274
3294,0.431678,0.00395927
3297,0.431409,0.00524244
3300,0.431674,0.0011734
3303,0.430997,0.00468602
3306,0.430917,0
3309,0.429835,0
3312,0.420561,0.000480715
3315,0.423555,0.000389871
3318,0.42357,0.00375866
3321,0.421912,0.000480715
3324,0.421326,0.000643476
3327,0.422953,8.32734e-05
3330,0.423812,0.00366024
3333,0.42234,0.000386086
3336,0.419308,0.000151406
3339,0.421549,0.00953102
3342,0.423616,0.00107498
3345,0.423604,0.000889511
3348,0.422049,0.0131193
3351,0.421023,0.00482607
3354,0.420304,0.00881563
3357,0.421871,0.00352019
3360,0.423922,0.00439835
3363,0.421893,0.0126008
3366,0.423763,0.00572694
3369,0.425255,0.000885726
3372,0.426519,0.00456868
3375,0.42812,0.000533707
3378,0.428892,0.003876
3381,0.429335,0.00121125
3384,0.429812,4.54219e-05
3387,0.425913,0.000810023
3390,0.427526,0
3393,0.427132,0
3396,0.42737,0.000707824
3399,0.427999,0
3402,0.429638,0.000847875
3405,0.431538,0.00101064
3408,0.432908,0.000397441
3411,0.428332,0.000378515
3414,0.429524,0
3417,0.430921,0
3420,0.432072,0
3423,0.432685,0
3426,0.432393,0
3429,0.432772,0
3432,0.433143,0
3435,0.434222,0
3438,0.43625,0
3441,0.436716,0
3444,0.436795,0
3447,0.437023,0
3450,0.437155,0
3453,0.437738,0
3456,0.437923,0
3459,0.437715,0
3462,0.436909,0
3465,0.439082,0.00171468
3468,0.439343,0
3471,0.435951,0
3474,0.433408,0
3477,0.432912,0
3480,0.43248,0
3483,0.432893,0
3486,0.429248,0.000386086
3489,0.430701,1.13555e-05
3492,0.430633,0
3495,0.431432,0
3498,0.431776,0
3501,0.432503,0
3504,0.432166,0
3507,0.431704,0
3510,0.431508,0
3513,0.430898,0
3516,0.431553,0
3519,0.431197,0
3522,0.431455,0
3525,0.43164,0
3528,0.431754,0
3531,0.431905,0
3534,0.431682,0
3537,0.427639,0
3540,0.428294,0
3543,0.428589,0
3546,0.431209,0
3549,0.432855,0
3552,0.434471,0
3555,0.434759,0
3558,0.437151,0
3561,0.435058,0
3564,0.434948,3.40664e-05
3567,0.434203,0
3570,0.432685,0.000204398
3573,0.434093,0
3576,0.434543,0
3579,0.435705,0
3582,0.436848,0
3585,0.437553,0
3588,0.437961,6.05625e-05
3591,0.438215,0
3594,0.437295,0.000321738
3597,0.432704,0.000722965
3600,0.43066,0.00160869
3603,0.429914,0
3606,0.431099,0
3609,0.431769,0
3612,0.433056,0.00197964
3615,0.43401,0.000810023
3618,0.436042,0.00223703
3621,0.4377,0.000987925
3624,0.43954,0.00175253
3627,0.437125,0.00857338
3630,0.437193,0.0110943
3633,0.437575,0.0163443
3636,0.436515,0.00953102
3639,0.435562,0.0108218
3642,0.434562,0.0114009
3645,0.430936,0.00608274
3648,0.431693,0.00748704
3651,0.432469,0.00730535
3654,0.433745,0.00135509
3657,0.434426,0.000700254
3660,0.434653,0
3663,0.435009,5.29922e-05
3666,0.434782,1.51406e-05
3669,0.434165,0
3672,0.429907,0.000352019
3675,0.427654,3.78515e-05
3678,0.42985,0.000283887
3681,0.432859,9.46289e-05
3684,0.435228,0
3687,0.437087,0
3690,0.437291,0
3693,0.436708,0
3696,0.433907,0
3699,0.432268,0
3702,0.431689,1.89258e-05
3705,0.432866,0.000704039
3708,0.433544,1.51406e-05
3711,0.434222,6.05625e-05
3714,0.435471,0
3717,0.435713,0
3720,0.433919,0
3723,0.435122,0
3726,0.434952,0
3729,0.435024,0
3732,0.435247,0
3735,0.434558,0
3738,0.435175,1.13555e-05
3741,0.434558,0
3744,0.433911,0
3747,0.431315,0
3750,0.431235,0
3753,0.43186,0
3756,0.430883,0
3759,0.430913,0
3762,0.430489,0
3765,0.429138,0
3768,0.426212,0.0014535
3771,0.421265,0.00102956
3774,0.423585,0
3777,0.424895,5.29922e-05
3780,0.42974,0.00012491
3783,0.43502,7.57031e-06
3786,0.439301,0
3789,0.442314,0
3792,0.444317,0.000268746
3795,0.439649,0.000336879
3798,0.442155,0
3801,0.444975,0.000211969
3804,0.446705,0
3807,0.447882,0
3810,0.447988,0
3813,0.449994,7.94882e-05
3816,0.451179,0.00012491
3819,0.452561,0
3822,0.462338,0
3825,0.46398,0.00144214
3828,0.465922,0.00303569
3831,0.467005,0.00342935
3834,0.468065,0.00336879
3837,0.468587,0.00179038
3840,0.468791,0.000299027
3843,0.468769,0.00105606
3846,0.465044,0.00150271
3849,0.466297,0.00118475
3852,0.466691,0.000677543
3855,0.467732,0
3858,0.467769,0
3861,0.467535,0.000594269
3864,0.46618,0
3867,0.46498,0
3870,0.462603,0.00164276
3873,0.464537,0.000995496
3876,0.46448,0
3879,0.463992,0.00532193
3882,0.464109,0.000749461
3885,0.466301,0.0065786
3888,0.466206,0.00013248
3891,0.465782,0.000272531
3894,0.463488,3.40664e-05
3897,0.460275,0.00240736
3900,0.456633,0.000760816
3903,0.460967,0.00202127
3906,0.463011,0.000469359
3909,0.46526,0.00215375
3912,0.466918,0.00115826
3915,0.467281,0
3918,0.46635,0
3921,0.462792,7.57031e-05
3924,0.462955,0
3927,0.463628,0.00197964
3930,0.460169,0.00325902
3933,0.46222,0.00131345
3936,0.463821,0.000295242
3939,0.46434,0.00115069
3942,0.461815,0.000791097
3945,0.462239,0.000314168
3948,0.463882,1.51406e-05
3951,0.464015,0
3954,0.463916,0
3957,0.462875,0
3960,0.462463,0
3963,0.461868,0.000261176
3966,0.464393,1.51406e-05
3969,0.465339,0.000458004
3972,0.461918,0
3975,0.461501,0
3978,0.460547,0
3981,0.458219,0.000545062
3984,0.45359,0.00336879
3987,0.457546,0.00123396
3990,0.461297,0.00643476
3993,0.462958,0.000246035
3996,0.459643,0
3999,0.460793,0
4002,0.460248,0
4005,0.461558,0
4008,0.46166,0
4011,0.461297,3.78515e-06
4014,0.461153,0
4017,0.461838,4.54219e-05
4020,0.45881,0
4023,0.461407,3.02812e-05
4026,0.463091,0.000783527
4029,0.46456,0.00167304
4032,0.463806,0.000548847
4035,0.46395,0.0016314
4038,0.463106,0.00346342
4041,0.463197,0.00192664
4044,0.463591,0.0034672
4047,0.460994,3.02812e-05
4050,0.460907,0
4053,0.460869,0
4056,0.460975,0
4059,0.461267,0
4062,0.461929,0
4065,0.460169,0
4068,0.457871,0
4071,0.461736,0.000181687
4074,0.463125,0.00156327
4077,0.463299,0
4080,0.464359,0
4083,0.463848,0
4086,0.463144,0
4089,0.462152,0.000227109
4092,0.462629,0
4095,0.456225,0.000900867
4098,0.457232,0
4101,0.457515,0
4104,0.458098,0
4107,0.459949,0
4110,0.461645,0
4113,0.461789,0
4116,0.460502,0
4119,0.459434,0.000541277
4122,0.458038,0
4125,0.461853,0
4128,0.461482,0
4131,0.462164,0
4134,0.462201,4.16367e-05
4137,0.463606,0
4140,0.462917,0
4143,0.466884,0
4146,0.465309,1.13555e-05
4149,0.47185,0
4152,0.476494,0.00372459
4155,0.480987,0.00542791
4158,0.481915,0.0141489
4161,0.482009,0.0169234
4164,0.483247,0.0321852
4167,0.485681,0.0400167
4170,0.493232,0.0375525
4173,0.50098,0.0646504
4176,0.507116,0.0827965
4179,0.513657,0.0983118
4182,0.514047,0.0963663
4185,0.513085,0.104648
4188,0.507336,0.116685
4191,0.506442,0.112237
4194,0.50472,0.13351
4197,0.497195,0.14887
4200,0.497528,0.155797
4203,0.504326,0.159499
4206,0.506859,0.155517
4209,0.506261,0.232541
4212,0.502865,0.277921
4215,0.500428,0.352095
4218,0.495068,0.439112
4221,0.482467,0.498967
4224,0.471449,0.505636
4227,0.460873,0.526511
4230,0.453639,0.526432
4233,0.445335,0.519478
4236,0.437537,0.511707
4239,0.431614,0.505477
4242,0.41974,0.501427
4245,0.3964,0.53552
4248,0.398471,0.543401
4251,0.39397,0.553912
4254,0.401677,0.561929
4257,0.406041,0.562871
4260,0.411272,0.618858
4263,0.412627,0.640558
4266,0.418388,0.622953
4269,0.422052,0.625205
4272,0.420167,0.614796
4275,0.426136,0.610481
4278,0.425357,0.620432
4281,0.425455,0.6284
4284,0.422946,0.668477
4287,0.425232,0.659552
4290,0.427563,0.631197
4293,0.428279,0.646266
4296,0.422567,0.65507
4299,0.43351,0.672054
4302,0.44457,0.691559
4305,0.457462,0.711056
4308,0.460199,0.696427
4311,0.470616,0.716821
4314,0.48584,0.709096
4317,0.498062,0.724925
4320,0.49394,0.678281
4323,0.496325,0.661161
4326,0.489152,0.66381
4329,0.479643,0.675957
4332,0.470487,0.672145
4335,0.460619,0.672145
4338,0.457576,0.668273
4341,0.456796,0.676903
4344,0.462012,0.663992
4347,0.462463,0.648586
4350,0.469776,0.652485
4353,0.478175,0.651792
4356,0.479447,0.634025
4359,0.474511,0.650528
4362,0.469136,0.634661
4365,0.469518,0.624566
4368,0.466774,0.597551
4371,0.463178,0.566308
4374,0.464931,0.557209
4377,0.462678,0.571751
4380,0.459927,0.565192
4383,0.453632,0.54873
4386,0.444812,0.490329
4389,0.431686,0.539165
4392,0.423975,0.540202
4395,0.41907,0.514342
4398,0.41296,0.539759
4401,0.406408,0.556524
4404,0.397824,0.546516
4407,0.393558,0.519369
4410,0.385049,0.504853
4413,0.374806,0.49305
4416,0.370495,0.497933
4419,0.367845,0.507222
4422,0.360593,0.426928
4425,0.363553,0.492187
4428,0.369541,0.549782
4431,0.379874,0.524418
4434,0.392536,0.538711
4437,0.40684,0.567357
4440,0.419138,0.555093
4443,0.428162,0.582005
4446,0.435732,0.583239
4449,0.462803,0.574147
4452,0.477808,0.576127
4455,0.486635,0.577842
4458,0.498834,0.579095
4461,0.50539,0.601215
4464,0.498959,0.615742
4467,0.499773,0.564915
4470,0.489897,0.540183
4473,0.48523,0.569711
4476,0.477501,0.567546
4479,0.468068,0.519085
4482,0.459741,0.526375
4485,0.446368,0.51332
4488,0.43259,0.506329
4491,0.428222,0.517287
4494,0.424316,0.503649
4497,0.419316,0.477017
4500,0.419293,0.456554
4503,0.424766,0.467149
4506,0.424024,0.505591
4509,0.418907,0.52365
4512,0.415822,0.561672
4515,0.409122,0.540804
4518,0.39911,0.530539
4521,0.392566,0.509031
4524,0.404603,0.498827
4527,0.420811,0.523339
4530,0.429827,0.527068
4533,0.43404,0.554786
4536,0.425062,0.543393
4539,0.407298,0.550172
4542,0.395976,0.548764
4545,0.37769,0.508062
4548,0.370975,0.498236
4551,0.362005,0.51921
4554,0.354097,0.525444
4557,0.356838,0.534691
4560,0.362652,0.571592
4563,0.372236,0.577755
4566,0.385798,0.602127
4569,0.39911,0.617415
4572,0.401855,0.630978
4575,0.40036,0.642269
4578,0.395995,0.624929
4581,0.386623,0.631633
4584,0.383008,0.629339
4587,0.386059,0.619554
4590,0.387823,0.606018
4593,0.387517,0.589163
4596,0.374639,0.602195
4599,0.372304,0.561986
4602,0.364654,0.576116
4605,0.357247,0.579507
4608,0.349438,0.585196
4611,0.337465,0.574163
4614,0.321216,0.567966
4617,0.304803,0.537791
4620,0.284731,0.533453
4623,0.275336,0.511287
4626,0.265858,0.462815
4629,0.25973,0.453314
4632,0.275026,0.462497
4635,0.284451,0.484299
4638,0.28397,0.49743
4641,0.284034,0.517601
4644,0.286854,0.530171
4647,0.29486,0.527522
4650,0.306227,0.5162
4653,0.311333,0.54513
4656,0.31047,0.477792
4659,0.300185,0.504758
4662,0.285465,0.456501
4665,0.281229,0.436012
4668,0.278939,0.360419
4671,0.263034,0.355801
4674,0.251455,0.416571
4677,0.237946,0.425701
4680,0.223812,0.406995
4683,0.214577,0.363099
4686,0.209989,0.349718
4689,0.215667,0.304228
4692,0.224157,0.345392
4695,0.216182,0.313748
4698,0.211443,0.324176
4701,0.210928,0.363273
4704,0.215201,0.399489
4707,0.217779,0.369
4710,0.216753,0.403672
4713,0.224077,0.380647
4716,0.237435,0.365328
4719,0.254166,0.359734
4722,0.265248,0.332128
4725,0.273633,0.360642
4728,0.278409,0.422295
4731,0.279344,0.440316
4734,0.277444,0.43957
4737,0.27434,0.429074
4740,0.273826,0.438658
4743,0.263575,0.366293
4746,0.252916,0.381634
4749,0.245607,0.352451
4752,0.234059,0.328162
4755,0.215019,0.284757
4758,0.196423,0.28866
4761,0.172384,0.284776
4764,0.158704,0.266301
4767,0.142303,0.284129
4770,0.124475,0.276097
4773,0.112779,0.245569
4776,0.0942655,0.209387
4779,0.0758469,0.211106
4782,0.061187,0.159033
4785,0.0466672,0.169613
4788,0.028805,0.0903744
4791,0.0126613,0.0647299
4794,0.00890647,0.0271623
4797,0.00437185,0.00343692
4800,0.00122639,0.00167682
4803,0.000916007,0.00128695
4806,0.00073432,0
4809,0.000662402,0
4812,0.00097657,0
4815,0.00114312,0
4818,0.00126803,0
4821,0.00191907,0.000185473
4824,0.00162005,0
4827,0.00186987,0
4830,0.00169953,5.67773e-05
4833,0.00167304,9.8414e-05
4836,0.00327416,0.00296756
4839,0.00382679,9.8414e-05
4842,0.00394792,0
4845,0.00418638,0.00705174
4848,0.00431508,0
4851,0.00337636,0.00141565
4854,0.00403876,9.08437e-05
4857,0.00405769,0.00127938
4860,0.00396306,0.0101329
4863,0.00402362,0
4866,0.0035694,0.0102918
4869,0.00350884,0
4872,0.0041296,0
4875,0.00360725,0.0109921
4878,0.00370188,0.000185473
4881,0.00285022,0.00198721
4884,0.00369431,0.000571558
4887,0.00377001,0
4890,0.00340664,0.00822893
4893,0.00340285,0
4896,0.00274424,0.000121125
4899,0.00271017,0
4902,0.00279344,0
4905,0.00261176,0.00210833
4908,0.0024225,0.000223324
4911,0.00177524,0.00267989
4914,0.00134752,0.00104092
4917,0.0081078,0.00527272
4920,0.0288315,0.0330141
4923,0.035959,0.0534615
4926,0.0438927,0.0594913
4929,0.0670389,0.0868125
4932,0.0884515,0.11131
4935,0.0947462,0.185847
4938,0.0988039,0.15314
4941,0.103376,0.128801
4944,0.108509,0.0917976
4947,0.112593,0.121579
4950,0.108093,0.133253
4953,0.0984367,0.124872
4956,0.0907756,0.115595
4959,0.0859646,0.116159
4962,0.0790454,0.140671
4965,0.0658768,0.104713
4968,0.0631515,0.0885045
4971,0.0671524,0.135637
4974,0.0703017,0.125648
4977,0.0731178,0.121519
4980,0.0709111,0.162728
4983,0.0733298,0.150502
4986,0.0767932,0.102475
4989,0.0780499,0.118782
4992,0.0815663,0.0980847
4995,0.0848329,0.12251
4998,0.0904273,0.169318
5001,0.088671,0.167928
5004,0.0842575,0.157803
5007,0.0801847,0.193925
5010,0.0742761,0.244301
5013,0.0559787,0.198459
5016,0.0372043,0.154949
5019,0.0222643,0.113449
5022,0.0152088,0.0940535
5025,0.0125894,0.0397252
5028,0.00879291,0.0293425
5031,0.00712745,0.0325978
5034,0.0079299,0.0422499
5037,0.0083879,0.034532
5040,0.00902002,0.0585488
5043,0.00985276,0.0591165
5046,0.0118702,0.0453045
5049,0.0185132,0.0655778
5052,0.0312843,0.0850184
5055,0.0424543,0.103838
5058,0.0579961,0.0686286
5061,0.0773648,0.0730383
5064,0.094837,0.0709224
5067,0.117067,0.104069
5070,0.151062,0.107434
5073,0.174938,0.12273
5076,0.197532,0.13558
5079,0.2105,0.148507
5082,0.210451,0.15764
5085,0.209558,0.169677
5088,0.207177,0.171335
5091,0.201268,0.186256
5094,0.192524,0.184689
5097,0.182853,0.168042
5100,0.168557,0.160351
5103,0.161172,0.196056
5106,0.150585,0.166297
5109,0.126367,0.170794
5112,0.0965517,0.142912
5115,0.0690942,0.10123
5118,0.0462584,0.0641508
5121,0.0257807,0.0480904
5124,0.0108066,0.00510239
5127,0.00105227,0.000810023
5130,0.00104092,8.32734e-05
5133,0.00113933,0
5136,0.00202884,0
5139,0.00172982,0
5142,0.00165411,0
5145,0.00161626,0
5148,0.00159355,0
5151,0.00152163,0
5154,0.00138915,0
5157,0.00139294,0
5160,0.00258148,0
5163,0.00233166,0
5166,0.00197207,0
5169,0.0018358,0
5172,0.00169953,0
5175,0.00154813,0
5178,0.00146864,0
5181,0.00146485,0
5184,0.001427,0
5187,0.00123018,0
5190,0.00103335,0
5193,0.000957644,0
5196,0.000143836,0
5199,4.9207e-05,0
5202,1.89258e-05,0
5205,0,0
5208,0,0
5211,8.70586e-05,0
5214,0.00011734,0
5217,0.000140051,0
5220,0.00169575,0
5223,0.00141565,0
5226,0.00112419,0
5229,0.00106363,0
5232,0.000965214,0
5235,0.000934933,0
5238,0.000938718,0
5241,0.000987925,0
5244,0.000965214,0
5247,0.00112419,0
5250,0.00100685,0
5253,0.000916007,0
5256,0.000836519,0
5259,0.0113971,0.00947803
5262,0.0294144,0.0154851
5265,0.0404595,0.0499678
5268,0.04401,0.0583936
5271,0.0471971,0.0698475
5274,0.0490367,0.0751467
5277,0.0506454,0.080321
5280,0.0524471,0.086275
5283,0.0538741,0.0976532
5286,0.055233,0.12027
5289,0.0595859,0.112567
5292,0.0775692,0.134839
5295,0.0941784,0.163167
5298,0.10366,0.173451
5301,0.110008,0.174761
5304,0.114993,0.163337
5307,0.117181,0.15015
5310,0.120141,0.131008
5313,0.123086,0.0614406
5316,0.123286,0.0797835
5319,0.123714,0.0974488
5322,0.123248,0.0883342
5325,0.123426,0.0795942
5328,0.124831,0.0724971
5331,0.135372,0.0947613
5334,0.146819,0.100931
5337,0.150956,0.0972671
5340,0.152496,0.104273
5343,0.154097,0.111185
5346,0.154885,0.108679
5349,0.155434,0.138616
5352,0.160351,0.153215
5355,0.173398,0.161971
5358,0.187138,0.149215
5361,0.195007,0.145528
5364,0.20003,0.159609
5367,0.202676,0.147348
5370,0.205943,0.149574
5373,0.208225,0.156138
5376,0.210262,0.168284
5379,0.211318,0.179836
5382,0.211496,0.188429
5385,0.211386,0.182267
5388,0.220962,0.180283
5391,0.229683,0.153144
5394,0.237617,0.141292
5397,0.240062,0.102926
5400,0.239509,0.104868
5403,0.240198,0.0654907
5406,0.240702,0.0963133
5409,0.242734,0.0970892
5412,0.243968,0.101226
5415,0.247201,0.0940914
5418,0.256887,0.108778
5421,0.268477,0.105311
5424,0.280904,0.118975
5427,0.286305,0.120046
5430,0.289068,0.125868
5433,0.301329,0.133283
5436,0.31645,0.137742
5439,0.330815,0.17562
5442,0.342326,0.149245
5445,0.350191,0.150244
5448,0.358166,0.141542
5451,0.361195,0.143809
5454,0.359363,0.147417
5457,0.358288,0.142984
5460,0.355445,0.140679
5463,0.351667,0.139347
5466,0.346478,0.117722
5469,0.341436,0.108782
5472,0.330342,0.0713767
5475,0.325247,0.0751845
5478,0.3236,0.0621485
5481,0.328502,0.0663689
5484,0.334384,0.0675309
5487,0.341989,0.0711571
5490,0.350471,0.080109
5493,0.359866,0.0883039
5496,0.368439,0.0943601
5499,0.372751,0.0954919
5502,0.379045,0.0787464
5505,0.382978,0.0716227
5508,0.384307,0.077713
5511,0.385105,0.0887505
5514,0.384719,0.0940384
5517,0.382857,0.097199
5520,0.382585,0.0975169
5523,0.390272,0.10173
5526,0.396124,0.0620425
5529,0.403164,0.0404482
5532,0.409671,0.0354215
5535,0.413937,0.0458534
5538,0.419353,0.0592944
5541,0.424009,0.0684659
5544,0.425633,0.073697
5547,0.424494,0.0741171
5550,0.426326,0.0765964
5553,0.430353,0.076585
5556,0.435645,0.0819145
5559,0.441864,0.092971
5562,0.447254,0.101964
5565,0.456263,0.105288
5568,0.467417,0.0946932
5571,0.473954,0.098062
5574,0.485927,0.0952572
5577,0.496067,0.106488
5580,0.500776,0.109149
5583,0.502983,0.101022
5586,0.504156,0.0758507
5589,0.506673,0.0541353
5592,0.506681,0.0606003
5595,0.501877,0.0532458
5598,0.500477,0.0489307
5601,0.497907,0.045384
5604,0.496707,0.0413263
5607,0.497119,0.0371891
5610,0.501745,0.0387259
5613,0.506526,0.047727
5616,0.509149,0.0390477
5619,0.513577,0.0229305
5622,0.514614,0.0141716
5625,0.517098,0.0153677
5628,0.519187,0.0378175
5631,0.521579,0.0370453
5634,0.523846,0.037227
5637,0.524551,0.0399258
5640,0.52298,0.0367122
5643,0.523642,0.0298762
5646,0.526178,0.0131572
5649,0.528317,0.00412203
5652,0.528025,0.00085166
5655,0.526742,2.27109e-05
5658,0.526844,0
5661,0.526806,0
5664,0.528809,7.57031e-06
5667,0.529157,9.8414e-05
5670,0.525266,0
5673,0.527594,0.000136266
5676,0.529585,4.16367e-05
5679,0.529293,0.00548847
5682,0.530823,0.00684356
5685,0.533113,0.00947803
5688,0.5351,0.00771793
5691,0.535546,0.00304326
5694,0.534763,0.00218025
5697,0.531228,0.00221432
5700,0.533559,0.00105984
5703,0.535959,0
5706,0.537212,0
5709,0.538934,0.000775957
5712,0.541027,0.00205534
5715,0.544862,0
5718,0.546981,0
5721,0.55518,0.000412582
5724,0.555744,0
5727,0.555403,0
5730,0.555119,0
5733,0.554877,6.05625e-05
5736,0.555434,1.13555e-05
Time(milisec),200522
