framenum,queue density,dynamic density
3,0.0638133,0.026432
6,0.0738293,0.043664
9,0.0862133,0.0135307
12,0.090448,0.006128
15,0.094208,0.0117013
18,0.097728,0.029712
21,0.100811,0.0178827
24,0.102757,0.010656
27,0.107829,0.0168693
30,0.112144,0.0392107
33,0.114187,0.0201067
36,0.116016,0.0120053
39,0.117979,0.03352
42,0.11936,0.048768
45,0.121173,0.0766453
48,0.12144,0.074096
51,0.12216,0.0245173
54,0.124971,0.00446933
57,0.128501,0.006832
60,0.131211,0.00856
63,0.130288,0.011744
66,0.129744,0.019792
69,0.1316,0.011088
72,0.132619,0.0112587
75,0.134475,0.00860267
78,0.134677,0.0198133
81,0.139541,0.02712
84,0.143056,0.0418827
87,0.154341,0.0227627
90,0.167787,0.0189013
93,0.174299,0.0262987
96,0.170885,0.0411307
99,0.175019,0.0362613
102,0.176544,0.03192
105,0.177264,0.0225067
108,0.180656,0.0179253
111,0.189067,0.0209653
114,0.197899,0.034384
117,0.205989,0.026528
120,0.208443,0.0195253
123,0.210896,0.013712
126,0.212635,0.015984
129,0.215301,0.04472
132,0.219253,0.077552
135,0.220587,0.0833013
138,0.222373,0.057776
141,0.223733,0.06336
144,0.223712,0.0711947
147,0.2224,0.063968
150,0.222976,0.0623413
153,0.222555,0.0531893
156,0.220565,0.0525973
159,0.216933,0.0431413
162,0.214987,0.0136907
165,0.212272,0.00773333
168,0.210453,0.00203733
171,0.207227,0.000714667
174,0.204779,0.00194133
177,0.203179,0.00943467
180,0.201861,9.06667e-05
183,0.201088,6.93333e-05
186,0.199755,0.00229867
189,0.198848,0
192,0.198267,0
195,0.196896,6.4e-05
198,0.19744,0
201,0.197392,0.00488
204,0.197925,0
207,0.197376,5.33333e-05
210,0.197749,0.000101333
213,0.198021,0
216,0.197888,0.00461333
219,0.197691,0
222,0.19752,0
225,0.197776,0
228,0.198315,0
231,0.19824,0
234,0.199445,0
237,0.198773,0.000266667
240,0.195504,0.000517333
243,0.196363,0.00298133
246,0.197184,0.00169067
249,0.197163,0.00256
252,0.196267,0
255,0.196107,0.000842667
258,0.196827,0.00796267
261,0.197221,0.00330667
264,0.196731,0
267,0.197115,0
270,0.196229,0
273,0.196059,0.000245333
276,0.196469,0.00569067
279,0.197755,0.00566933
282,0.200213,0.003456
285,0.204763,0.011584
288,0.205371,0.00947733
291,0.202587,0.006592
294,0.199429,0.006272
297,0.196107,0.00274667
300,0.194192,0.00575467
303,0.193051,0.00314133
306,0.193947,0
309,0.195653,0
312,0.197109,0
315,0.198464,0
318,0.198507,0
321,0.197707,0
324,0.197611,0
327,0.197712,0
330,0.197819,0
333,0.197776,0
336,0.197749,0
339,0.197867,5.33333e-05
342,0.199856,0.000373333
345,0.199851,0.00829867
348,0.202208,0.0159413
351,0.200821,0.019968
354,0.199088,0.0188
357,0.199125,0.027152
360,0.199317,0.0229653
363,0.199264,0.0232907
366,0.199323,0.021632
369,0.19968,0.0206933
372,0.200512,0.02376
375,0.200208,0.023856
378,0.199936,0.0181067
381,0.199232,0.017744
384,0.200608,0.0174507
387,0.204848,0.0151307
390,0.206997,0.0125707
393,0.207776,0.00183467
396,0.210069,0.000208
399,0.211589,0.00024
402,0.212443,0.00176533
405,0.214405,0.007312
408,0.217557,0.00684267
411,0.22576,0.00909333
414,0.235797,0.0195413
417,0.243136,0.044784
420,0.249771,0.0485707
423,0.258635,0.084848
426,0.269515,0.0866027
429,0.278219,0.125984
432,0.286117,0.113691
435,0.29448,0.136869
438,0.299547,0.133445
441,0.302885,0.152341
444,0.306741,0.170085
447,0.309291,0.178469
450,0.317627,0.188571
453,0.323221,0.210955
456,0.3264,0.194517
459,0.328795,0.165877
462,0.330139,0.126144
465,0.333349,0.027568
468,0.333557,0.00684267
471,0.332763,0.00162133
474,0.333109,0
477,0.335877,0
480,0.338171,0
483,0.338827,0
486,0.339477,0
489,0.340363,0
492,0.341147,0
495,0.338347,0
498,0.339957,0
501,0.346059,0.00229867
504,0.357291,0.00317867
507,0.366805,0.008688
510,0.377349,0.00935467
513,0.381984,0.0285013
516,0.384709,0.014992
519,0.388176,0.0182987
522,0.394171,0.0210507
525,0.398192,0.0319467
528,0.401077,0.0395627
531,0.402789,0.0197227
534,0.405627,0.031904
537,0.408224,0.0340267
540,0.409093,0.042096
543,0.411904,0.0428267
546,0.412805,0.0430507
549,0.415067,0.0426187
552,0.415131,0.057552
555,0.412971,0.0436533
558,0.412043,0.0142507
561,0.408939,0
564,0.407211,2.66667e-05
567,0.406507,0
570,0.401264,0.00183467
573,0.406123,0.00269333
576,0.412672,0.00445333
579,0.418197,0.015776
582,0.424837,0.019072
585,0.429637,0.0248427
588,0.432981,0.0311787
591,0.437701,0.035952
594,0.439173,0.0415253
597,0.440357,0.0461333
600,0.444624,0.0503307
603,0.448037,0.0537653
606,0.452448,0.0516427
609,0.457589,0.0507947
612,0.463381,0.0347733
615,0.469093,0.0157653
618,0.473227,0.0153067
621,0.480683,0.00621333
624,0.485797,0.00290667
627,0.490923,0.001488
630,0.495627,0.000250667
633,0.498123,0
636,0.500219,5.33333e-05
639,0.501616,0
642,0.501093,0.00102933
645,0.500917,0
648,0.504885,0
651,0.509072,0
654,0.512581,8e-05
657,0.516603,0
660,0.519653,0
663,0.524021,0
666,0.527344,0
669,0.531024,0
672,0.529536,0
675,0.530896,0
678,0.533307,0
681,0.535371,0
684,0.5368,0
687,0.537627,0
690,0.538832,0
693,0.540299,0
696,0.537461,0
699,0.539813,0
702,0.539387,0
705,0.540859,5.86667e-05
708,0.541749,0
711,0.542635,0
714,0.543819,0.000224
717,0.543909,0
720,0.536704,0
723,0.53856,0
726,0.538379,0
729,0.537344,0
732,0.537093,0
735,0.535595,0
738,0.533488,0
741,0.532859,0.000453333
744,0.532651,0
747,0.528496,0
750,0.528411,0
753,0.528128,0
756,0.52808,0
759,0.528341,0
762,0.528085,0
765,0.527248,0
768,0.525371,0
771,0.516928,0
774,0.518059,0
777,0.518544,0
780,0.519733,0
783,0.520235,0.000522667
786,0.520229,0
789,0.522235,0
792,0.525077,0.006128
795,0.52904,0.0120693
798,0.533989,0.0172533
801,0.538805,0.019216
804,0.542261,0.013568
807,0.543563,2.66667e-05
810,0.545376,0
813,0.54888,0
816,0.552704,0
819,0.555152,0
822,0.561301,7.46667e-05
825,0.563061,0
828,0.565429,0
831,0.566283,0.000426667
834,0.565099,0
837,0.564005,0
840,0.563845,3.2e-05
843,0.564485,0
846,0.562672,0
849,0.563803,0
852,0.564101,0.000522667
855,0.564544,0
858,0.564368,0
861,0.564843,2.13333e-05
864,0.565477,0
867,0.56528,0
870,0.563296,2.13333e-05
873,0.565184,0
876,0.565323,0
879,0.566576,0
882,0.565365,0
885,0.565307,0
888,0.565195,0
891,0.564933,0
894,0.566235,0
897,0.567595,0
900,0.568683,0
903,0.568032,0
906,0.564144,0
909,0.565589,0
912,0.565829,0
915,0.563808,0.000362667
918,0.559915,0.000208
921,0.557893,0.000970667
924,0.556821,0
927,0.556192,0
930,0.553925,0
933,0.554544,0
936,0.556357,0
939,0.558933,0
942,0.562507,9.6e-05
945,0.563125,9.6e-05
948,0.56296,0
951,0.56264,0
954,0.562197,0
957,0.561141,0
960,0.561707,0
963,0.562288,0
966,0.563099,0
969,0.56392,0
972,0.565211,0
975,0.566085,4.26667e-05
978,0.567552,8e-05
981,0.565728,6.93333e-05
984,0.566352,0.000965333
987,0.566256,0
990,0.565696,0
993,0.565936,0
996,0.566283,0.000138667
999,0.564101,0.00016
1002,0.561728,0
1005,0.558608,6.93333e-05
1008,0.558992,0
1011,0.560651,0.00383467
1014,0.561349,0
1017,0.558981,0
1020,0.5588,0.000554667
1023,0.558821,0
1026,0.558341,0
1029,0.558341,0
1032,0.558181,0
1035,0.558859,7.46667e-05
1038,0.558187,0
1041,0.558309,0
1044,0.560128,0
1047,0.561531,0
1050,0.560864,0
1053,0.560341,0
1056,0.560331,0
1059,0.559979,3.2e-05
1062,0.554992,0
1065,0.554981,0
1068,0.554603,0
1071,0.555029,0
1074,0.556069,0
1077,0.557131,0
1080,0.556613,0
1083,0.55728,0
1086,0.554869,0
1089,0.556144,0
1092,0.557147,0.00108267
1095,0.558843,0
1098,0.560165,0
1101,0.559445,0.000368
1104,0.560091,0.000112
1107,0.559504,0
1110,0.559467,0
1113,0.557301,0
1116,0.557915,0
1119,0.556667,0
1122,0.557536,0
1125,0.557456,0.001488
1128,0.560133,0.005472
1131,0.560699,0.0121067
1134,0.560395,0.016128
1137,0.559941,0.0165227
1140,0.559712,0.018112
1143,0.559019,0.016
1146,0.559509,0.01752
1149,0.560475,0.00947733
1152,0.561072,0.00642133
1155,0.559429,0.007344
1158,0.560171,0
1161,0.558395,0.000128
1164,0.560523,0.000277333
1167,0.559787,0
1170,0.557861,4.8e-05
1173,0.557829,0
1176,0.556917,0
1179,0.555403,0
1182,0.554288,0
1185,0.555125,0
1188,0.553381,0
1191,0.552635,0
1194,0.553296,0
1197,0.553915,0
1200,0.553909,0
1203,0.553419,0
1206,0.553552,0
1209,0.554005,0
1212,0.552,0
1215,0.552075,0
1218,0.552619,0
1221,0.553451,0
1224,0.553653,0
1227,0.553429,0
1230,0.555637,0
1233,0.555557,0
1236,0.553701,0.00631467
1239,0.554603,0.000746667
1242,0.556683,0.000144
1245,0.557109,0.00100267
1248,0.555829,0.000176
1251,0.55648,4.8e-05
1254,0.554432,0.000528
1257,0.555035,0
1260,0.554512,0
1263,0.552555,0
1266,0.553045,0.004096
1269,0.553296,0
1272,0.554192,0.00358933
1275,0.554027,0
1278,0.554443,0
1281,0.55472,0.00510933
1284,0.55416,1.6e-05
1287,0.55304,0.00669867
1290,0.554901,0
1293,0.555765,0
1296,0.556267,0
1299,0.558085,0.000464
1302,0.558064,0.0102987
1305,0.557691,0.0130133
1308,0.557259,5.86667e-05
1311,0.553248,0.00193067
1314,0.552912,0.00836267
1317,0.551387,0.007456
1320,0.551547,0
1323,0.551317,0
1326,0.550928,0
1329,0.550176,0
1332,0.550656,0
1335,0.550933,0
1338,0.551061,0
1341,0.552032,0
1344,0.552875,0
1347,0.554987,0
1350,0.555595,0
1353,0.557232,0
1356,0.559376,0.000165333
1359,0.560704,0.00216
1362,0.559445,0.0106453
1365,0.560715,0.00601067
1368,0.558955,0.0176747
1371,0.559221,0.0184053
1374,0.556923,0.0186773
1377,0.555285,0.0158133
1380,0.554315,0.00485333
1383,0.552949,0.01176
1386,0.547099,0.00466667
1389,0.548939,0.004048
1392,0.549504,8e-05
1395,0.549333,0.00162133
1398,0.548309,8e-05
1401,0.548779,0.000117333
1404,0.5476,0
1407,0.546981,0
1410,0.546528,0.000538667
1413,0.540629,0
1416,0.542091,0
1419,0.543147,0.000197333
1422,0.545088,0
1425,0.54688,0
1428,0.548496,0.000592
1431,0.552107,0.00703467
1434,0.555397,0.00346667
1437,0.5548,0.00502933
1440,0.559131,0.00373867
1443,0.564032,0.00456
1446,0.566432,0.00195733
1449,0.569195,0.0187947
1452,0.569893,0.036112
1455,0.571803,0.0590613
1458,0.571947,0.0707893
1461,0.56952,0.0949333
1464,0.571707,0.141568
1467,0.57088,0.135333
1470,0.569675,0.158656
1473,0.568507,0.179637
1476,0.567883,0.184464
1479,0.560661,0.178645
1482,0.557637,0.186139
1485,0.553851,0.267259
1488,0.543387,0.241856
1491,0.536875,0.265957
1494,0.527941,0.310213
1497,0.521472,0.318987
1500,0.514235,0.316752
1503,0.50944,0.314128
1506,0.503189,0.34728
1509,0.497141,0.336752
1512,0.482101,0.357227
1515,0.476309,0.37728
1518,0.466811,0.418587
1521,0.460373,0.434816
1524,0.454955,0.456421
1527,0.451157,0.457157
1530,0.453152,0.485195
1533,0.451147,0.554565
1536,0.443509,0.551909
1539,0.443573,0.584277
1542,0.442635,0.607323
1545,0.443392,0.596251
1548,0.443296,0.583947
1551,0.4408,0.615387
1554,0.439632,0.620139
1557,0.442667,0.616592
1560,0.445712,0.609184
1563,0.452645,0.604405
1566,0.458107,0.619099
1569,0.460181,0.596432
1572,0.458304,0.569365
1575,0.460187,0.54144
1578,0.464464,0.550709
1581,0.471968,0.548352
1584,0.474693,0.517323
1587,0.472155,0.458731
1590,0.471557,0.436133
1593,0.470277,0.396229
1596,0.474736,0.368843
1599,0.482592,0.353328
1602,0.497195,0.331723
1605,0.504219,0.316544
1608,0.509456,0.262373
1611,0.499056,0.282192
1614,0.497808,0.272725
1617,0.487899,0.238101
1620,0.46896,0.209563
1623,0.461243,0.232427
1626,0.456288,0.265947
1629,0.44992,0.28256
1632,0.447696,0.320805
1635,0.445856,0.306891
1638,0.441984,0.291861
1641,0.432992,0.294197
1644,0.427803,0.322112
1647,0.421152,0.314885
1650,0.418011,0.284933
1653,0.415371,0.301381
1656,0.413403,0.314811
1659,0.412027,0.336405
1662,0.404368,0.341333
1665,0.404459,0.347435
1668,0.408101,0.319387
1671,0.410288,0.306309
1674,0.411627,0.346805
1677,0.41344,0.341568
1680,0.418331,0.324016
1683,0.422971,0.278533
1686,0.423035,0.280277
1689,0.434021,0.30488
1692,0.446757,0.328469
1695,0.459408,0.327824
1698,0.470581,0.271339
1701,0.478971,0.316629
1704,0.484501,0.256832
1707,0.484736,0.260619
1710,0.469307,0.312
1713,0.460576,0.246112
1716,0.457296,0.255691
1719,0.447765,0.273179
1722,0.440389,0.288565
1725,0.436075,0.255893
1728,0.431269,0.239205
1731,0.416517,0.264933
1734,0.408491,0.289573
1737,0.408869,0.322715
1740,0.404651,0.358176
1743,0.398133,0.352224
1746,0.38744,0.309829
1749,0.374928,0.335531
1752,0.370885,0.323813
1755,0.367979,0.310107
1758,0.360859,0.299035
1761,0.349995,0.292933
1764,0.343451,0.311253
1767,0.339563,0.317477
1770,0.342283,0.339787
1773,0.343936,0.324011
1776,0.338005,0.307488
1779,0.327733,0.27152
1782,0.324453,0.240933
1785,0.319216,0.179643
1788,0.310256,0.173371
1791,0.304203,0.201429
1794,0.288955,0.186149
1797,0.276651,0.188101
1800,0.275141,0.205963
1803,0.26968,0.180816
1806,0.264645,0.181819
1809,0.260149,0.162357
1812,0.238805,0.196741
1815,0.2316,0.187317
1818,0.224571,0.178416
1821,0.223413,0.174112
1824,0.221648,0.153184
1827,0.224379,0.166032
1830,0.229952,0.162075
1833,0.226368,0.178475
1836,0.222709,0.14952
1839,0.219403,0.138843
1842,0.212757,0.15496
1845,0.205584,0.159499
1848,0.194421,0.133813
1851,0.170432,0.134208
1854,0.148149,0.0965867
1857,0.1412,0.113333
1860,0.139765,0.116304
1863,0.13648,0.0871413
1866,0.130709,0.069232
1869,0.14904,0.0639093
1872,0.167925,0.0948853
1875,0.171323,0.072592
1878,0.186565,0.0797653
1881,0.209339,0.103851
1884,0.230736,0.0943093
1887,0.253627,0.0957707
1890,0.280992,0.1088
1893,0.303883,0.123792
1896,0.319621,0.14808
1899,0.334181,0.165632
1902,0.360923,0.150165
1905,0.380821,0.164981
1908,0.391456,0.185611
1911,0.376245,0.168384
1914,0.354304,0.184245
1917,0.332235,0.167355
1920,0.316507,0.208539
1923,0.306576,0.175269
1926,0.291803,0.189029
1929,0.271024,0.177515
1932,0.249077,0.157781
1935,0.231424,0.128629
1938,0.218363,0.110469
1941,0.210091,0.0943307
1944,0.201952,0.109253
1947,0.189547,0.0642027
1950,0.177557,0.0828533
1953,0.153824,0.0888267
1956,0.124901,0.0926667
1959,0.099376,0.044752
1962,0.0716853,0.0286347
1965,0.049904,0.0285813
1968,0.0309013,0.014
1971,0.0134347,0.0132267
1974,0.00362667,0.007184
1977,0.002704,0.00331733
1980,0.003104,0.00194133
1983,0.00294933,0.000378667
1986,0.00494933,0.000794667
1989,0.00518933,0.00108267
1992,0.00472,0.000112
1995,0.00474667,0.000234667
1998,0.00378133,0.002288
2001,0.00898667,0.00386667
2004,0.03728,0.0130133
2007,0.072912,0.0148747
2010,0.11104,0.038288
2013,0.154837,0.033264
2016,0.196715,0.0582667
2019,0.240283,0.06832
2022,0.271456,0.0703467
2025,0.300304,0.123525
2028,0.321787,0.115264
2031,0.332933,0.074112
2034,0.313365,0.0873227
2037,0.292251,0.118624
2040,0.267765,0.113755
2043,0.243509,0.0733227
2046,0.218704,0.066704
2049,0.195872,0.09296
2052,0.174688,0.0876747
2055,0.15648,0.0911787
2058,0.143413,0.0400427
2061,0.135771,0.0292213
2064,0.109328,0.0337707
2067,0.0861653,0.041568
2070,0.0623147,0.0227413
2073,0.040896,0.0210827
2076,0.02304,0.00808
2079,0.0115253,0.00381333
2082,0.00898667,0.00137067
2085,0.00866667,0.00166933
2088,0.00929067,0.00491733
2091,0.00903467,0.000362667
2094,0.008992,0.000250667
2097,0.0105493,0.00368533
2100,0.012528,0.00447467
2103,0.0188587,0.0249387
2106,0.0269653,0.0230827
2109,0.0355573,0.0243147
2112,0.0478613,0.02712
2115,0.059248,0.056608
2118,0.0700267,0.0711413
2121,0.087536,0.0931413
2124,0.113451,0.130027
2127,0.137712,0.172613
2130,0.152757,0.170555
2133,0.165211,0.178181
2136,0.176224,0.194107
2139,0.184176,0.172272
2142,0.190112,0.18376
2145,0.194571,0.182331
2148,0.197195,0.199285
2151,0.200011,0.186416
2154,0.206043,0.192661
2157,0.221808,0.198683
2160,0.226485,0.178768
2163,0.22296,0.167152
2166,0.220453,0.155627
2169,0.215312,0.154107
2172,0.204672,0.1496
2175,0.186005,0.106619
2178,0.166272,0.111531
2181,0.147051,0.120384
2184,0.126757,0.0937227
2187,0.106875,0.0916907
2190,0.0857227,0.0417813
2193,0.0635307,0.0141013
2196,0.0466187,0.0300427
2199,0.0334827,0.035328
2202,0.025312,0.00897067
2205,0.0177013,0.0119467
2208,0.0112907,0.0192053
2211,0.00761067,0.011136
2214,0.006256,0.00838933
2217,0.006064,0.0048
2220,0.00584533,0.002032
2223,0.005632,0.00952533
2226,0.00562133,0.00682667
2229,0.005952,0.00493333
2232,0.00599467,0.00653333
2235,0.00605867,0.00575467
2238,0.00682667,0.00666133
2241,0.00710933,0.00501867
2244,0.00637333,0.00466133
2247,0.007616,0.00317867
2250,0.00792533,0.004112
2253,0.00997867,0.00427733
2256,0.009936,0.01304
2259,0.0114133,0.00259733
2262,0.011568,0.0230613
2265,0.0124853,0.00565333
2268,0.0249547,0.028096
2271,0.0432693,0.0448533
2274,0.055712,0.0513173
2277,0.0599893,0.035184
2280,0.063152,0.0869973
2283,0.0656053,0.0556907
2286,0.068704,0.063616
2289,0.068064,0.0687627
2292,0.069728,0.0676267
2295,0.0708107,0.060816
2298,0.073776,0.080768
2301,0.0809973,0.0665547
2304,0.08248,0.070288
2307,0.082512,0.0560427
2310,0.076672,0.069424
2313,0.0696853,0.0398027
2316,0.0629547,0.0191947
2319,0.0589867,0.0181867
2322,0.0537013,0.00338667
2325,0.0465813,0.00813867
2328,0.0399307,0.0123307
2331,0.0399147,0.0365813
2334,0.034448,0.034368
2337,0.0320267,0.0292
2340,0.028224,0.024288
2343,0.0240427,0.00818133
2346,0.0214187,0.0181707
2349,0.0173013,0.0183573
2352,0.0157867,0.011584
2355,0.0107413,0.0243893
2358,0.00906667,0.0237173
2361,0.01144,0.013232
2364,0.0115947,0.00261867
2367,0.012544,0.0176373
2370,0.0127253,0.003648
2373,0.0132587,0.005872
2376,0.0133547,0.0123467
2379,0.0143467,0.011328
2382,0.0132533,0.00408533
2385,0.0233173,0.0132907
2388,0.0454133,0.0217333
2391,0.0510933,0.0272053
2394,0.053728,0.04696
2397,0.055456,0.029328
2400,0.058096,0.0315893
2403,0.0607787,0.066704
2406,0.063792,0.0217493
2409,0.06808,0.0543573
2412,0.07088,0.067696
2415,0.061104,0.0233813
2418,0.050848,0.0197013
2421,0.0359947,0.0644
2424,0.020288,0.0405867
2427,0.00886933,0.0264373
2430,0.00186133,0.008912
2433,0.00740267,0.00447467
2436,0.0316267,0.0152267
2439,0.0394027,0.0145387
2442,0.0445813,0.0159787
2445,0.048576,0.020592
2448,0.0522347,0.048176
2451,0.0550613,0.0247307
2454,0.0582293,0.0129333
2457,0.0614133,0.0310507
2460,0.0644853,0.018816
2463,0.0624053,0.0113973
2466,0.0498987,0.0210773
2469,0.0373707,0.013488
2472,0.0256,0.0185867
2475,0.0153547,0.0107253
2478,0.014544,0.0110347
2481,0.0141173,0.0149867
2484,0.016224,1.06667e-05
2487,0.0181387,0.000186667
2490,0.0193493,0.00521067
2493,0.0206027,0.00244267
2496,0.021584,0.00312
2499,0.0231467,0.003088
2502,0.0239253,0.00376533
2505,0.0259573,0.00380267
2508,0.0274667,0.00366933
2511,0.0377547,0.0116747
2514,0.0524907,0.0222027
2517,0.0538187,0.0426827
2520,0.054672,0.0552107
2523,0.058128,0.0487947
2526,0.0609813,0.0521333
2529,0.0648107,0.0400107
2532,0.0677813,0.0396267
2535,0.070336,0.0332213
2538,0.0713387,0.0683093
2541,0.073328,0.054784
2544,0.078624,0.0451093
2547,0.081344,0.068608
2550,0.0758613,0.0604907
2553,0.067008,0.061088
2556,0.0560427,0.051968
2559,0.041136,0.027664
2562,0.0277013,0.0308053
2565,0.0150507,0.0357173
2568,0.00742933,0.0149067
2571,0.00626667,0.000656
2574,0.00682133,0
2577,0.00674133,0
2580,0.00709333,0
2583,0.007104,0
2586,0.007664,0
2589,0.00710933,0
2592,0.00704533,0
2595,0.00765867,0
2598,0.00758933,0
2601,0.00752,0
2604,0.00728533,0
2607,0.00758933,0
2610,0.007536,0
2613,0.008096,0
2616,0.00807467,0
2619,0.00738667,0
2622,0.00744,0
2625,0.0108747,0.00198933
2628,0.026832,0.0171093
2631,0.0368587,0.0227573
2634,0.041456,0.0257493
2637,0.047328,0.020896
2640,0.066,0.0394187
2643,0.0872427,0.0533867
2646,0.107968,0.0661547
2649,0.127941,0.094272
2652,0.137488,0.106096
2655,0.144821,0.119296
2658,0.152976,0.121979
2661,0.160363,0.110053
2664,0.158672,0.102341
2667,0.151963,0.137099
2670,0.146059,0.110672
2673,0.140928,0.103627
2676,0.138747,0.076304
2679,0.135936,0.109941
2682,0.127904,0.116251
2685,0.126805,0.108816
2688,0.126048,0.0661813
2691,0.11136,0.078336
2694,0.0979947,0.125163
2697,0.0795627,0.07976
2700,0.0630453,0.0842987
2703,0.05064,0.0492853
2706,0.0418453,0.0228533
2709,0.039296,0.0142453
2712,0.0387147,0.0124587
2715,0.0400107,0.02984
2718,0.0399627,0.0739787
2721,0.0404427,0.06984
2724,0.0412107,0.0651253
2727,0.0425067,0.0475467
2730,0.0510027,0.0235627
2733,0.0615893,0.0194347
2736,0.072816,0.0367733
2739,0.0770933,0.0416053
2742,0.07992,0.0410827
2745,0.0827573,0.038336
2748,0.0873973,0.0280587
2751,0.0902987,0.01768
2754,0.0922773,0.044256
2757,0.094896,0.04768
2760,0.097376,0.0368907
2763,0.0990613,0.0485867
2766,0.100181,0.0557493
2769,0.102128,0.0703787
2772,0.10416,0.074944
2775,0.108341,0.0818667
2778,0.110187,0.0720693
2781,0.112661,0.0617653
2784,0.112837,0.107872
2787,0.112203,0.0913493
2790,0.113163,0.0618507
2793,0.114971,0.00629333
2796,0.114773,0.000608
2799,0.114725,5.33333e-06
2802,0.11584,0
2805,0.116325,0
2808,0.118059,0
2811,0.115669,0
2814,0.116405,6.4e-05
2817,0.116053,0
2820,0.117317,0
2823,0.119936,0
2826,0.120267,0
2829,0.120576,0
2832,0.121904,0
2835,0.123451,0.000154667
2838,0.123024,8e-05
2841,0.122053,0
2844,0.121056,3.2e-05
2847,0.12128,0.000522667
2850,0.122309,0.00322133
2853,0.124752,0.00392
2856,0.124459,0.00747733
2859,0.122245,0.010656
2862,0.119349,0.00226667
2865,0.120507,0.00157333
2868,0.120789,5.33333e-06
2871,0.121851,0.000362667
2874,0.123269,5.86667e-05
2877,0.122725,0.000901333
2880,0.123083,0.0102453
2883,0.125381,0.00132267
2886,0.12616,0.004096
2889,0.127899,0.0134613
2892,0.130107,0.00909867
2895,0.127787,0.0179467
2898,0.127856,0.0147253
2901,0.127499,0.0129707
2904,0.126699,0.00962133
2907,0.126976,0.0212213
2910,0.128325,0.0235413
2913,0.126176,0.0229227
2916,0.126405,0.023936
2919,0.125467,0.0259467
2922,0.125413,0.0236
2925,0.126629,0.023168
2928,0.125851,0.0231253
2931,0.129931,0.0231093
2934,0.132384,0.00495467
2937,0.129648,0.0100693
2940,0.130587,0.00251733
2943,0.134645,0.0141707
2946,0.141957,0.00761067
2949,0.151781,0.0235147
2952,0.160661,0.031296
2955,0.164379,0.0484693
2958,0.172645,0.0569067
2961,0.174213,0.0734613
2964,0.183227,0.0771573
2967,0.189547,0.0771787
2970,0.197365,0.085824
2973,0.204848,0.0867787
2976,0.211141,0.103397
2979,0.21768,0.108256
2982,0.222843,0.119451
2985,0.230144,0.131589
2988,0.233595,0.140896
2991,0.249781,0.160293
2994,0.266624,0.161824
2997,0.277536,0.161296
3000,0.290171,0.177275
3003,0.296032,0.204763
3006,0.303269,0.1892
3009,0.310501,0.187019
3012,0.319749,0.0966827
3015,0.330789,0.0520587
3018,0.337072,0.0563253
3021,0.343109,0.0478613
3024,0.349787,0.074304
3027,0.352235,0.0804267
3030,0.353131,0.095568
3033,0.352603,0.0875733
3036,0.346139,0.07424
3039,0.349755,0.081936
3042,0.351488,0.103067
3045,0.351829,0.116949
3048,0.350411,0.120032
3051,0.352176,0.121957
3054,0.353371,0.0821067
3057,0.356747,0.0547947
3060,0.367563,0.0571253
3063,0.368027,0.0308587
3066,0.375632,0.0188587
3069,0.385541,0.0223627
3072,0.389584,0.036048
3075,0.391461,0.0323733
3078,0.394075,0.051088
3081,0.395557,0.0319947
3084,0.399264,0.0338667
3087,0.393328,0.030144
3090,0.397643,0.026096
3093,0.400891,0.0482933
3096,0.404853,0.0816267
3099,0.405168,0.118523
3102,0.406416,0.119925
3105,0.40472,0.0876533
3108,0.39784,0.0633973
3111,0.388821,0.0485333
3114,0.387616,0.0138507
3117,0.382715,0.000181333
3120,0.380795,5.33333e-06
3123,0.377184,0.000128
3126,0.376901,0.00166933
3129,0.379083,0.001968
3132,0.379952,0
3135,0.384272,0.002912
3138,0.380016,0.02504
3141,0.382213,0.02816
3144,0.384832,0.0267093
3147,0.387589,0.00731733
3150,0.388859,0
3153,0.391291,3.73333e-05
3156,0.393413,0.00119467
3159,0.394757,0
3162,0.393019,0.000709333
3165,0.393381,0
3168,0.391707,0
3171,0.391819,0
3174,0.393147,0
3177,0.392987,0.000474667
3180,0.395472,0
3183,0.395381,0.00147733
3186,0.397867,0.003264
3189,0.401259,0.00221867
3192,0.406837,0.00210133
3195,0.412651,0.000645333
3198,0.414693,0.00317867
3201,0.417973,0
3204,0.421493,0
3207,0.423733,0
3210,0.425957,0
3213,0.422309,0.00217067
3216,0.424187,0
3219,0.424256,0
3222,0.424229,3.2e-05
3225,0.425515,0
3228,0.426331,4.8e-05
3231,0.428016,0.00197333
3234,0.428827,0
3237,0.426507,0.00389867
3240,0.428507,0
3243,0.42864,0
3246,0.427637,0
3249,0.427381,0.00184
3252,0.427429,5.33333e-06
3255,0.426821,0.00313067
3258,0.42656,0
3261,0.424763,0.00242667
3264,0.425973,0.002048
3267,0.427248,0.0144427
3270,0.42936,0.000394667
3273,0.430816,0.000282667
3276,0.431861,0.003856
3279,0.431877,0
3282,0.431701,0.000144
3285,0.432971,0
3288,0.426133,0.004432
3291,0.4252,0.00439467
3294,0.427515,0.00432
3297,0.426837,0.00589333
3300,0.427013,0
3303,0.426112,0.00425067
3306,0.425909,0
3309,0.425051,0
3312,0.416427,4.26667e-05
3315,0.419301,0.000773333
3318,0.419365,0.00269333
3321,0.417205,0.000261333
3324,0.416763,6.93333e-05
3327,0.418523,0
3330,0.419301,0.000186667
3333,0.41736,0.000464
3336,0.4148,0
3339,0.417291,0.00140267
3342,0.418949,0
3345,0.418805,2.66667e-05
3348,0.41744,0.00137067
3351,0.416459,0.00125867
3354,0.415109,0.003952
3357,0.417099,0.001056
3360,0.418939,0
3363,0.417077,0.00852267
3366,0.418533,0.001552
3369,0.419877,0.000106667
3372,0.421051,0.000501333
3375,0.422981,0
3378,0.423787,0.00349333
3381,0.424005,0
3384,0.425301,0
3387,0.42216,0
3390,0.423525,2.13333e-05
3393,0.423237,4.8e-05
3396,0.423285,0
3399,0.424096,0
3402,0.425419,0
3405,0.427307,1.6e-05
3408,0.428544,2.66667e-05
3411,0.424693,0
3414,0.425723,0
3417,0.427264,0
3420,0.428597,0
3423,0.429163,0
3426,0.428747,0
3429,0.429205,0
3432,0.4292,0
3435,0.430139,0
3438,0.431995,0
3441,0.432597,0
3444,0.432715,0
3447,0.432491,0
3450,0.433019,0
3453,0.433787,0
3456,0.434011,0
3459,0.433755,0
3462,0.433728,0
3465,0.435371,0
3468,0.435872,0
3471,0.432597,0
3474,0.42992,0
3477,0.429285,0
3480,0.428779,0
3483,0.428933,0
3486,0.425547,0.000224
3489,0.427141,0
3492,0.426827,0
3495,0.427664,0
3498,0.42776,0
3501,0.427749,0
3504,0.427141,0
3507,0.42696,0
3510,0.426848,0
3513,0.427131,0
3516,0.427792,0
3519,0.427371,0
3522,0.427541,0
3525,0.427787,0
3528,0.427899,0
3531,0.427963,0
3534,0.427637,0
3537,0.423328,0
3540,0.423851,0
3543,0.424347,0
3546,0.427195,0
3549,0.428923,0
3552,0.430235,0
3555,0.430672,0
3558,0.432928,0
3561,0.431147,0
3564,0.431237,0
3567,0.430496,0
3570,0.428768,0
3573,0.430277,0
3576,0.430187,0
3579,0.43144,0
3582,0.432784,0
3585,0.433888,0
3588,0.433893,0
3591,0.434144,0
3594,0.432981,0
3597,0.428939,0
3600,0.42672,0.000965333
3603,0.425669,0
3606,0.426944,0
3609,0.427477,0
3612,0.428965,0.001504
3615,0.429979,0
3618,0.431717,0.000208
3621,0.433696,0
3624,0.435157,8e-05
3627,0.433077,0.00235733
3630,0.432821,0.00279467
3633,0.433195,0.004688
3636,0.432112,8.53333e-05
3639,0.430976,0.00143467
3642,0.430085,0.002096
3645,0.426613,0.000298667
3648,0.427931,0.00217067
3651,0.428581,0
3654,0.429685,0
3657,0.430347,0
3660,0.43048,0
3663,0.43048,0
3666,0.430645,0
3669,0.429835,0
3672,0.425579,0.000101333
3675,0.422992,8.53333e-05
3678,0.425339,2.66667e-05
3681,0.427755,4.8e-05
3684,0.430256,0
3687,0.432587,0
3690,0.432955,0
3693,0.4324,0
3696,0.429872,0
3699,0.428587,0
3702,0.427653,0
3705,0.429072,0.000106667
3708,0.429808,5.33333e-06
3711,0.430176,5.33333e-06
3714,0.431312,0
3717,0.431803,0
3720,0.430256,0
3723,0.431232,0
3726,0.431477,0
3729,0.432053,0
3732,0.431733,0
3735,0.430779,0
3738,0.431264,0
3741,0.430688,0
3744,0.42992,0
3747,0.427973,0
3750,0.428192,0
3753,0.427984,0
3756,0.427237,0
3759,0.427403,0
3762,0.426864,1.06667e-05
3765,0.424981,0
3768,0.421973,0.000634667
3771,0.416912,0.000325333
3774,0.419019,0
3777,0.420176,3.73333e-05
3780,0.424731,0
3783,0.430304,0
3786,0.434768,0
3789,0.438123,0
3792,0.439792,0
3795,0.436027,0
3798,0.438181,0
3801,0.440699,0
3804,0.442347,0
3807,0.443269,0
3810,0.443131,0
3813,0.444832,6.93333e-05
3816,0.446117,8.53333e-05
3819,0.447541,0
3822,0.457744,0
3825,0.459477,0
3828,0.461659,0
3831,0.463317,0.00131733
3834,0.464635,6.4e-05
3837,0.46528,0
3840,0.465387,0
3843,0.465584,0
3846,0.462939,0
3849,0.463472,0
3852,0.463867,0
3855,0.464677,0
3858,0.464619,0
3861,0.464368,0
3864,0.462315,1.06667e-05
3867,0.461568,0
3870,0.459008,0.000352
3873,0.461339,3.2e-05
3876,0.461259,0
3879,0.460704,0.002304
3882,0.460827,0.000122667
3885,0.462944,0.004576
3888,0.462832,0
3891,0.462395,0
3894,0.459232,0
3897,0.457312,0.001136
3900,0.45288,0.000330667
3903,0.457509,0.00315733
3906,0.459531,0.000170667
3909,0.462123,0.000506667
3912,0.463435,0.000336
3915,0.463712,0
3918,0.462085,0
3921,0.459717,0
3924,0.459568,0
3927,0.460261,6.93333e-05
3930,0.456261,0.000586667
3933,0.459056,0.000442667
3936,0.460704,0
3939,0.461061,9.06667e-05
3942,0.458395,0.000608
3945,0.459973,0
3948,0.461211,0
3951,0.461493,0
3954,0.461307,0
3957,0.46024,0
3960,0.459408,0
3963,0.458688,0
3966,0.461152,5.33333e-06
3969,0.462336,5.33333e-06
3972,0.459211,0
3975,0.458869,0
3978,0.457627,0
3981,0.455296,0.000677333
3984,0.450885,0.00294933
3987,0.455125,0.000826667
3990,0.458635,0.006608
3993,0.460528,0
3996,0.457451,0
3999,0.459067,0
4002,0.458331,0
4005,0.459349,0
4008,0.459253,0
4011,0.458795,0
4014,0.459115,0
4017,0.459712,0
4020,0.457648,0
4023,0.460133,2.13333e-05
4026,0.461403,0.000186667
4029,0.462672,0.000570667
4032,0.461728,0.000784
4035,0.462107,0.00104
4038,0.461307,0.00354667
4041,0.461488,0.001856
4044,0.461749,0.0028
4047,0.458891,0
4050,0.458128,0
4053,0.458352,0
4056,0.45856,0
4059,0.458613,0
4062,0.45904,0
4065,0.457227,0
4068,0.454805,0
4071,0.459456,1.06667e-05
4074,0.460325,0.000128
4077,0.461099,0
4080,0.461707,0
4083,0.461456,0
4086,0.460363,0
4089,0.459264,8e-05
4092,0.459595,0
4095,0.453701,0.000154667
4098,0.454949,0
4101,0.454949,0
4104,0.455717,0
4107,0.458128,0
4110,0.45912,0
4113,0.459232,0
4116,0.457477,0
4119,0.456837,0
4122,0.455707,0
4125,0.459493,0
4128,0.459205,0
4131,0.459915,0
4134,0.460021,0
4137,0.46184,0
4140,0.460805,0
4143,0.464416,0
4146,0.463157,0
4149,0.469387,0
4152,0.474101,0.00124267
4155,0.478549,0.0048
4158,0.479088,0.013728
4161,0.479008,0.0159947
4164,0.480565,0.0294347
4167,0.482704,0.03656
4170,0.490389,0.016896
4173,0.498485,0.016976
4176,0.504683,0.0656907
4179,0.51104,0.0767467
4182,0.51248,0.075168
4185,0.510768,0.0827307
4188,0.506123,0.101968
4191,0.504613,0.107477
4194,0.50288,0.096944
4197,0.495205,0.111563
4200,0.496971,0.140928
4203,0.503733,0.146304
4206,0.506379,0.125088
4209,0.505808,0.137739
4212,0.501984,0.197931
4215,0.500848,0.229264
4218,0.495904,0.258864
4221,0.483051,0.298075
4224,0.471733,0.399264
4227,0.461808,0.472837
4230,0.453893,0.43568
4233,0.445509,0.437915
4236,0.438352,0.384011
4239,0.433707,0.403248
4242,0.421856,0.36408
4245,0.399339,0.354592
4248,0.401243,0.360533
4251,0.397365,0.388235
4254,0.405765,0.391472
4257,0.410741,0.403349
4260,0.415093,0.389312
4263,0.417264,0.449003
4266,0.422373,0.459717
4269,0.425691,0.48424
4272,0.423621,0.449221
4275,0.429147,0.448368
4278,0.428203,0.431557
4281,0.428693,0.363675
4284,0.426656,0.335339
4287,0.429909,0.346896
4290,0.431525,0.328341
4293,0.430896,0.336165
4296,0.42544,0.313008
4299,0.43608,0.337829
4302,0.446533,0.431035
4305,0.460144,0.417493
4308,0.462208,0.400949
4311,0.472837,0.349056
4314,0.487429,0.345963
4317,0.49976,0.385472
4320,0.494347,0.440523
4323,0.496405,0.416101
4326,0.488704,0.4064
4329,0.479563,0.448165
4332,0.470123,0.474544
4335,0.460011,0.485872
4338,0.457664,0.492469
4341,0.456971,0.475403
4344,0.460896,0.466683
4347,0.461008,0.483291
4350,0.469488,0.506603
4353,0.479355,0.482928
4356,0.481125,0.44864
4359,0.476464,0.465461
4362,0.471461,0.450283
4365,0.471573,0.452128
4368,0.467141,0.450277
4371,0.463584,0.414789
4374,0.464208,0.399328
4377,0.461237,0.367797
4380,0.45808,0.331584
4383,0.452517,0.302091
4386,0.443173,0.307408
4389,0.429781,0.324592
4392,0.422704,0.350011
4395,0.417211,0.325232
4398,0.411435,0.321157
4401,0.404885,0.351744
4404,0.395813,0.338043
4407,0.392261,0.271659
4410,0.382981,0.226464
4413,0.374224,0.240181
4416,0.369813,0.242133
4419,0.366171,0.196949
4422,0.358821,0.176571
4425,0.362304,0.192229
4428,0.368139,0.214176
4431,0.379808,0.217867
4434,0.391872,0.211979
4437,0.407429,0.247712
4440,0.419547,0.23512
4443,0.430491,0.224955
4446,0.438955,0.270816
4449,0.464368,0.257152
4452,0.478379,0.249963
4455,0.487205,0.2808
4458,0.499968,0.317611
4461,0.505829,0.353525
4464,0.499243,0.336843
4467,0.498827,0.342677
4470,0.487701,0.278955
4473,0.483515,0.303488
4476,0.476,0.267301
4479,0.466768,0.276267
4482,0.457125,0.301333
4485,0.44312,0.211248
4488,0.430059,0.191029
4491,0.425035,0.195979
4494,0.420005,0.221637
4497,0.415488,0.190763
4500,0.416101,0.175296
4503,0.420811,0.199269
4506,0.420347,0.245365
4509,0.416416,0.199419
4512,0.412645,0.168427
4515,0.405376,0.178277
4518,0.395776,0.202299
4521,0.389888,0.228005
4524,0.40368,0.20488
4527,0.41872,0.215403
4530,0.428011,0.257899
4533,0.429888,0.289648
4536,0.421115,0.254517
4539,0.403467,0.248123
4542,0.392379,0.28064
4545,0.37544,0.228219
4548,0.369488,0.236027
4551,0.360891,0.255509
4554,0.352928,0.239557
4557,0.355339,0.241851
4560,0.360416,0.278816
4563,0.370208,0.271429
4566,0.383136,0.252101
4569,0.396581,0.257333
4572,0.398112,0.264837
4575,0.395536,0.274949
4578,0.391424,0.237867
4581,0.381072,0.227963
4584,0.377051,0.241835
4587,0.379792,0.240459
4590,0.38,0.247147
4593,0.382005,0.238139
4596,0.368443,0.273381
4599,0.366853,0.264475
4602,0.357029,0.305915
4605,0.350667,0.261643
4608,0.343504,0.250955
4611,0.331435,0.207168
4614,0.315248,0.192341
4617,0.299904,0.175872
4620,0.281131,0.198336
4623,0.271915,0.187435
4626,0.263168,0.1936
4629,0.257643,0.206245
4632,0.273296,0.223243
4635,0.280672,0.218261
4638,0.279856,0.211728
4641,0.280336,0.177893
4644,0.281819,0.169301
4647,0.289472,0.19768
4650,0.301952,0.19216
4653,0.307339,0.248789
4656,0.306357,0.203781
4659,0.296325,0.192427
4662,0.28056,0.204043
4665,0.276005,0.192245
4668,0.273237,0.158139
4671,0.258123,0.118768
4674,0.246389,0.138709
4677,0.233307,0.122576
4680,0.219968,0.159392
4683,0.211771,0.166731
4686,0.208693,0.162949
4689,0.217173,0.15984
4692,0.227563,0.127813
4695,0.219237,0.121808
4698,0.214368,0.126752
4701,0.213248,0.145835
4704,0.217339,0.128592
4707,0.218277,0.173621
4710,0.218165,0.225189
4713,0.226229,0.225963
4716,0.238267,0.224027
4719,0.255077,0.224443
4722,0.265248,0.216704
4725,0.273637,0.233739
4728,0.277621,0.264208
4731,0.277712,0.244949
4734,0.276059,0.261307
4737,0.272464,0.232869
4740,0.270629,0.221109
4743,0.260288,0.193045
4746,0.250128,0.166208
4749,0.24344,0.141925
4752,0.231755,0.142773
4755,0.213232,0.0905813
4758,0.195211,0.0845973
4761,0.17176,0.104603
4764,0.158997,0.106651
4767,0.142005,0.117712
4770,0.124581,0.098576
4773,0.112811,0.128992
4776,0.0939307,0.0924267
4779,0.0760533,0.0956587
4782,0.061296,0.067664
4785,0.0454507,0.0567787
4788,0.027856,0.0551893
4791,0.0129173,0.0457067
4794,0.009296,0.0193973
4797,0.00397333,0.002064
4800,0.001584,0.00394133
4803,0.00122133,0.00171733
4806,0.00128,0
4809,0.0012,0
4812,0.00157867,0
4815,0.001712,0
4818,0.001888,0
4821,0.002704,0
4824,0.00255467,0
4827,0.002752,0
4830,0.00250667,0
4833,0.00248,0
4836,0.00419733,0.000917333
4839,0.00503467,0
4842,0.00514667,0
4845,0.00554133,0.00787733
4848,0.00558933,0
4851,0.00476267,0.000256
4854,0.00528533,0
4857,0.00538133,0
4860,0.005264,0.009152
4863,0.00533333,0
4866,0.00488,0.003888
4869,0.00509867,0
4872,0.005664,0
4875,0.00503467,0.008224
4878,0.00513067,0
4881,0.00420267,0.00064
4884,0.004944,6.4e-05
4887,0.005104,0
4890,0.00469867,0.005568
4893,0.00470933,0
4896,0.00373867,0
4899,0.00437867,0
4902,0.005136,0.002704
4905,0.00530667,0.00632
4908,0.00447467,0.00242133
4911,0.00287467,0.00462933
4914,0.002064,0
4917,0.008128,0.00528
4920,0.0275947,0.00451733
4923,0.0343627,0.00842667
4926,0.0421013,0.0163413
4929,0.0645707,0.0244693
4932,0.085168,0.0574933
4935,0.0921227,0.0254507
4938,0.0966507,0.0331627
4941,0.101888,0.0388373
4944,0.107568,0.0293547
4947,0.112203,0.0339413
4950,0.107659,0.0343147
4953,0.09808,0.0743147
4956,0.0904213,0.0603467
4959,0.0862773,0.0532907
4962,0.079728,0.0709707
4965,0.0656053,0.064128
4968,0.0625067,0.041664
4971,0.0653173,0.049312
4974,0.0676587,0.0609067
4977,0.0697227,0.0549493
4980,0.067296,0.0411147
4983,0.071136,0.0588427
4986,0.0746773,0.023984
4989,0.0766667,0.0476587
4992,0.080704,0.0360107
4995,0.0845173,0.0499413
4998,0.09064,0.0455787
5001,0.088832,0.060176
5004,0.0841067,0.038144
5007,0.0806293,0.0661547
5010,0.074192,0.0343733
5013,0.0557173,0.0476747
5016,0.0363787,0.0660053
5019,0.0213067,0.033168
5022,0.0148907,0.031792
5025,0.012416,0.0260747
5028,0.00770133,0.006144
5031,0.00669867,0.0218027
5034,0.007632,0.0297333
5037,0.00849067,0.0135413
5040,0.009008,0.00628267
5043,0.00985067,0.00453333
5046,0.01368,0.00914667
5049,0.0226827,0.021168
5052,0.036896,0.041472
5055,0.0500747,0.0386187
5058,0.0666293,0.0332427
5061,0.0868427,0.0331093
5064,0.104661,0.040752
5067,0.126869,0.0669333
5070,0.159621,0.0518347
5073,0.1816,0.0646027
5076,0.203205,0.0439627
5079,0.213717,0.0477227
5082,0.21248,0.0748053
5085,0.210389,0.073408
5088,0.207957,0.07784
5091,0.201365,0.102491
5094,0.192043,0.09136
5097,0.182075,0.0888853
5100,0.168459,0.0705493
5103,0.160965,0.0902773
5106,0.150635,0.057712
5109,0.125872,0.0498133
5112,0.0960533,0.0494613
5115,0.0684693,0.0380107
5118,0.045392,0.0103893
5121,0.024736,0.00594667
5124,0.0100587,0.00119467
5127,0.00114133,0.00323733
5130,0.00111467,0.00274133
5133,0.00116267,0
5136,0.00202133,0
5139,0.001776,0
5142,0.00162667,0
5145,0.00159467,0
5148,0.00155733,0
5151,0.001488,0
5154,0.00137067,0
5157,0.00130133,0
5160,0.002672,0
5163,0.00238933,0
5166,0.002032,0
5169,0.00193067,0
5172,0.00174933,0
5175,0.00161067,0
5178,0.00144,0
5181,0.00134933,0
5184,0.00146133,0
5187,0.001264,0
5190,0.00109333,0
5193,0.001008,0
5196,0.000224,0
5199,0.000128,0
5202,7.46667e-05,0
5205,0,0
5208,0,0
5211,0.000106667,0
5214,0.000128,0
5217,0.000154667,0
5220,0.001808,0
5223,0.001456,0
5226,0.00112533,0
5229,0.00107733,0
5232,0.000970667,0
5235,0.000938667,0
5238,0.000954667,0
5241,0.000949333,0
5244,0.000986667,0
5247,0.00117333,0
5250,0.00101867,0
5253,0.000965333,0
5256,0.000832,0
5259,0.010784,0.007648
5262,0.0277653,0.00896
5265,0.038656,0.0328427
5268,0.0419893,0.0105173
5271,0.045248,0.013392
5274,0.047152,0.0246187
5277,0.04912,0.034256
5280,0.05096,0.0257493
5283,0.05248,0.0358187
5286,0.0543307,0.0231787
5289,0.059984,0.025184
5292,0.07816,0.0291307
5295,0.0957013,0.0382507
5298,0.105579,0.0505707
5301,0.111968,0.104187
5304,0.117333,0.124005
5307,0.119707,0.127504
5310,0.123547,0.0941493
5313,0.125552,0.02224
5316,0.124965,0.0307947
5319,0.125093,0.050128
5322,0.124091,0.0364427
5325,0.12376,0.0313013
5328,0.125243,0.0182827
5331,0.135163,0.059392
5334,0.146219,0.0656373
5337,0.150048,0.0928587
5340,0.151173,0.089424
5343,0.153227,0.110571
5346,0.154005,0.065104
5349,0.155141,0.0672693
5352,0.159435,0.0555147
5355,0.171637,0.037088
5358,0.184699,0.058512
5361,0.192411,0.092288
5364,0.197221,0.0842773
5367,0.200347,0.099488
5370,0.204341,0.100224
5373,0.207083,0.103397
5376,0.209493,0.119285
5379,0.211147,0.117632
5382,0.211957,0.111403
5385,0.212944,0.128421
5388,0.222512,0.116576
5391,0.231616,0.0772907
5394,0.238757,0.08864
5397,0.240843,0.0805867
5400,0.240555,0.0354667
5403,0.240619,0.0402187
5406,0.241637,0.0261653
5409,0.243189,0.0324
5412,0.244416,0.0563147
5415,0.24808,0.0636693
5418,0.256736,0.0680853
5421,0.267771,0.08144
5424,0.2796,0.101387
5427,0.28464,0.11904
5430,0.288704,0.120011
5433,0.302144,0.117675
5436,0.318379,0.121584
5439,0.333515,0.122144
5442,0.34632,0.107488
5445,0.354965,0.0518987
5448,0.363067,0.056864
5451,0.36624,0.100427
5454,0.364709,0.114459
5457,0.363077,0.126715
5460,0.360448,0.127963
5463,0.355803,0.126688
5466,0.350459,0.0708587
5469,0.345925,0.0636213
5472,0.334619,0.0588533
5475,0.330021,0.0551253
5478,0.3292,0.0429333
5481,0.335211,0.0407147
5484,0.342229,0.040736
5487,0.350704,0.0313173
5490,0.359483,0.0600373
5493,0.369803,0.0784907
5496,0.377808,0.0904533
5499,0.382213,0.066672
5502,0.388725,0.0662507
5505,0.392613,0.055712
5508,0.394432,0.066944
5511,0.394693,0.0804267
5514,0.393691,0.0895893
5517,0.391557,0.084384
5520,0.390203,0.082176
5523,0.397403,0.0474187
5526,0.402235,0.0206453
5529,0.408277,0.028096
5532,0.414245,0.00626667
5535,0.418251,0.0279093
5538,0.42344,0.04328
5541,0.427456,0.0477387
5544,0.429472,0.0541173
5547,0.427445,0.0618293
5550,0.429728,0.0657387
5553,0.433035,0.0701707
5556,0.438389,0.0765867
5559,0.444165,0.0743307
5562,0.449744,0.06048
5565,0.458507,0.0587733
5568,0.468933,0.055184
5571,0.474496,0.0747307
5574,0.486336,0.079808
5577,0.496517,0.0736533
5580,0.501083,0.0397813
5583,0.503125,0.027424
5586,0.504443,0.0291893
5589,0.50704,0.0220107
5592,0.506901,0.0314933
5595,0.502245,0.0400853
5598,0.501424,0.0472
5601,0.499339,0.041408
5604,0.498288,0.0382133
5607,0.498368,0.032608
5610,0.50296,0.0239733
5613,0.507435,0.017168
5616,0.509819,0.0111573
5619,0.513803,0.0107307
5622,0.514784,0.01184
5625,0.517083,0.0125173
5628,0.519243,0.0158347
5631,0.521195,0.035296
5634,0.523483,0.03032
5637,0.523952,0.0262667
5640,0.522699,0.0124533
5643,0.523227,0.003088
5646,0.525248,0.001296
5649,0.527536,2.13333e-05
5652,0.527515,0.00139733
5655,0.526213,0
5658,0.526437,0
5661,0.526725,0
5664,0.527147,0.000122667
5667,0.527968,1.6e-05
5670,0.524533,0
5673,0.526405,0
5676,0.528379,9.06667e-05
5679,0.528139,0.00575467
5682,0.530037,0.00631467
5685,0.53192,0.00994667
5688,0.533931,0.00444267
5691,0.534661,0.00302933
5694,0.533445,0.001616
5697,0.529963,0.00257067
5700,0.532501,0.00088
5703,0.53528,0
5706,0.536341,0
5709,0.537899,0.000773333
5712,0.539627,0.00325333
5715,0.543445,0
5718,0.545408,0
5721,0.552912,2.13333e-05
5724,0.5536,0
5727,0.552997,0
5730,0.553083,0
5733,0.552928,0
5736,0.552853,0
Time(milisec),100889
