framenum,queue density,dynamic density
3,0.0644896,0.0460806
6,0.0737636,0.0542532
9,0.0872893,0.028525
12,0.0917139,0.0773912
15,0.0953303,0.0718614
18,0.0985331,0.0490203
21,0.101379,0.0299723
24,0.10327,0.0493587
27,0.108183,0.0449453
30,0.112164,0.0491369
33,0.113987,0.0524939
36,0.115521,0.0517871
39,0.117295,0.0669068
42,0.118506,0.054178
45,0.120329,0.0805528
48,0.120303,0.0823158
51,0.120897,0.0440845
54,0.122329,0.060298
57,0.124468,0.0668428
60,0.125321,0.0476783
63,0.125389,0.0547081
66,0.126615,0.0566365
69,0.12828,0.0365623
72,0.129193,0.0382088
75,0.131472,0.0557005
78,0.131629,0.0500579
81,0.136704,0.0424981
84,0.140411,0.0574034
87,0.152565,0.0448401
90,0.16556,0.0525277
93,0.172575,0.0342466
96,0.169131,0.0498662
99,0.173139,0.0433101
102,0.174612,0.0429981
105,0.175203,0.051024
108,0.177593,0.0445243
111,0.186492,0.0639783
114,0.195506,0.0529262
117,0.2041,0.0600988
120,0.206408,0.0706171
123,0.20884,0.0585011
126,0.209739,0.0652151
129,0.212239,0.0640046
132,0.215896,0.100537
135,0.217407,0.114311
138,0.21928,0.0908117
141,0.220268,0.0717524
144,0.22037,0.100398
147,0.219013,0.110694
150,0.219674,0.106187
153,0.218971,0.0984429
156,0.216543,0.0905373
159,0.21299,0.0875412
162,0.211036,0.0838383
165,0.208291,0.0901914
168,0.206299,0.0732185
171,0.203472,0.0606627
174,0.201066,0.0558546
177,0.199235,0.100789
180,0.197976,0.0386599
183,0.197322,0.0677
186,0.195687,0.0498962
189,0.19519,0.0265326
192,0.194514,0.036254
195,0.192894,0.0396148
198,0.1933,0.0389043
201,0.193581,0.0302505
204,0.194224,0.029416
207,0.193645,0.0271191
210,0.194108,0.0337616
213,0.194209,0.02801
216,0.193912,0.0267432
219,0.193961,0.0300062
222,0.19419,0.0299911
225,0.193927,0.0264499
228,0.194307,0.0274311
231,0.19451,0.0271792
234,0.19554,0.0284611
237,0.194837,0.0275777
240,0.191469,0.0295287
243,0.19242,0.0367502
246,0.192912,0.0332466
249,0.192961,0.0390621
252,0.192375,0.0280213
255,0.192506,0.0279687
258,0.19289,0.0296566
261,0.19316,0.0331301
264,0.192897,0.0330662
267,0.193209,0.0293483
270,0.192623,0.0252094
273,0.192484,0.0298558
276,0.192548,0.0292092
279,0.192811,0.0320211
282,0.194732,0.0330211
285,0.198032,0.0373367
288,0.198735,0.0374833
291,0.195025,0.0355585
294,0.192228,0.0324685
297,0.189849,0.0386749
300,0.189352,0.0345811
303,0.189285,0.0349082
306,0.190014,0.0357916
309,0.191702,0.0470054
312,0.193566,0.0471558
315,0.19492,0.0285701
318,0.195081,0.0282243
321,0.193972,0.0316565
324,0.193961,0.0277168
327,0.193871,0.0244951
330,0.194277,0.0246455
333,0.193942,0.0271078
336,0.194051,0.0234426
339,0.194097,0.0290062
342,0.195848,0.0269913
345,0.195957,0.0349308
348,0.198502,0.0412763
351,0.197002,0.0369946
354,0.195397,0.0480467
357,0.195627,0.0516405
360,0.195713,0.0507158
363,0.195724,0.0442461
366,0.195826,0.0360773
369,0.195875,0.0373329
372,0.196559,0.048355
375,0.196664,0.0414906
378,0.196217,0.0376186
381,0.195619,0.0353856
384,0.196664,0.0429981
387,0.201107,0.0456897
390,0.204013,0.0441597
393,0.205152,0.0452536
396,0.207397,0.02801
399,0.208754,0.0304686
402,0.209483,0.0336639
405,0.210389,0.0325399
408,0.21263,0.0295964
411,0.219603,0.0467385
414,0.228264,0.0640986
417,0.23385,0.0488136
420,0.238512,0.0689819
423,0.246493,0.0695081
426,0.256101,0.074865
429,0.264345,0.0614859
432,0.271852,0.0858683
435,0.279837,0.10071
438,0.284389,0.0887554
441,0.287119,0.0850112
444,0.292739,0.121555
447,0.294303,0.0963566
450,0.303065,0.168575
453,0.309828,0.150264
456,0.31414,0.169237
459,0.316354,0.163474
462,0.318441,0.117404
465,0.321959,0.112871
468,0.322087,0.100052
471,0.320955,0.12137
474,0.321651,0.0787972
477,0.32467,0.0671173
480,0.327053,0.0559148
483,0.328474,0.0820564
486,0.32903,0.0460769
489,0.329797,0.0422913
492,0.330466,0.0380847
495,0.327737,0.0411786
498,0.32912,0.0444003
501,0.334564,0.0465768
504,0.345879,0.0456333
507,0.355841,0.0611551
510,0.366837,0.0547156
513,0.371694,0.070245
516,0.374175,0.0492572
519,0.377893,0.0552156
522,0.383704,0.0485768
525,0.38758,0.0547757
528,0.390324,0.062422
531,0.391678,0.0614108
534,0.394986,0.0558058
537,0.397629,0.056629
540,0.39882,0.0625874
543,0.401313,0.0669368
546,0.401493,0.0695908
549,0.403805,0.0638881
552,0.403775,0.0613844
555,0.401568,0.0763875
558,0.40067,0.0723915
561,0.397719,0.0598996
564,0.396196,0.0704555
567,0.394862,0.0710645
570,0.388697,0.0445205
573,0.39373,0.0490467
576,0.40088,0.0462498
579,0.406963,0.0501895
582,0.414132,0.0478963
585,0.419045,0.0520014
588,0.422898,0.0585951
591,0.42768,0.0495617
594,0.429669,0.0877366
597,0.43068,0.0793874
600,0.435589,0.0525127
603,0.438819,0.090323
606,0.443454,0.0874246
609,0.448649,0.0976422
612,0.455134,0.104356
615,0.461193,0.0962438
618,0.464941,0.0852255
621,0.471764,0.0868457
624,0.477328,0.0674143
627,0.482944,0.0789175
630,0.487576,0.0770492
633,0.490583,0.0900523
636,0.493109,0.0690458
639,0.494722,0.0657903
642,0.494436,0.0544975
645,0.493786,0.0473926
648,0.496538,0.0725494
651,0.500793,0.0340361
654,0.505045,0.0369156
657,0.508988,0.0771582
660,0.512477,0.0602379
663,0.517338,0.0398629
666,0.521007,0.0368818
669,0.52427,0.0946724
672,0.522879,0.0360736
675,0.524476,0.104033
678,0.527003,0.0983527
681,0.528845,0.0356412
684,0.53063,0.0499075
687,0.531446,0.0969242
690,0.532912,0.0505955
693,0.53425,0.0375585
696,0.531469,0.0374532
699,0.533893,0.0419267
702,0.53404,0.0368856
705,0.534908,0.0388892
708,0.535867,0.0402501
711,0.536562,0.0413891
714,0.537788,0.0413628
717,0.538021,0.0338293
720,0.530081,0.0298896
723,0.531867,0.0295814
726,0.531799,0.0278972
729,0.531296,0.0292994
732,0.531066,0.0286604
735,0.52945,0.0311715
738,0.527525,0.0375472
741,0.526732,0.0373818
744,0.526574,0.0375472
747,0.521649,0.0362991
750,0.522074,0.0363066
753,0.522127,0.0357916
756,0.521585,0.0380434
759,0.5218,0.0374833
762,0.521649,0.0370735
765,0.520405,0.0376938
768,0.518751,0.0379494
771,0.510556,0.0447386
774,0.511672,0.0419192
777,0.512372,0.0424417
780,0.513447,0.0408139
783,0.513954,0.0393629
786,0.51383,0.0377013
789,0.515172,0.0347578
792,0.518529,0.0358255
795,0.522875,0.0343406
798,0.528115,0.0313144
801,0.532863,0.0442499
804,0.536235,0.0369495
807,0.537209,0.0396862
810,0.5396,0.0300212
813,0.543028,0.0298708
816,0.547054,0.029243
819,0.549926,0.0292994
822,0.55605,0.0328293
825,0.558027,0.0326752
828,0.560422,0.0348105
831,0.561587,0.0413666
834,0.560384,0.0348067
837,0.559268,0.0344571
840,0.558952,0.0272469
843,0.559411,0.0322993
846,0.558208,0.0378705
849,0.559182,0.0381411
852,0.559321,0.0377201
855,0.560114,0.0365886
858,0.560024,0.0405395
861,0.560223,0.0355134
864,0.560809,0.034115
867,0.560982,0.0382727
870,0.558704,0.0324459
873,0.56055,0.0351826
876,0.561065,0.0322843
879,0.562313,0.0274875
882,0.560625,0.031055
885,0.560813,0.0306828
888,0.560531,0.031273
891,0.56064,0.0321903
894,0.561742,0.0292543
897,0.563234,0.0295175
900,0.564057,0.0251455
903,0.563448,0.0261342
906,0.559129,0.0298257
909,0.561181,0.0297355
912,0.561031,0.029525
915,0.559024,0.0300212
918,0.555234,0.0294761
921,0.552945,0.0304986
924,0.552453,0.0263935
927,0.551821,0.0266567
930,0.549126,0.0246831
933,0.5499,0.0248523
936,0.551817,0.0238636
939,0.554885,0.0247846
942,0.558197,0.023029
945,0.558482,0.0239087
948,0.558422,0.0221531
951,0.558073,0.0223862
954,0.557813,0.025059
957,0.555155,0.0283897
960,0.555926,0.0268296
963,0.5567,0.0274612
966,0.557531,0.0285476
969,0.55761,0.0280739
972,0.55967,0.0281867
975,0.560948,0.0292092
978,0.562403,0.0294197
981,0.560336,0.0279837
984,0.561238,0.0361939
987,0.560828,0.0396599
990,0.560595,0.0356187
993,0.561065,0.0374983
996,0.561602,0.0302317
999,0.559005,0.030228
1002,0.556855,0.0312693
1005,0.55334,0.031273
1008,0.553509,0.0325775
1011,0.555464,0.028322
1014,0.555858,0.0261454
1017,0.55405,0.0268785
1020,0.553892,0.0251041
1023,0.553911,0.0242019
1026,0.553306,0.0313332
1029,0.553505,0.0230065
1032,0.553513,0.025559
1035,0.554204,0.0382389
1038,0.553092,0.0352916
1041,0.553404,0.0235516
1044,0.555005,0.0245402
1047,0.556505,0.0244951
1050,0.555802,0.0314159
1053,0.555595,0.0365134
1056,0.555449,0.0236944
1059,0.555283,0.03257
1062,0.549949,0.0337804
1065,0.549881,0.0287656
1068,0.549565,0.0289573
1071,0.550002,0.0287919
1074,0.551144,0.029213
1077,0.552163,0.0285589
1080,0.55202,0.0275777
1083,0.552813,0.0296453
1086,0.550708,0.0322316
1089,0.551588,0.0209878
1092,0.552738,0.0277093
1095,0.554212,0.0214088
1098,0.555178,0.0267131
1101,0.55455,0.0210818
1104,0.55517,0.0238147
1107,0.554798,0.0246944
1110,0.555227,0.0215441
1113,0.552885,0.0289987
1116,0.552937,0.0280025
1119,0.552024,0.0256229
1122,0.552907,0.0269687
1125,0.553035,0.0280927
1128,0.555659,0.0290212
1131,0.556407,0.0339684
1134,0.556073,0.0410433
1137,0.554795,0.0440469
1140,0.555024,0.0360736
1143,0.554494,0.0347917
1146,0.555227,0.0311189
1149,0.555716,0.0282055
1152,0.55655,0.0296378
1155,0.555035,0.0297731
1158,0.555678,0.0323331
1161,0.553501,0.0348105
1164,0.556065,0.0298821
1167,0.555659,0.037487
1170,0.553535,0.0337616
1173,0.553426,0.0358142
1176,0.55252,0.0411636
1179,0.551178,0.0303671
1182,0.54981,0.028213
1185,0.550866,0.0304686
1188,0.5489,0.0343594
1191,0.548227,0.0382915
1194,0.548926,0.0304723
1197,0.549783,0.0419267
1200,0.549483,0.0301114
1203,0.54908,0.0299047
1206,0.549054,0.0308182
1209,0.54972,0.030837
1212,0.546678,0.0275702
1215,0.547096,0.0256981
1218,0.547581,0.0246906
1221,0.548423,0.0239613
1224,0.548817,0.021593
1227,0.548776,0.0226306
1230,0.550479,0.0226569
1233,0.550712,0.0253485
1236,0.549054,0.0303107
1239,0.549795,0.0268447
1242,0.551505,0.0250816
1245,0.552088,0.0286303
1248,0.551212,0.025856
1251,0.551197,0.0327805
1254,0.549325,0.0251756
1257,0.549941,0.0231944
1260,0.549565,0.0243636
1263,0.548133,0.0215855
1266,0.548885,0.0330399
1269,0.54934,0.0396599
1272,0.550423,0.0288145
1275,0.550419,0.0225291
1278,0.550735,0.0272469
1281,0.551054,0.0317204
1284,0.550411,0.0288972
1287,0.548144,0.0273785
1290,0.550535,0.0317467
1293,0.551133,0.0276115
1296,0.551949,0.0287731
1299,0.554204,0.0271567
1302,0.553791,0.0277995
1305,0.553227,0.033506
1308,0.552919,0.0333669
1311,0.548592,0.0299197
1314,0.54825,0.0281717
1317,0.546851,0.0287995
1320,0.547118,0.0280852
1323,0.547129,0.0272243
1326,0.546464,0.0269574
1329,0.546005,0.0275965
1332,0.546494,0.028713
1335,0.546494,0.0285777
1338,0.546295,0.0274085
1341,0.547306,0.0265063
1344,0.548332,0.0293934
1347,0.550283,0.0352616
1350,0.551133,0.0369344
1353,0.552723,0.0289573
1356,0.555046,0.0301753
1359,0.556234,0.0256567
1362,0.554772,0.0289423
1365,0.55567,0.0279423
1368,0.554148,0.0294686
1371,0.554272,0.0331714
1374,0.552103,0.0310437
1377,0.550129,0.0377464
1380,0.549186,0.0448438
1383,0.547889,0.0425921
1386,0.542246,0.0411335
1389,0.544133,0.0380509
1392,0.544746,0.0345887
1395,0.544705,0.0282393
1398,0.543404,0.0307505
1401,0.543712,0.0313031
1404,0.542581,0.0338857
1407,0.542242,0.0394118
1410,0.541788,0.0398365
1413,0.53581,0.0431747
1416,0.53731,0.0446484
1419,0.538506,0.0449077
1422,0.540378,0.0467347
1425,0.542182,0.0454152
1428,0.543942,0.0670646
1431,0.547975,0.0817971
1434,0.551009,0.133133
1437,0.548667,0.0584071
1440,0.55337,0.0590237
1443,0.558016,0.121807
1446,0.560099,0.125908
1449,0.562501,0.120337
1452,0.563061,0.153895
1455,0.564117,0.183537
1458,0.564437,0.15973
1461,0.562005,0.188894
1464,0.563159,0.145159
1467,0.563354,0.175575
1470,0.561775,0.176424
1473,0.561125,0.26515
1476,0.560524,0.165823
1479,0.553588,0.182623
1482,0.550772,0.216377
1485,0.546306,0.231614
1488,0.536333,0.197066
1491,0.529803,0.273533
1494,0.521007,0.280529
1497,0.514736,0.174924
1500,0.508154,0.206867
1503,0.503098,0.331572
1506,0.498316,0.240703
1509,0.492497,0.255876
1512,0.478794,0.340056
1515,0.472866,0.334064
1518,0.463814,0.340015
1521,0.457325,0.383975
1524,0.450991,0.354326
1527,0.447758,0.368544
1530,0.449138,0.360303
1533,0.448326,0.365356
1536,0.440822,0.400185
1539,0.442427,0.305742
1542,0.441724,0.327117
1545,0.441296,0.316313
1548,0.441431,0.331493
1551,0.438717,0.306106
1554,0.43795,0.317245
1557,0.440337,0.380242
1560,0.443115,0.359262
1563,0.449029,0.294889
1566,0.454096,0.341387
1569,0.457321,0.261582
1572,0.456502,0.310606
1575,0.459389,0.337838
1578,0.462904,0.294836
1581,0.470332,0.242673
1584,0.473802,0.2741
1587,0.472573,0.222475
1590,0.471979,0.225456
1593,0.470159,0.222798
1596,0.473309,0.26777
1599,0.480245,0.219114
1602,0.49385,0.201807
1605,0.503184,0.205213
1608,0.51015,0.21405
1611,0.498053,0.223885
1614,0.496692,0.196454
1617,0.488519,0.234459
1620,0.471317,0.186044
1623,0.463889,0.211453
1626,0.458329,0.202589
1629,0.452882,0.227197
1632,0.451743,0.182563
1635,0.450532,0.20366
1638,0.447626,0.229377
1641,0.440003,0.210765
1644,0.432815,0.231008
1647,0.42818,0.168293
1650,0.423161,0.212791
1653,0.419699,0.238181
1656,0.418244,0.209434
1659,0.416594,0.217938
1662,0.409342,0.252455
1665,0.408369,0.236425
1668,0.409053,0.201419
1671,0.409139,0.180826
1674,0.41035,0.188728
1677,0.411072,0.188112
1680,0.414932,0.231272
1683,0.417274,0.192717
1686,0.415925,0.194021
1689,0.426492,0.188499
1692,0.436871,0.189713
1695,0.449032,0.20946
1698,0.460532,0.17456
1701,0.468193,0.189033
1704,0.47523,0.159482
1707,0.476956,0.172582
1710,0.462618,0.221825
1713,0.455115,0.219381
1716,0.453728,0.184259
1719,0.445638,0.192424
1722,0.438461,0.244271
1725,0.433672,0.218828
1728,0.429217,0.173466
1731,0.415192,0.1783
1734,0.406557,0.206013
1737,0.406779,0.229129
1740,0.403065,0.265168
1743,0.396805,0.19648
1746,0.387223,0.224704
1749,0.375539,0.242162
1752,0.371107,0.230463
1755,0.367991,0.194566
1758,0.36136,0.175951
1761,0.35012,0.154963
1764,0.343793,0.148204
1767,0.34094,0.155504
1770,0.34303,0.167432
1773,0.345981,0.1888
1776,0.340188,0.184304
1779,0.329978,0.177936
1782,0.324794,0.148031
1785,0.319418,0.146095
1788,0.311317,0.118457
1791,0.305546,0.148238
1794,0.289645,0.151023
1797,0.276183,0.11301
1800,0.274187,0.0939168
1803,0.269424,0.1547
1806,0.263424,0.139573
1809,0.259048,0.150753
1812,0.239937,0.170372
1815,0.230632,0.0903719
1818,0.223118,0.113563
1821,0.222554,0.137103
1824,0.222287,0.12843
1827,0.223783,0.143336
1830,0.229843,0.160324
1833,0.227757,0.169071
1836,0.223114,0.154914
1839,0.220362,0.163902
1842,0.212919,0.135633
1845,0.204292,0.12269
1848,0.1943,0.114589
1851,0.171816,0.0904433
1854,0.149956,0.0828534
1857,0.143734,0.123088
1860,0.144193,0.0940183
1863,0.139343,0.0829323
1866,0.134298,0.0969731
1869,0.149373,0.0926424
1872,0.170007,0.120814
1875,0.174582,0.0828083
1878,0.185262,0.10292
1881,0.206032,0.120637
1884,0.225422,0.0835
1887,0.246436,0.104672
1890,0.27198,0.112397
1893,0.293772,0.118502
1896,0.310678,0.12578
1899,0.326245,0.133569
1902,0.354973,0.124088
1905,0.376517,0.193243
1908,0.38902,0.16759
1911,0.37622,0.198085
1914,0.353586,0.159606
1917,0.331805,0.152813
1920,0.316689,0.156241
1923,0.305667,0.133332
1926,0.290712,0.100924
1929,0.271055,0.157463
1932,0.249594,0.146614
1935,0.230847,0.148745
1938,0.216039,0.107123
1941,0.206115,0.0904997
1944,0.197529,0.102356
1947,0.186762,0.120386
1950,0.175323,0.0673767
1953,0.153775,0.0588319
1956,0.125179,0.048558
1959,0.100398,0.0418327
1962,0.0735719,0.023217
1965,0.0516142,0.0239651
1968,0.0339985,0.0335699
1971,0.0149505,0.0219501
1974,0.00481181,0.0225479
1977,0.00247357,0.0248635
1980,0.00286829,0.0225704
1983,0.00269913,0.0225967
1986,0.0044998,0.021484
1989,0.00468024,0.0223862
1992,0.00425545,0.0221005
1995,0.00404493,0.0240967
1998,0.00340962,0.0229275
2001,0.00692074,0.026465
2004,0.0340173,0.0306152
2007,0.0689067,0.0303821
2010,0.106397,0.038408
2013,0.149749,0.0539111
2016,0.190803,0.0710194
2019,0.234215,0.0821542
2022,0.267274,0.0810828
2025,0.299626,0.0621213
2028,0.320241,0.112266
2031,0.332451,0.0910072
2034,0.313907,0.0928417
2037,0.291727,0.104578
2040,0.268462,0.119998
2043,0.243252,0.120209
2046,0.217892,0.0755041
2049,0.19445,0.0828534
2052,0.172785,0.0787709
2055,0.153831,0.077613
2058,0.140561,0.0532457
2061,0.133314,0.0591176
2064,0.108668,0.0405997
2067,0.0860187,0.0446145
2070,0.0628393,0.0270176
2073,0.0416711,0.0364081
2076,0.0242809,0.022014
2079,0.0128566,0.0298708
2082,0.00836428,0.0255515
2085,0.00823647,0.0292205
2088,0.00911237,0.0339609
2091,0.00884922,0.0336827
2094,0.00871389,0.0281604
2097,0.0102439,0.0261868
2100,0.0101988,0.030634
2103,0.0152474,0.0418928
2106,0.0230779,0.0424079
2109,0.0302543,0.0504338
2112,0.0408816,0.0553622
2115,0.0512796,0.0664256
2118,0.0621664,0.105161
2121,0.0778123,0.11354
2124,0.10389,0.122397
2127,0.12952,0.130859
2130,0.145591,0.140858
2133,0.158628,0.160662
2136,0.171022,0.162598
2139,0.179665,0.148854
2142,0.186687,0.159215
2145,0.19207,0.17759
2148,0.194544,0.168812
2151,0.197747,0.14682
2154,0.203532,0.120683
2157,0.220516,0.155764
2160,0.226858,0.122784
2163,0.223524,0.114811
2166,0.220392,0.109939
2169,0.215528,0.0882893
2172,0.204461,0.0729742
2175,0.185544,0.071602
2178,0.165767,0.0651286
2181,0.146114,0.0776582
2184,0.125893,0.0786656
2187,0.105657,0.0667489
2190,0.0855638,0.0637077
2193,0.0641099,0.048776
2196,0.0470129,0.0507496
2199,0.0344834,0.0353292
2202,0.0256003,0.020172
2205,0.018315,0.0219577
2208,0.0121949,0.0281641
2211,0.00786807,0.0185819
2214,0.00577418,0.0219013
2217,0.00548471,0.020672
2220,0.00529675,0.0185744
2223,0.00507872,0.0208224
2226,0.00517646,0.0235328
2229,0.00564636,0.0208224
2232,0.0055599,0.0205179
2235,0.00587943,0.0234012
2238,0.00638317,0.0203562
2241,0.00707111,0.0240816
2244,0.00616889,0.0220967
2247,0.00710494,0.0274536
2250,0.00738313,0.0270777
2253,0.00927778,0.0292694
2256,0.00939431,0.0243899
2259,0.010883,0.0283258
2262,0.010898,0.0233674
2265,0.0113792,0.0283483
2268,0.022826,0.0287318
2271,0.0417199,0.0442649
2274,0.0557118,0.0436559
2277,0.0613168,0.055802
2280,0.0649106,0.0582229
2283,0.0676398,0.0642715
2286,0.0707036,0.0392839
2289,0.0702487,0.0273822
2292,0.0710795,0.0600875
2295,0.0720231,0.0307768
2298,0.0740493,0.0618243
2301,0.0811768,0.0432875
2304,0.0818798,0.050103
2307,0.0813121,0.0364758
2310,0.0763575,0.0594146
2313,0.0694179,0.0341714
2316,0.0625536,0.0459641
2319,0.058362,0.041532
2322,0.0533134,0.0484189
2325,0.0470016,0.0337654
2328,0.0399456,0.0455318
2331,0.0390246,0.0346826
2334,0.0342691,0.0301979
2337,0.0312993,0.034615
2340,0.0274574,0.0510353
2343,0.0231944,0.0362014
2346,0.0204201,0.0357315
2349,0.0167474,0.0340436
2352,0.0157549,0.026371
2355,0.0112589,0.0211833
2358,0.00907102,0.0203224
2361,0.0115521,0.0296039
2364,0.0118942,0.0223411
2367,0.01271,0.0272619
2370,0.0127062,0.0232283
2373,0.0130483,0.0289837
2376,0.0132851,0.0289536
2379,0.0141234,0.0252244
2382,0.0131949,0.0296791
2385,0.0236568,0.0318933
2388,0.0463438,0.0359833
2391,0.051821,0.0557193
2394,0.0545878,0.0413515
2397,0.056629,0.0340248
2400,0.0590612,0.0344684
2403,0.0612491,0.0493775
2406,0.0629596,0.0718501
2409,0.0667301,0.0704893
2412,0.0699442,0.069557
2415,0.0603657,0.0691698
2418,0.0505879,0.0591101
2421,0.0370547,0.0361863
2424,0.0220516,0.0247057
2427,0.0103792,0.0235967
2430,0.00140219,0.0179315
2433,0.00657113,0.0224125
2436,0.0324083,0.0311039
2439,0.0410884,0.0384983
2442,0.0459378,0.0347315
2445,0.0495955,0.0419267
2448,0.0527119,0.0514751
2451,0.0550314,0.0347541
2454,0.0575688,0.0312279
2457,0.0600011,0.0563132
2460,0.0622077,0.0262958
2463,0.0612717,0.0484753
2466,0.049291,0.0306565
2469,0.0373479,0.0306979
2472,0.0259913,0.0279574
2475,0.0160481,0.0286754
2478,0.0153151,0.0272394
2481,0.0141084,0.0279198
2484,0.0161872,0.0219351
2487,0.0181007,0.0223261
2490,0.0192999,0.0228599
2493,0.0203036,0.0225403
2496,0.021172,0.0251041
2499,0.0224689,0.0306979
2502,0.0231531,0.0236794
2505,0.0249199,0.0336376
2508,0.0262169,0.0323557
2511,0.0380847,0.047028
2514,0.0541705,0.0355924
2517,0.0564335,0.0272281
2520,0.0567568,0.0295588
2523,0.0603131,0.060674
2526,0.0626739,0.0419267
2529,0.0660309,0.0660196
2532,0.0683841,0.0536517
2535,0.070557,0.0581703
2538,0.0709742,0.0732824
2541,0.0726509,0.0894546
2544,0.0771018,0.0668165
2547,0.0787746,0.0689743
2550,0.0749139,0.0581515
2553,0.0660346,0.0657827
2556,0.0562193,0.0512458
2559,0.0420921,0.0348105
2562,0.0295212,0.0285701
2565,0.0167887,0.0354796
2568,0.00742448,0.0220328
2571,0.00617641,0.0202059
2574,0.00651474,0.0215103
2577,0.00649595,0.0208976
2580,0.00687939,0.0200555
2583,0.00678165,0.0199916
2586,0.00732674,0.0165444
2589,0.00677413,0.0170105
2592,0.00664632,0.0174879
2595,0.0072929,0.0192698
2598,0.00718765,0.0203637
2601,0.00715005,0.0207434
2604,0.00702224,0.0203036
2607,0.00721772,0.020251
2610,0.00718013,0.0199653
2613,0.00771018,0.0193788
2616,0.00764627,0.0209878
2619,0.00696585,0.0210216
2622,0.00705983,0.0207472
2625,0.0102025,0.0217058
2628,0.0276905,0.0370209
2631,0.0390246,0.0349871
2634,0.0434341,0.0387351
2637,0.0486256,0.0443815
2640,0.0668579,0.0616138
2643,0.0893306,0.0752297
2646,0.111243,0.0756131
2649,0.131975,0.10277
2652,0.141667,0.0824061
2655,0.147659,0.120446
2658,0.15491,0.12934
2661,0.161286,0.111781
2664,0.159079,0.12793
2667,0.151568,0.133911
2670,0.145967,0.121912
2673,0.139821,0.130411
2676,0.138148,0.081485
2679,0.135189,0.0860525
2682,0.128295,0.106928
2685,0.126491,0.0989128
2688,0.126036,0.0821091
2691,0.111784,0.0561516
2694,0.0989203,0.0707224
2697,0.0812257,0.0408515
2700,0.0651512,0.0523999
2703,0.0526518,0.0434868
2706,0.0425394,0.0322617
2709,0.039002,0.0331038
2712,0.0383065,0.053163
2715,0.03972,0.0405997
2718,0.0394118,0.0671737
2721,0.0401523,0.0359833
2724,0.0407275,0.0866953
2727,0.0418966,0.0441296
2730,0.0508736,0.0868683
2733,0.0620912,0.0811317
2736,0.0747372,0.0636249
2739,0.0788912,0.0487422
2742,0.0816317,0.0261379
2745,0.0841127,0.0385133
2748,0.0887328,0.0796957
2751,0.0918154,0.0887366
2754,0.0934018,0.0667
2757,0.0963716,0.0631851
2760,0.0984016,0.0335474
2763,0.0995218,0.0486783
2766,0.100992,0.0598582
2769,0.102477,0.0361713
2772,0.104146,0.0621588
2775,0.108093,0.0553509
2778,0.1101,0.0677488
2781,0.112269,0.0601514
2784,0.112299,0.113333
2787,0.111439,0.063764
2790,0.112326,0.070572
2793,0.114044,0.0609145
2796,0.113758,0.0513699
2799,0.113427,0.0575951
2802,0.114833,0.0315963
2805,0.115638,0.0390809
2808,0.116668,0.0344796
2811,0.114645,0.0367051
2814,0.115254,0.0379757
2817,0.115299,0.037081
2820,0.116243,0.0331489
2823,0.11854,0.0300099
2826,0.118844,0.0304535
2829,0.119371,0.0367051
2832,0.12057,0.0341112
2835,0.122175,0.0388817
2838,0.121337,0.0418477
2841,0.120401,0.0466182
2844,0.119536,0.0420395
2847,0.119942,0.0375096
2850,0.12051,0.0390471
2853,0.121085,0.044998
2856,0.120829,0.0312317
2859,0.12078,0.0383103
2862,0.118216,0.0390321
2865,0.119175,0.0435845
2868,0.119397,0.0380133
2871,0.120604,0.0409718
2874,0.121938,0.0387577
2877,0.121645,0.0386787
2880,0.122055,0.0354232
2883,0.124844,0.0385058
2886,0.125284,0.0442236
2889,0.127017,0.0465994
2892,0.129148,0.049682
2895,0.126904,0.0409944
2898,0.126833,0.0521405
2901,0.125867,0.0479527
2904,0.124923,0.0543209
2907,0.12525,0.050712
2910,0.126765,0.0581853
2913,0.124397,0.0679293
2916,0.124419,0.0428251
2919,0.122991,0.0435319
2922,0.123352,0.048682
2925,0.124551,0.0479903
2928,0.124194,0.0435394
2931,0.127983,0.0367277
2934,0.130242,0.0430169
2937,0.128366,0.0508548
2940,0.129069,0.0544186
2943,0.13219,0.0566629
2946,0.138546,0.0395057
2949,0.14758,0.0545163
2952,0.155418,0.0446183
2955,0.158982,0.0526179
2958,0.166323,0.0917553
2961,0.168432,0.0833045
2964,0.17724,0.0962588
2967,0.18362,0.0712599
2970,0.190875,0.0967513
2973,0.198164,0.0973866
2976,0.20469,0.110254
2979,0.210686,0.119991
2982,0.215787,0.123803
2985,0.222794,0.126111
2988,0.226223,0.154504
2991,0.242267,0.15544
2994,0.259635,0.14293
2997,0.272157,0.143174
3000,0.285957,0.157572
3003,0.292242,0.186044
3006,0.299614,0.170864
3009,0.30652,0.173785
3012,0.316429,0.156282
3015,0.328162,0.135332
3018,0.336004,0.1289
3021,0.342323,0.121528
3024,0.3493,0.173368
3027,0.351405,0.18121
3030,0.351262,0.148475
3033,0.350157,0.0851503
3036,0.34383,0.102244
3039,0.347191,0.084203
3042,0.347894,0.089214
3045,0.348702,0.106522
3048,0.347029,0.0899471
3051,0.347793,0.16944
3054,0.348928,0.0791769
3057,0.351533,0.10327
3060,0.36354,0.110721
3063,0.364544,0.0894471
3066,0.371983,0.0933454
3069,0.382152,0.0735493
3072,0.386821,0.132062
3075,0.38937,0.0778987
3078,0.391885,0.0910222
3081,0.392561,0.0718802
3084,0.396775,0.103616
3087,0.390118,0.0628693
3090,0.394715,0.0703089
3093,0.398771,0.113014
3096,0.402215,0.108818
3099,0.403286,0.106879
3102,0.404076,0.110826
3105,0.402031,0.14414
3108,0.395381,0.0951348
3111,0.386092,0.108536
3114,0.384829,0.0946461
3117,0.379505,0.0674857
3120,0.377314,0.0956649
3123,0.374573,0.039017
3126,0.374374,0.0426146
3129,0.376009,0.0985219
3132,0.377829,0.0375359
3135,0.381644,0.0540615
3138,0.377363,0.0548321
3141,0.379863,0.0604785
3144,0.383129,0.0689292
3147,0.38593,0.0773574
3150,0.386407,0.0779063
3153,0.389257,0.0499075
3156,0.391452,0.0728426
3159,0.393069,0.069463
3162,0.390621,0.0431597
3165,0.390708,0.0434567
3168,0.390148,0.0417049
3171,0.39055,0.0428627
3174,0.391621,0.0415921
3177,0.391764,0.042874
3180,0.394512,0.0404568
3183,0.394775,0.0401786
3186,0.397602,0.051836
3189,0.401474,0.0471783
3192,0.406643,0.0511255
3195,0.412324,0.0445281
3198,0.414335,0.0473512
3201,0.418019,0.0466746
3204,0.42094,0.0459866
3207,0.423169,0.0441634
3210,0.426157,0.0456897
3213,0.422274,0.0448814
3216,0.423996,0.0469603
3219,0.424233,0.0471746
3222,0.423857,0.0464566
3225,0.424936,0.0485429
3228,0.42662,0.0410696
3231,0.42777,0.0484828
3234,0.428499,0.0472385
3237,0.425906,0.0464566
3240,0.428278,0.0407162
3243,0.428364,0.0437612
3246,0.427248,0.040923
3249,0.426594,0.0374607
3252,0.427225,0.0413365
3255,0.426338,0.0385772
3258,0.426368,0.0415921
3261,0.423827,0.0484113
3264,0.425116,0.0476219
3267,0.426714,0.0470392
3270,0.428939,0.043686
3273,0.430285,0.043265
3276,0.431616,0.0441747
3279,0.431387,0.0478775
3282,0.431044,0.0462611
3285,0.431642,0.0466483
3288,0.425428,0.0481482
3291,0.424815,0.045637
3294,0.427116,0.0473625
3297,0.426729,0.0425921
3300,0.427052,0.0438213
3303,0.426376,0.0479151
3306,0.426541,0.0445431
3309,0.425797,0.047558
3312,0.416244,0.045013
3315,0.418932,0.0424943
3318,0.418974,0.037596
3321,0.417331,0.0386148
3324,0.416838,0.0396599
3327,0.418733,0.0379193
3330,0.419459,0.0453476
3333,0.417883,0.0448514
3336,0.415233,0.0426635
3339,0.417293,0.0463513
3342,0.41897,0.0388065
3345,0.419019,0.0413402
3348,0.41756,0.035318
3351,0.416733,0.0390772
3354,0.415624,0.0391674
3357,0.417632,0.0451747
3360,0.419831,0.0363555
3363,0.418019,0.0318858
3366,0.419643,0.0421447
3369,0.421504,0.0410245
3372,0.422643,0.0405546
3375,0.423906,0.0418553
3378,0.424639,0.0394982
3381,0.424868,0.0393215
3384,0.425541,0.038705
3387,0.421616,0.0470843
3390,0.423176,0.043171
3393,0.423128,0.0472347
3396,0.423101,0.0482685
3399,0.423691,0.0439905
3402,0.425131,0.0442085
3405,0.427075,0.046825
3408,0.428368,0.0437424
3411,0.424011,0.0412876
3414,0.425161,0.0438965
3417,0.426545,0.0426672
3420,0.427785,0.0423064
3423,0.428379,0.0437161
3426,0.428082,0.0439379
3429,0.428387,0.0438965
3432,0.42874,0.0427048
3435,0.430184,0.0431898
3438,0.431924,0.0425657
3441,0.432172,0.0421673
3444,0.432251,0.04428
3447,0.432462,0.0445168
3450,0.432905,0.0448777
3453,0.433714,0.0418778
3456,0.433823,0.0424943
3459,0.433642,0.0433589
3462,0.433011,0.0437988
3465,0.434894,0.0463513
3468,0.435037,0.0463964
3471,0.431725,0.0450468
3474,0.429127,0.0428477
3477,0.428763,0.0431898
3480,0.428417,0.0403027
3483,0.428721,0.0395809
3486,0.425319,0.0366788
3489,0.426729,0.0394155
3492,0.426642,0.0362878
3495,0.427221,0.0369908
3498,0.42753,0.0370058
3501,0.427864,0.0382577
3504,0.427609,0.039205
3507,0.427383,0.0400358
3510,0.427398,0.040408
3513,0.426981,0.0373179
3516,0.427917,0.0372164
3519,0.42756,0.038081
3522,0.427345,0.037457
3525,0.427537,0.0393704
3528,0.427714,0.0395396
3531,0.427898,0.0406636
3534,0.427721,0.0406222
3537,0.423447,0.0351977
3540,0.424492,0.0361187
3543,0.424609,0.0361788
3546,0.427169,0.0372464
3549,0.429101,0.0394381
3552,0.430721,0.0386825
3555,0.430966,0.0389531
3558,0.433112,0.040314
3561,0.430766,0.0456671
3564,0.430811,0.0451032
3567,0.430112,0.0446371
3570,0.428808,0.030243
3573,0.43015,0.0314572
3576,0.430582,0.0322655
3579,0.43177,0.0357991
3582,0.43312,0.0360811
3585,0.433849,0.0375209
3588,0.43442,0.037378
3591,0.434439,0.0376712
3594,0.433138,0.0383291
3597,0.428793,0.0420019
3600,0.426635,0.0435056
3603,0.425744,0.0422537
3606,0.426781,0.0460054
3609,0.427665,0.0461708
3612,0.42871,0.044716
3615,0.429823,0.0385885
3618,0.43171,0.0418252
3621,0.433638,0.0442875
3624,0.435097,0.0414493
3627,0.432804,0.0466934
3630,0.432958,0.0393629
3633,0.433191,0.0408177
3636,0.432187,0.0406937
3639,0.431319,0.0427988
3642,0.430131,0.0440958
3645,0.426225,0.0403929
3648,0.427567,0.0421635
3651,0.42839,0.0448927
3654,0.42959,0.0410057
3657,0.430533,0.0419041
3660,0.430717,0.0400922
3663,0.430868,0.0440995
3666,0.43062,0.0413327
3669,0.429872,0.042483
3672,0.425409,0.0392727
3675,0.423661,0.0337541
3678,0.425894,0.0358593
3681,0.429545,0.0354533
3684,0.431529,0.0388892
3687,0.433229,0.039517
3690,0.433262,0.0384532
3693,0.432635,0.0385847
3696,0.429819,0.0393742
3699,0.428417,0.0403215
3702,0.427703,0.0384532
3705,0.428781,0.0379757
3708,0.42974,0.0400959
3711,0.430138,0.0831504
3714,0.431172,0.0396411
3717,0.431815,0.0378705
3720,0.430014,0.0432687
3723,0.430913,0.0373705
3726,0.430845,0.0374306
3729,0.431191,0.0880411
3732,0.431341,0.0374983
3735,0.430511,0.0373705
3738,0.430638,0.0519187
3741,0.430394,0.0389682
3744,0.429935,0.0432762
3747,0.427146,0.0560952
3750,0.427364,0.0363818
3753,0.428007,0.0360397
3756,0.426849,0.0367089
3759,0.427195,0.0370622
3762,0.426609,0.0372389
3765,0.425097,0.0368555
3768,0.422233,0.0368856
3771,0.417004,0.0392463
3774,0.420011,0.0374682
3777,0.42144,0.0393591
3780,0.426447,0.0405245
3783,0.431372,0.0417613
3786,0.43521,0.0443363
3789,0.438191,0.0433026
3792,0.439856,0.0423477
3795,0.435398,0.0352165
3798,0.438311,0.034021
3801,0.44092,0.0350022
3804,0.44307,0.0354044
3807,0.444435,0.0349683
3810,0.444518,0.0404719
3813,0.446683,0.075038
3816,0.447634,0.0776995
3819,0.448702,0.0354721
3822,0.458528,0.0380133
3825,0.459641,0.0386975
3828,0.461686,0.0382314
3831,0.462408,0.0370209
3834,0.463678,0.0337992
3837,0.46381,0.036254
3840,0.464043,0.0344233
3843,0.463911,0.0361224
3846,0.461193,0.0344383
3849,0.462126,0.0403478
3852,0.462896,0.036066
3855,0.463814,0.0352465
3858,0.463731,0.0375547
3861,0.463592,0.0374457
3864,0.462291,0.0435995
3867,0.46096,0.0417274
3870,0.457957,0.0353668
3873,0.460363,0.0368216
3876,0.460081,0.0367277
3879,0.459709,0.041953
3882,0.459923,0.0370209
3885,0.462201,0.0446258
3888,0.461972,0.0378178
3891,0.461517,0.0367502
3894,0.459581,0.0377577
3897,0.456679,0.0329271
3900,0.452972,0.0322767
3903,0.457186,0.0364006
3906,0.459141,0.0416823
3909,0.46146,0.0386862
3912,0.463129,0.0367201
3915,0.463483,0.0341488
3918,0.462374,0.037799
3921,0.458664,0.0414267
3924,0.459051,0.0335699
3927,0.459694,0.0418816
3930,0.456077,0.0334835
3933,0.458269,0.0385697
3936,0.459671,0.0399155
3939,0.460306,0.0407538
3942,0.457743,0.0353368
3945,0.459273,0.0359307
3948,0.460314,0.0338932
3951,0.460754,0.0364758
3954,0.460656,0.0364946
3957,0.459558,0.0378968
3960,0.458968,0.0412275
3963,0.457867,0.040844
3966,0.460291,0.0404343
3969,0.461378,0.0412876
3972,0.45834,0.0337541
3975,0.457739,0.0346789
3978,0.456961,0.0349007
3981,0.454874,0.0403553
3984,0.450269,0.0349683
3987,0.453837,0.0394681
3990,0.457442,0.0384118
3993,0.459231,0.0383968
3996,0.456235,0.0399343
3999,0.457476,0.0392388
4002,0.456765,0.0363555
4005,0.458002,0.0357841
4008,0.458288,0.0325549
4011,0.457494,0.0354119
4014,0.457848,0.0364081
4017,0.458427,0.0354307
4020,0.455976,0.036863
4023,0.458697,0.0359006
4026,0.459882,0.0358593
4029,0.46081,0.0356563
4032,0.459957,0.0362239
4035,0.460069,0.0364608
4038,0.459468,0.041329
4041,0.459468,0.038393
4044,0.459919,0.0399117
4047,0.457509,0.0378592
4050,0.457333,0.0383704
4053,0.457472,0.0390095
4056,0.457761,0.0397125
4059,0.457746,0.0394155
4062,0.458457,0.0388291
4065,0.45687,0.0389043
4068,0.454649,0.0358555
4071,0.458032,0.0383817
4074,0.459066,0.0394832
4077,0.459573,0.0377803
4080,0.460415,0.0381675
4083,0.459882,0.0378893
4086,0.4591,0.0395208
4089,0.458039,0.0396373
4092,0.458419,0.0373141
4095,0.452348,0.0381487
4098,0.453194,0.0367239
4101,0.453788,0.0347841
4104,0.454487,0.0343556
4107,0.456303,0.0299159
4110,0.457645,0.049994
4113,0.457791,0.0531367
4116,0.456641,0.0547532
4119,0.455596,0.0564787
4122,0.453652,0.0520879
4125,0.457551,0.0533209
4128,0.457355,0.0583846
4131,0.457829,0.0586477
4134,0.457479,0.0578057
4137,0.458874,0.0585011
4140,0.45822,0.0655873
4143,0.46193,0.094304
4146,0.460468,0.0440168
4149,0.466889,0.052227
4152,0.471629,0.0635047
4155,0.476046,0.0675007
4158,0.476644,0.0548359
4161,0.476963,0.0813234
4164,0.478257,0.0468024
4167,0.480538,0.132908
4170,0.488132,0.152392
4173,0.496203,0.0618995
4176,0.501913,0.101183
4179,0.508372,0.0814287
4182,0.509022,0.0949732
4185,0.507902,0.0788198
4188,0.502391,0.122754
4191,0.501237,0.0842594
4194,0.499741,0.069448
4197,0.492335,0.0897178
4200,0.493169,0.0956724
4203,0.499714,0.157068
4206,0.502413,0.119002
4209,0.501304,0.158794
4212,0.498049,0.200141
4215,0.495835,0.280995
4218,0.490737,0.263022
4221,0.477576,0.325155
4224,0.466832,0.269375
4227,0.455566,0.350954
4230,0.448683,0.278818
4233,0.440416,0.276826
4236,0.434477,0.274089
4239,0.427936,0.272612
4242,0.416128,0.244835
4245,0.393306,0.29422
4248,0.395851,0.275202
4251,0.391061,0.278668
4254,0.397726,0.285299
4257,0.402125,0.272409
4260,0.408538,0.301065
4263,0.408598,0.290697
4266,0.413256,0.286611
4269,0.416846,0.279833
4272,0.414865,0.239068
4275,0.42174,0.233448
4278,0.420534,0.259041
4281,0.421831,0.216847
4284,0.419504,0.263905
4287,0.422244,0.182334
4290,0.423924,0.211302
4293,0.42612,0.220313
4296,0.420312,0.243128
4299,0.430778,0.219178
4302,0.441168,0.238049
4305,0.454611,0.255188
4308,0.457543,0.191533
4311,0.466562,0.247451
4314,0.481956,0.253906
4317,0.494331,0.276232
4320,0.489828,0.241948
4323,0.494203,0.184292
4326,0.486937,0.21193
4329,0.477151,0.183939
4332,0.468208,0.208754
4335,0.45896,0.30455
4338,0.453401,0.281029
4341,0.452946,0.211378
4344,0.457107,0.25606
4347,0.457701,0.21705
4350,0.465502,0.257034
4353,0.473764,0.269653
4356,0.475554,0.232651
4359,0.471001,0.22902
4362,0.467344,0.205179
4365,0.466419,0.230095
4368,0.463028,0.243012
4371,0.459615,0.212024
4374,0.46134,0.232046
4377,0.459694,0.197375
4380,0.456291,0.18165
4383,0.451025,0.197709
4386,0.442236,0.215558
4389,0.429695,0.212408
4392,0.421673,0.191412
4395,0.416853,0.193687
4398,0.41079,0.210641
4401,0.403978,0.214487
4404,0.395542,0.172519
4407,0.390155,0.159068
4410,0.381449,0.130355
4413,0.37166,0.172774
4416,0.366777,0.224268
4419,0.364882,0.22829
4422,0.357664,0.225667
4425,0.359773,0.197484
4428,0.365946,0.226407
4431,0.375694,0.159226
4434,0.389524,0.168109
4437,0.404835,0.155038
4440,0.418771,0.179687
4443,0.425894,0.180849
4446,0.433484,0.166959
4449,0.459694,0.171079
4452,0.475422,0.174785
4455,0.484794,0.178545
4458,0.497944,0.180947
4461,0.504466,0.20057
4464,0.496963,0.162105
4467,0.497154,0.193984
4470,0.488726,0.189525
4473,0.48461,0.186834
4476,0.476666,0.170312
4479,0.467167,0.20272
4482,0.458058,0.178214
4485,0.444724,0.175939
4488,0.430338,0.17097
4491,0.424462,0.181262
4494,0.420725,0.17256
4497,0.417117,0.175883
4500,0.416936,0.171823
4503,0.420936,0.222219
4506,0.421522,0.197036
4509,0.417338,0.146828
4512,0.413775,0.188131
4515,0.406177,0.211314
4518,0.397614,0.179511
4521,0.38987,0.151677
4524,0.400463,0.18236
4527,0.41756,0.181315
4530,0.427612,0.169583
4533,0.431413,0.241906
4536,0.422316,0.208291
4539,0.405313,0.159433
4542,0.392715,0.201326
4545,0.376197,0.186259
4548,0.369032,0.205115
4551,0.360446,0.213066
4554,0.352191,0.23402
4557,0.35442,0.190879
4560,0.360266,0.223663
4563,0.368367,0.197499
4566,0.381332,0.212216
4569,0.394745,0.200438
4572,0.396888,0.197641
4575,0.395817,0.204626
4578,0.3922,0.184747
4581,0.382686,0.210329
4584,0.377938,0.210141
4587,0.381306,0.212765
4590,0.383486,0.20484
4593,0.384956,0.172654
4596,0.372882,0.210558
4599,0.370769,0.189089
4602,0.361461,0.224697
4605,0.355138,0.227204
4608,0.347048,0.227144
4611,0.335537,0.194322
4614,0.31914,0.199848
4617,0.3029,0.169071
4620,0.283059,0.144681
4623,0.273315,0.163384
4626,0.264018,0.179958
4629,0.257184,0.166786
4632,0.27174,0.171173
4635,0.282965,0.204401
4638,0.281784,0.169154
4641,0.282017,0.198525
4644,0.285393,0.161835
4647,0.293141,0.154023
4650,0.304276,0.127077
4653,0.309494,0.18721
4656,0.308197,0.154508
4659,0.298874,0.151463
4662,0.284096,0.146862
4665,0.279341,0.126618
4668,0.277638,0.14323
4671,0.261436,0.100924
4674,0.248474,0.103732
4677,0.23558,0.118232
4680,0.223095,0.102052
4683,0.213269,0.124784
4686,0.208096,0.141982
4689,0.213994,0.1093
4692,0.221738,0.132096
4695,0.215287,0.092977
4698,0.209671,0.115401
4701,0.209509,0.148914
4704,0.213566,0.096552
4707,0.216468,0.102939
4710,0.215795,0.0984166
4713,0.222716,0.164387
4716,0.235106,0.125521
4719,0.252748,0.122243
4722,0.262894,0.13499
4725,0.27145,0.179755
4728,0.276897,0.168902
4731,0.277134,0.20145
4734,0.27583,0.193653
4737,0.272593,0.141505
4740,0.271533,0.134652
4743,0.26109,0.160177
4746,0.250771,0.153767
4749,0.243542,0.161271
4752,0.232414,0.140065
4755,0.214171,0.11472
4758,0.194758,0.088199
4761,0.171462,0.103916
4764,0.157264,0.0994842
4767,0.142257,0.137607
4770,0.12437,0.115239
4773,0.113096,0.0956047
4776,0.0942927,0.0465693
4779,0.0760605,0.0555201
4782,0.0609897,0.0496143
4785,0.0474791,0.0403628
4788,0.0301039,0.0411598
4791,0.0130821,0.0261718
4794,0.00893945,0.0159166
4797,0.00454115,0.016285
4800,0.00137964,0.0160331
4803,0.0009774,0.0179804
4806,0.000905974,0.0160218
4809,0.000860863,0.0169541
4812,0.0012819,0.017127
4815,0.00139843,0.0187285
4818,0.00164654,0.0177135
4821,0.00235328,0.0174917
4824,0.0020563,0.0179127
4827,0.00237583,0.0174203
4830,0.00212772,0.0171722
4833,0.00207509,0.0174428
4836,0.00371412,0.0184616
4839,0.00431559,0.0206983
4842,0.00456746,0.0188864
4845,0.00499226,0.0238298
4848,0.00511255,0.0196645
4851,0.00412763,0.0202134
4854,0.00487196,0.020781
4857,0.00489076,0.0228561
4860,0.00474791,0.0224088
4863,0.00480805,0.0241192
4866,0.00436822,0.0241418
4869,0.00438326,0.0234689
4872,0.00499602,0.0217584
4875,0.00466896,0.0232433
4878,0.00462761,0.0246793
4881,0.00373667,0.0226794
4884,0.00443965,0.0239538
4887,0.00453363,0.0219313
4890,0.00422913,0.018533
4893,0.00413515,0.0163188
4896,0.0034209,0.0163038
4899,0.00330812,0.0169654
4902,0.0031991,0.0161459
4905,0.00307129,0.0164767
4908,0.00299235,0.0172323
4911,0.0022405,0.01936
4914,0.00162775,0.0183826
4917,0.00757861,0.0230441
4920,0.0286942,0.0178827
4923,0.036051,0.0269274
4926,0.0429717,0.0299272
4929,0.0663429,0.0431184
4932,0.0882893,0.0371863
4935,0.0947401,0.0562042
4938,0.0982963,0.053569
4941,0.102691,0.0672188
4944,0.107089,0.0551592
4947,0.111397,0.0713614
4950,0.107473,0.0830226
4953,0.0982474,0.0486407
4956,0.0908042,0.0661512
4959,0.0857518,0.0443852
4962,0.0788686,0.0532908
4965,0.0655985,0.056832
4968,0.0622265,0.0425582
4971,0.0669256,0.0415658
4974,0.0701059,0.0608732
4977,0.0734779,0.0502195
4980,0.0712073,0.0391824
4983,0.07282,0.0653767
4986,0.0762823,0.0495767
4989,0.0772409,0.065685
4992,0.0805152,0.0664857
4995,0.0834323,0.0602304
4998,0.0887065,0.0768274
5001,0.0882291,0.0731508
5004,0.0837368,0.0636212
5007,0.0801392,0.0757297
5010,0.0740869,0.0402538
5013,0.0564899,0.042483
5016,0.0381938,0.0336301
5019,0.0234238,0.0202322
5022,0.0151159,0.0260101
5025,0.0125671,0.0246681
5028,0.00937176,0.0260101
5031,0.00711998,0.0273371
5034,0.00791318,0.0409042
5037,0.00835301,0.036472
5040,0.0087966,0.0299648
5043,0.00980031,0.0301227
5046,0.0116386,0.0261454
5049,0.0177586,0.0301565
5052,0.0305813,0.0521104
5055,0.0419718,0.0450882
5058,0.057347,0.0406335
5061,0.0765755,0.0337504
5064,0.0942739,0.04428
5067,0.11572,0.0554825
5070,0.149974,0.0511669
5073,0.174011,0.0669218
5076,0.196266,0.074865
5079,0.208205,0.0767334
5082,0.208299,0.110394
5085,0.207134,0.116991
5088,0.204555,0.105191
5091,0.198822,0.0932176
5094,0.190025,0.0890749
5097,0.180323,0.0898794
5100,0.166451,0.080549
5103,0.159151,0.0745605
5106,0.14858,0.0648129
5109,0.12487,0.05193
5112,0.0956348,0.0533547
5115,0.0685195,0.0367953
5118,0.0457912,0.0199352
5121,0.0257507,0.0193412
5124,0.0109995,0.0167135
5127,0.000992436,0.0175293
5130,0.00102627,0.0170631
5133,0.00106386,0.0158339
5136,0.00196232,0.0157512
5139,0.00167286,0.0159354
5142,0.00154128,0.0157775
5145,0.00154128,0.016285
5148,0.00153001,0.0161045
5151,0.00148865,0.0167511
5154,0.00139467,0.0164504
5157,0.00135332,0.0173188
5160,0.00254876,0.0167699
5163,0.00221419,0.0169917
5166,0.00190593,0.0168827
5169,0.00174428,0.0168451
5172,0.00171045,0.0169579
5175,0.0015676,0.0171872
5178,0.00145106,0.0169053
5181,0.00141723,0.0189164
5184,0.00142099,0.0162775
5187,0.00119168,0.0169804
5190,0.00104507,0.0157512
5193,0.000966122,0.015973
5196,0.000142851,0.0166985
5199,0.000105258,0.0169203
5202,5.63884e-05,0.0173037
5205,0,0.0174767
5208,0,0.0178902
5211,9.39807e-05,0.0195517
5214,0.000105258,0.0185255
5217,0.000142851,0.0187736
5220,0.00165406,0.0156046
5223,0.00137964,0.0164015
5226,0.00107138,0.0169767
5229,0.000947326,0.0161196
5232,0.000947326,0.0166609
5235,0.000951085,0.0166196
5238,0.000966122,0.0166158
5241,0.000992436,0.0169165
5244,0.000992436,0.0169767
5247,0.00105634,0.0166459
5250,0.000951085,0.0162399
5253,0.00097364,0.0160406
5256,0.000921011,0.017112
5259,0.010774,0.0245666
5262,0.0294197,0.0281153
5265,0.0410583,0.0370698
5268,0.0447085,0.0263033
5271,0.0475956,0.0205705
5274,0.0495542,0.050915
5277,0.051227,0.0541103
5280,0.052633,0.0475918
5283,0.0543133,0.0330135
5286,0.0555163,0.0471031
5289,0.0590086,0.0474753
5292,0.0770492,0.0639144
5295,0.0936198,0.0894809
5298,0.103555,0.0825978
5301,0.109495,0.094086
5304,0.114578,0.0829173
5307,0.116408,0.0807219
5310,0.119254,0.120585
5313,0.122213,0.0721283
5316,0.122931,0.0757785
5319,0.123051,0.0462084
5322,0.122848,0.0669481
5325,0.122968,0.0584147
5328,0.123788,0.0545802
5331,0.134291,0.0698803
5334,0.14561,0.066388
5337,0.150301,0.0903869
5340,0.151316,0.0805227
5343,0.152948,0.102853
5346,0.153471,0.0990444
5349,0.153952,0.0883532
5352,0.158023,0.0679217
5355,0.170729,0.0838007
5358,0.184563,0.112051
5361,0.192747,0.112965
5364,0.197882,0.0914357
5367,0.200559,0.12563
5370,0.204043,0.118773
5373,0.206134,0.104758
5376,0.208389,0.103454
5379,0.209333,0.102811
5382,0.209536,0.136595
5385,0.209517,0.129754
5388,0.21802,0.127757
5391,0.226775,0.121419
5394,0.23508,0.131171
5397,0.238053,0.169248
5400,0.238064,0.111029
5403,0.238677,0.119468
5406,0.239121,0.105845
5409,0.240824,0.119085
5412,0.242286,0.112029
5415,0.245489,0.105995
5418,0.25471,0.107604
5421,0.266665,0.125231
5424,0.279664,0.138261
5427,0.284953,0.143787
5430,0.287453,0.120743
5433,0.299554,0.160609
5436,0.314617,0.162184
5439,0.328707,0.149136
5442,0.340676,0.144956
5445,0.348356,0.135058
5448,0.356221,0.109247
5451,0.359619,0.132336
5454,0.358021,0.123137
5457,0.356849,0.122141
5460,0.354416,0.152425
5463,0.349725,0.135178
5466,0.344575,0.126825
5469,0.339594,0.123957
5472,0.32794,0.105424
5475,0.322967,0.0922364
5478,0.321004,0.0819174
5481,0.325794,0.110939
5484,0.331399,0.103007
5487,0.339165,0.113025
5490,0.347345,0.0816918
5493,0.356672,0.103638
5496,0.364893,0.09065
5499,0.369239,0.137937
5502,0.375592,0.121934
5505,0.379569,0.089496
5508,0.381054,0.129411
5511,0.381911,0.133377
5514,0.381344,0.125175
5517,0.379389,0.130596
5520,0.377885,0.129265
5523,0.386133,0.138411
5526,0.392291,0.117461
5529,0.399136,0.0778687
5532,0.405557,0.0744215
5535,0.410466,0.0778348
5538,0.415861,0.111615
5541,0.420692,0.112841
5544,0.422567,0.102093
5547,0.421646,0.101597
5550,0.42359,0.0888343
5553,0.426451,0.0844624
5556,0.431871,0.129103
5559,0.438007,0.130648
5562,0.443288,0.153959
5565,0.451912,0.145471
5568,0.463216,0.124539
5571,0.469238,0.125385
5574,0.480715,0.158824
5577,0.491305,0.140234
5580,0.497425,0.146046
5583,0.499673,0.12896
5586,0.501101,0.11239
5589,0.503628,0.133877
5592,0.503466,0.151907
5595,0.498628,0.09674
5598,0.497252,0.146181
5601,0.494809,0.119754
5604,0.493512,0.104773
5607,0.493196,0.0951724
5610,0.498041,0.10118
5613,0.502545,0.108788
5616,0.505834,0.0959882
5619,0.509902,0.0929056
5622,0.511375,0.071884
5625,0.514116,0.0841165
5628,0.51648,0.095007
5631,0.518469,0.0922853
5634,0.521018,0.105398
5637,0.521499,0.113604
5640,0.520131,0.0865224
5643,0.519958,0.0940747
5646,0.522679,0.0839962
5649,0.525059,0.064749
5652,0.525194,0.0635235
5655,0.524044,0.0625348
5658,0.523924,0.0660647
5661,0.524202,0.0998602
5664,0.525187,0.0609634
5667,0.525612,0.078613
5670,0.521751,0.0878043
5673,0.523973,0.0513248
5676,0.526063,0.0612416
5679,0.525867,0.0641324
5682,0.52757,0.0536705
5685,0.529709,0.0530841
5688,0.53198,0.0872066
5691,0.532284,0.0596702
5694,0.531596,0.0590913
5697,0.528074,0.0693841
5700,0.530326,0.0620724
5703,0.533284,0.0599898
5706,0.534476,0.0672263
5709,0.535728,0.0620949
5712,0.537934,0.0620949
5715,0.541885,0.0627641
5718,0.544115,0.0649783
5721,0.551671,0.0656361
5724,0.552204,0.0637979
5727,0.551701,0.0651098
5730,0.551656,0.0591139
5733,0.551697,0.0545652
5736,0.552223,0.0584598
Time(milisec),376236
