framenum,dense dynamic density,sparse dynamic density
3,0.0247287,0.0255987
6,0.0805885,0.0515649
9,0.0386814,0.0488507
12,0.0489004,0.077268
15,0.0548548,0.088673
18,0.0622208,0.0958999
21,0.0427201,0.0718331
24,0.0277361,0.0636101
27,0.0376501,0.0635616
30,0.0577944,0.0805099
33,0.0803815,0.070971
36,0.0961936,0.0760266
39,0.101975,0.0769624
42,0.0939127,0.072145
45,0.0840249,0.062764
48,0.0779801,0.0517901
51,0.0654765,0.0495254
54,0.0357155,0.0498711
57,0.0318236,0.0490666
60,0.0338147,0.0379943
63,0.0251616,0.047708
66,0.0253573,0.0305897
69,0.0204642,0.0200536
72,0.0105351,0.0159928
75,0.0104222,0.0171127
78,0.017359,0.0216917
81,0.0233436,0.0185399
84,0.0335136,0.0454177
87,0.0495177,0.0631763
90,0.0484186,0.0718083
93,0.0488627,0.056105
96,0.0597215,0.0618429
99,0.0657513,0.0870874
102,0.0348385,0.0741912
105,0.0387793,0.0626184
108,0.0478691,0.0717958
111,0.0605684,0.0627973
114,0.0734597,0.0719047
117,0.0951548,0.0791546
120,0.103292,0.0976321
123,0.104075,0.0979606
126,0.103921,0.0958448
129,0.0818118,0.102422
132,0.0938675,0.0939815
135,0.0951472,0.090446
138,0.0878077,0.0753114
141,0.0771709,0.0748633
144,0.0738211,0.0610288
147,0.0731134,0.0538252
150,0.0793728,0.0574906
153,0.0662142,0.0474827
156,0.0555098,0.0547602
159,0.0554157,0.0605589
162,0.041828,0.0471326
165,0.0472706,0.0523879
168,0.0320796,0.0354466
171,0.019734,0.0292188
174,0.00466722,0.0290974
177,0.0106518,0.02539
180,0.00212659,0.0211144
183,0.000549527,0.0233499
186,0.00457312,0.0231072
189,0,0.015366
192,0,0.0137704
195,0.000583402,0.0107217
198,3.3875e-05,0.00924053
201,0.00517158,0.0101921
204,0.000101625,0.00940016
207,0.000248416,0.00880041
210,0.00109905,0.00847492
213,0,0.00767517
216,0.00666584,0.00825987
219,0,0.0062642
222,0,0.00723588
225,5.26944e-05,0.00795895
228,0,0.00608794
231,0.000749013,0.00957667
234,0,0.00852139
237,0.000282291,0.00919725
240,0.00151308,0.0124129
243,0.00268365,0.00744837
246,0.00192711,0.00547552
249,0.00225833,0.00957524
252,0.000131736,0.00703286
255,0.00109905,0.00701277
258,0.00727935,0.0105192
261,0.00337997,0.00692646
264,0,0.00554896
267,0.000225833,0.00822133
270,0,0.00608794
273,6.77499e-05,0.0069415
276,0.00526191,0.00645487
279,0.00576251,0.0102415
282,0.00968447,0.0198307
285,0.0131209,0.0203906
288,0.0175811,0.0369895
291,0.008337,0.0315104
294,0.00697071,0.0365106
297,0.00458817,0.023231
300,0.00642871,0.0186464
303,0.00196475,0.0074994
306,0,0.00731789
309,0,0.00732066
312,0,0.0077959
315,0,0.00669112
318,0,0.00593748
321,0,0.0100498
324,0,0.0118729
327,0,0.00874935
330,0,0.00672642
333,0,0.00731665
336,0,0.00911352
339,0.000259708,0.00767726
342,0.000293583,0.0101319
345,0.00775736,0.0211783
348,0.0145399,0.0200507
351,0.0219773,0.0264809
354,0.0258504,0.0343126
357,0.0263735,0.0304676
360,0.0231893,0.042929
363,0.0213262,0.0329494
366,0.0208707,0.0358135
369,0.0219886,0.0265846
372,0.021345,0.0251238
375,0.0214617,0.0207549
378,0.0196249,0.0262291
381,0.0186124,0.0192384
384,0.0157293,0.0169191
387,0.0211568,0.0247025
390,0.0271113,0.0460379
393,0.013136,0.0463163
396,0.0108136,0.0417062
399,0.0117471,0.0496598
402,0.0105803,0.049127
405,0.0399649,0.0491968
408,0.0426674,0.0596906
411,0.0623713,0.0618295
414,0.0770919,0.0572278
417,0.0982336,0.0552909
420,0.114392,0.0673244
423,0.140427,0.0663064
426,0.16033,0.0832433
429,0.173605,0.0771092
432,0.155151,0.0722074
435,0.159965,0.0537059
438,0.190953,0.0559505
441,0.216676,0.0588895
444,0.22243,0.0573839
447,0.22435,0.0444102
450,0.221945,0.0477636
453,0.224452,0.041821
456,0.220564,0.0323229
459,0.211447,0.0407529
462,0.175431,0.0302374
465,0.105961,0.0229707
468,0.0425394,0.0266355
471,0.00937207,0.0170196
474,0.000444138,0.0224304
477,0,0.0186955
480,0,0.019028
483,0,0.0175591
486,0,0.0151986
489,0,0.0134963
492,0,0.0113964
495,0,0.0112223
498,0,0.0104432
501,0.00266859,0.00728858
504,0.0166439,0.0162176
507,0.0347105,0.026865
510,0.0284361,0.0471388
513,0.0479067,0.0738492
516,0.0615508,0.0768128
519,0.0616411,0.0641748
522,0.0622998,0.0721062
525,0.0675316,0.0920364
528,0.0691275,0.07897
531,0.0695679,0.0780105
534,0.0717697,0.0800765
537,0.070761,0.0571236
540,0.0685102,0.0611949
543,0.0742388,0.0557704
546,0.0778409,0.0564683
549,0.0703094,0.0433871
552,0.056797,0.0558213
555,0.0554947,0.0439122
558,0.0495666,0.0446494
561,0.00250675,0.0361546
564,0.00327458,0.0316322
567,0,0.029361
570,0.00293583,0.0203669
573,0.00403488,0.019751
576,0.0112578,0.0261278
579,0.0175021,0.0174231
582,0.0192749,0.0176224
585,0.0221542,0.0200578
588,0.0298175,0.0226939
591,0.0361935,0.0290833
594,0.0401719,0.039797
597,0.0436121,0.042459
600,0.0458592,0.0366506
603,0.0571885,0.0341434
606,0.0550807,0.0380222
609,0.059315,0.040979
612,0.069933,0.0418547
615,0.0556377,0.0405815
618,0.0410866,0.0425059
621,0.0312026,0.0414713
624,0.0305289,0.0449445
627,0.0337319,0.0403331
630,0.0344358,0.0398615
633,0.0309429,0.0450531
636,0.0308187,0.0387643
639,0.0230764,0.0391217
642,0.0172649,0.0353103
645,0.00768209,0.0317073
648,0.00186312,0.033457
651,0.00479519,0.0325778
654,0.00572863,0.0327645
657,0.0057738,0.0300574
660,0.00738474,0.031981
663,0.000109153,0.0319008
666,1.12917e-05,0.0314549
669,1.12917e-05,0.0299214
672,0,0.026426
675,0,0.032085
678,0,0.0302693
681,0,0.0289056
684,0,0.0266829
687,0,0.0263166
690,0,0.024627
693,0,0.025235
696,0,0.0234314
699,0,0.022506
702,0,0.0220809
705,0.000297347,0.021956
708,0,0.0214573
711,0,0.0208874
714,0.000805471,0.0194792
717,0,0.022258
720,1.88194e-05,0.0172958
723,0,0.0176869
726,0,0.0155795
729,0,0.0151074
732,0,0.0141201
735,0.000105389,0.014849
738,0,0.0135867
741,0.0011254,0.0136425
744,0,0.0141976
747,0,0.0131707
750,0.0020325,0.0119575
753,0.000538235,0.0124999
756,0.00106142,0.0129058
759,0.00178032,0.0113318
762,0,0.0121625
765,0.00141898,0.0138629
768,7.52777e-05,0.0106436
771,0.000444138,0.0118184
774,0,0.0135456
777,0,0.0126321
780,0.00150932,0.0125617
783,0.000986138,0.0155901
786,2.25833e-05,0.0123346
789,0.000316166,0.0130255
792,0.00540494,0.0153261
795,0.010904,0.0108674
798,0.0158685,0.0249514
801,0.0189737,0.0265404
804,0.0217327,0.0226903
807,0.0222671,0.0239626
810,4.14027e-05,0.0253664
813,1.50555e-05,0.0188117
816,0,0.021329
819,0,0.0198297
822,0.000350041,0.0157013
825,0,0.015726
828,0,0.0157327
831,0.00119692,0.0139817
834,0,0.0130307
837,0.000139264,0.0157327
840,0.000440374,0.0136196
843,0,0.0149878
846,0,0.0143864
849,0.000828054,0.0146679
852,0.00105765,0.0150399
855,0.000101625,0.0161185
858,0,0.01531
861,0.000459194,0.0155676
864,0,0.0156291
867,0.000146791,0.0138298
870,0.00109529,0.0143996
873,0,0.017501
876,0,0.0135713
879,0,0.0153173
882,0.000733957,0.0170705
885,0,0.0189764
888,7.52777e-06,0.015916
891,0.00114046,0.0175021
894,0.000579638,0.0207104
897,0,0.0158193
900,3.76388e-06,0.0154474
903,0,0.0170907
906,0,0.0122015
909,3.01111e-05,0.0151889
912,0,0.0156547
915,0.00052318,0.0135645
918,0.000146791,0.0136814
921,0.00280409,0.0164598
924,0,0.0147232
927,0,0.0159988
930,0,0.0141263
933,0,0.0154665
936,0,0.0158268
939,3.76388e-06,0.0145484
942,0.00031993,0.0143395
945,0.000350041,0.0154604
948,0,0.0170016
951,0,0.0146015
954,0,0.014074
957,0,0.0139114
960,0,0.0141681
963,0,0.0153913
966,0,0.019202
969,0,0.0157966
972,3.76388e-05,0.0144598
975,0.000124208,0.0178969
978,0.000143028,0.0166846
981,0.000127972,0.0144007
984,0.00199486,0.0173474
987,3.76388e-06,0.0152808
990,0.000139264,0.015037
993,0.000316166,0.0162245
996,0.00072643,0.0163822
999,0.000365097,0.0150966
1002,3.01111e-05,0.0158898
1005,0.000180666,0.0145327
1008,0,0.0144308
1011,0.0042833,0.0197743
1014,0.00346277,0.0205598
1017,0.000139264,0.0160701
1020,0.00497209,0.0186708
1023,5.64583e-05,0.0169816
1026,1.88194e-05,0.0176799
1029,0,0.0172631
1032,0,0.0159674
1035,0.0013136,0.0177126
1038,0,0.0140332
1041,0,0.0149014
1044,2.25833e-05,0.021628
1047,0,0.0187239
1050,0,0.0193468
1053,0,0.0200879
1056,0,0.0175713
1059,0.00181043,0.0185953
1062,1.50555e-05,0.0152352
1065,0.00273258,0.0206491
1068,0,0.0161051
1071,0,0.0196133
1074,0.00380152,0.0195931
1077,0,0.0171612
1080,0,0.0188556
1083,0,0.0173919
1086,0.000282291,0.01691
1089,0,0.018423
1092,0.00421179,0.0200476
1095,0.00118939,0.0178351
1098,0.00404241,0.0172069
1101,0.00701588,0.02035
1104,0.000745249,0.0190649
1107,0.000767832,0.0197839
1110,0,0.0188483
1113,0,0.0174891
1116,0,0.0210636
1119,0,0.019388
1122,0,0.0186891
1125,0,0.0192147
1128,0.00435105,0.0181968
1131,0.0112314,0.0223658
1134,0.0147206,0.0228414
1137,0.0152663,0.0233404
1140,0.0167907,0.0203771
1143,0.0152776,0.0191768
1146,0.0166025,0.0176185
1149,0.00871716,0.016966
1152,0.00336115,0.0208099
1155,0.00694437,0.0151807
1158,0.000937207,0.0244178
1161,0.00290195,0.0184785
1164,0.00111787,0.0277114
1167,0.00011668,0.0234857
1170,0.000410263,0.0239321
1173,0,0.0200859
1176,0,0.0206586
1179,7.52777e-06,0.0198472
1182,0,0.0169107
1185,0.000692555,0.0199126
1188,0.000150555,0.021839
1191,0,0.0152286
1194,6.77499e-05,0.0201864
1197,5.26944e-05,0.0234427
1200,0,0.0158373
1203,0,0.0165104
1206,0,0.0175873
1209,0,0.0141943
1212,0,0.0142982
1215,0,0.0166842
1218,0,0.0132755
1221,0,0.0171091
1224,0,0.016515
1227,0,0.0124037
1230,0,0.0164261
1233,0.000124208,0.0185752
1236,0.00972964,0.0171575
1239,0.0014491,0.0175985
1242,0.000715138,0.0188928
1245,0.00145662,0.0135167
1248,0.00100119,0.0142963
1251,0.00031993,0.018633
1254,0.00124208,0.0155883
1257,0.000459194,0.0164356
1260,0.00160341,0.0174492
1263,0,0.016511
1266,0.00804342,0.0184385
1269,8.65693e-05,0.016149
1272,0.00704975,0.0181831
1275,0,0.0173329
1278,0.00167869,0.0175409
1281,0.00689167,0.0185403
1284,0.00252557,0.0198724
1287,0.00864941,0.016908
1290,0.000222069,0.017841
1293,0,0.0177887
1296,5.26944e-05,0.0166545
1299,0.00140769,0.0162649
1302,0.0101324,0.0209351
1305,0.0135123,0.0178996
1308,0.000255944,0.0160487
1311,0.00242771,0.0146676
1314,0.0108212,0.0224206
1317,0.0111524,0.0161148
1320,0,0.0165214
1323,0,0.0156529
1326,0,0.0182846
1329,0,0.0170812
1332,0,0.0181195
1335,0,0.0186817
1338,0,0.0179774
1341,0,0.0154099
1344,0,0.0164519
1347,0,0.0174381
1350,0,0.0180358
1353,0.00063986,0.0191246
1356,0.00500973,0.0194799
1359,0.0111147,0.0206429
1362,0.0227037,0.0210972
1365,0.0241227,0.024382
1368,0.0284738,0.0212256
1371,0.0300885,0.0236532
1374,0.0281651,0.0244956
1377,0.0297234,0.0250921
1380,0.0269042,0.0248138
1383,0.027243,0.0222353
1386,0.026844,0.017735
1389,0.0151609,0.0241465
1392,0.0174343,0.0205874
1395,0.0136027,0.0194825
1398,0.0102641,0.0233152
1401,0.0105953,0.0218364
1404,0.00240889,0.0183189
1407,0.0108588,0.0153886
1410,0.0047839,0.0191946
1413,0.00379776,0.0146523
1416,0.00203626,0.0146928
1419,0.00175773,0.0179518
1422,0.00189323,0.0139105
1425,0.0010426,0.0171735
1428,0.0012609,0.0221986
1431,0.0121423,0.0242412
1434,0.008337,0.0277234
1437,0.00959038,0.0337695
1440,0.00683145,0.0413707
1443,0.0326103,0.0449386
1446,0.0210665,0.0647106
1449,0.0615357,0.0655053
1452,0.0880523,0.0690807
1455,0.116684,0.0743484
1458,0.164794,0.0816687
1461,0.201842,0.0893292
1464,0.22866,0.0912927
1467,0.213499,0.103526
1470,0.247935,0.137086
1473,0.273728,0.148559
1476,0.254815,0.164915
1479,0.305454,0.139738
1482,0.340989,0.155711
1485,0.377743,0.182062
1488,0.384266,0.184792
1491,0.398147,0.186618
1494,0.405581,0.152899
1497,0.414087,0.199441
1500,0.423994,0.162329
1503,0.412717,0.181581
1506,0.429948,0.185716
1509,0.416982,0.166415
1512,0.462999,0.193433
1515,0.49235,0.183912
1518,0.515942,0.183883
1521,0.534046,0.211351
1524,0.561139,0.223086
1527,0.589714,0.225391
1530,0.59953,0.263354
1533,0.609708,0.217657
1536,0.583583,0.17708
1539,0.591893,0.221024
1542,0.613314,0.23039
1545,0.611183,0.265853
1548,0.614522,0.229643
1551,0.621022,0.220651
1554,0.627428,0.251586
1557,0.644678,0.218538
1560,0.659158,0.200318
1563,0.65017,0.252056
1566,0.639864,0.228404
1569,0.64397,0.216785
1572,0.645691,0.22835
1575,0.645374,0.211313
1578,0.647068,0.225456
1581,0.652861,0.273556
1584,0.641881,0.277337
1587,0.625761,0.315338
1590,0.623849,0.24367
1593,0.633127,0.377033
1596,0.648186,0.391048
1599,0.665797,0.352586
1602,0.672967,0.408921
1605,0.687722,0.504956
1608,0.694922,0.539344
1611,0.685181,0.530808
1614,0.675561,0.432835
1617,0.671146,0.46481
1620,0.660023,0.507872
1623,0.655473,0.456558
1626,0.621756,0.533586
1629,0.631456,0.540654
1632,0.593083,0.512821
1635,0.589165,0.448723
1638,0.541898,0.517443
1641,0.505813,0.498221
1644,0.542903,0.474398
1647,0.571711,0.47036
1650,0.565704,0.457538
1653,0.555466,0.315593
1656,0.558286,0.375643
1659,0.563224,0.472463
1662,0.555944,0.407341
1665,0.578125,0.309996
1668,0.587309,0.305661
1671,0.581324,0.281994
1674,0.587584,0.279186
1677,0.593162,0.26518
1680,0.612218,0.283641
1683,0.589571,0.30163
1686,0.576672,0.261694
1689,0.565343,0.193752
1692,0.591276,0.233981
1695,0.564466,0.262855
1698,0.591957,0.20524
1701,0.55477,0.241438
1704,0.581614,0.213126
1707,0.621703,0.306654
1710,0.581208,0.31475
1713,0.601239,0.39551
1716,0.608635,0.312258
1719,0.596764,0.344337
1722,0.581091,0.304066
1725,0.561233,0.259581
1728,0.560047,0.236835
1731,0.544069,0.255052
1734,0.552241,0.283306
1737,0.561895,0.124882
1740,0.559949,0.166826
1743,0.554194,0.163203
1746,0.57426,0.189353
1749,0.541051,0.162056
1752,0.548315,0.185662
1755,0.561571,0.186976
1758,0.561504,0.259042
1761,0.519585,0.23801
1764,0.500013,0.253286
1767,0.542504,0.249467
1770,0.541574,0.264788
1773,0.535894,0.264126
1776,0.529202,0.32196
1779,0.503642,0.33617
1782,0.5064,0.296593
1785,0.497808,0.239151
1788,0.470922,0.230153
1791,0.442294,0.223362
1794,0.428563,0.237115
1797,0.437781,0.224712
1800,0.44459,0.213239
1803,0.462547,0.264813
1806,0.456281,0.187273
1809,0.463918,0.29956
1812,0.478999,0.295054
1815,0.462126,0.273543
1818,0.436061,0.341922
1821,0.441274,0.324234
1824,0.448109,0.282599
1827,0.451531,0.239968
1830,0.432395,0.239129
1833,0.459427,0.255461
1836,0.459115,0.258643
1839,0.471607,0.191953
1842,0.4633,0.211054
1845,0.432903,0.245886
1848,0.372515,0.267362
1851,0.340793,0.219231
1854,0.302966,0.205782
1857,0.274263,0.181567
1860,0.281757,0.156433
1863,0.261929,0.190779
1866,0.252248,0.179683
1869,0.241916,0.190002
1872,0.260419,0.219792
1875,0.271402,0.209506
1878,0.33252,0.259691
1881,0.343424,0.276014
1884,0.313309,0.254627
1887,0.324451,0.364355
1890,0.347275,0.239339
1893,0.370551,0.339209
1896,0.377544,0.233204
1899,0.371111,0.244751
1902,0.387484,0.202604
1905,0.363979,0.17163
1908,0.404648,0.197792
1911,0.472002,0.247401
1914,0.486949,0.257441
1917,0.437604,0.404016
1920,0.407143,0.375588
1923,0.387108,0.51666
1926,0.390401,0.502069
1929,0.327575,0.422704
1932,0.337632,0.333535
1935,0.325346,0.344581
1938,0.315387,0.238031
1941,0.278192,0.211257
1944,0.301438,0.155884
1947,0.32605,0.223519
1950,0.300392,0.218137
1953,0.236579,0.20586
1956,0.225972,0.160487
1959,0.189504,0.133003
1962,0.162223,0.150502
1965,0.078605,0.0801609
1968,0.057403,0.0882822
1971,0.0355875,0.113531
1974,0.0297384,0.0185864
1977,0.010155,0.0197467
1980,0.00617277,0.011863
1983,0.0017615,0.00546747
1986,0.00303369,0.0115302
1989,0.00260084,0.00912738
1992,0.000526944,0.00259235
1995,0.00427201,0.00177357
1998,0.00290195,0.0130672
2001,0.00914247,0.00706815
2004,0.0220714,0.0076561
2007,0.0448392,0.013254
2010,0.0675467,0.00493994
2013,0.115773,0.048456
2016,0.125973,0.0558872
2019,0.151703,0.0864291
2022,0.189779,0.113816
2025,0.213871,0.135688
2028,0.239609,0.103143
2031,0.189177,0.0998449
2034,0.205817,0.128581
2037,0.269667,0.35806
2040,0.211553,0.343379
2043,0.161678,0.447205
2046,0.152802,0.258963
2049,0.206265,0.233428
2052,0.187137,0.240098
2055,0.19769,0.239617
2058,0.122673,0.162833
2061,0.169092,0.134545
2064,0.210284,0.114763
2067,0.152475,0.121381
2070,0.0740845,0.0904465
2073,0.0602523,0.0871608
2076,0.0413688,0.0559256
2079,0.0229597,0.0245142
2082,0.00309391,0.016233
2085,0.00138511,0.00514774
2088,0.0154206,0.0152247
2091,0.00147168,0.00506186
2094,0.00168622,0.0130961
2097,0.00319177,0.0153505
2100,0.00508124,0.00451083
2103,0.0306455,0.0364795
2106,0.0421894,0.0308052
2109,0.0669068,0.046742
2112,0.0903031,0.0620523
2115,0.122051,0.071365
2118,0.15666,0.100338
2121,0.181758,0.073815
2124,0.208165,0.0901574
2127,0.239948,0.0894773
2130,0.279525,0.189054
2133,0.299304,0.25779
2136,0.291479,0.259723
2139,0.304844,0.210343
2142,0.297294,0.197589
2145,0.302232,0.142459
2148,0.301039,0.13189
2151,0.305161,0.156948
2154,0.311544,0.181171
2157,0.333138,0.191785
2160,0.342736,0.164004
2163,0.327601,0.160783
2166,0.303877,0.105591
2169,0.332253,0.115096
2172,0.301412,0.120856
2175,0.282762,0.109689
2178,0.263972,0.118478
2181,0.214809,0.0892479
2184,0.19474,0.0842308
2187,0.18667,0.119152
2190,0.132658,0.0922242
2193,0.0835319,0.0986227
2196,0.0705691,0.100197
2199,0.0956591,0.10211
2202,0.0441955,0.07632
2205,0.0158309,0.0398047
2208,0.0370855,0.0491623
2211,0.0289292,0.0201593
2214,0.0228919,0.00426083
2217,0.00874727,0.0058191
2220,0.0107158,0.00473961
2223,0.0145248,0.010109
2226,0.00892793,0.00358425
2229,0.0106367,0.00460781
2232,0.0103733,0.0146615
2235,0.0151383,0.00205851
2238,0.00908225,0.00759735
2241,0.00792298,0.00359164
2244,0.0137382,0.00771233
2247,0.0115137,0.00919912
2250,0.0165912,0.0112353
2253,0.0151346,0.00650697
2256,0.0234678,0.0133341
2259,0.00948122,0.0100169
2262,0.0254476,0.0121081
2265,0.0143065,0.0122427
2268,0.0425093,0.0113311
2271,0.0487047,0.0441137
2274,0.0897611,0.0904852
2277,0.0657776,0.176182
2280,0.125044,0.210424
2283,0.109951,0.196008
2286,0.0998521,0.224996
2289,0.0951209,0.157609
2292,0.10753,0.157418
2295,0.126967,0.183854
2298,0.115698,0.210172
2301,0.145775,0.200542
2304,0.146938,0.21081
2307,0.122435,0.202835
2310,0.154639,0.15123
2313,0.115815,0.148165
2316,0.10106,0.134182
2319,0.110003,0.134716
2322,0.099009,0.0738653
2325,0.0699029,0.0876515
2328,0.0835846,0.0741355
2331,0.105712,0.0787867
2334,0.101433,0.0719364
2337,0.0567594,0.0614832
2340,0.048716,0.0562075
2343,0.0453962,0.0331728
2346,0.0795459,0.0600623
2349,0.0336981,0.0451272
2352,0.0553479,0.0342262
2355,0.0402698,0.0171146
2358,0.0376464,0.0237192
2361,0.0427013,0.0133039
2364,0.0193765,0.0090678
2367,0.0191243,0.0205035
2370,0.025425,0.034663
2373,0.0458629,0.0269023
2376,0.0228204,0.0208503
2379,0.0286996,0.0198361
2382,0.034353,0.0318354
2385,0.0351246,0.0313738
2388,0.0647049,0.0190245
2391,0.0943982,0.0575229
2394,0.0811155,0.0836232
2397,0.114117,0.103562
2400,0.0658717,0.145322
2403,0.127185,0.16108
2406,0.132071,0.125125
2409,0.100153,0.183962
2412,0.118276,0.182786
2415,0.0851729,0.123391
2418,0.091229,0.0828681
2421,0.084454,0.0582135
2424,0.084582,0.0611638
2427,0.034575,0.0588308
2430,0.0156352,0.00874062
2433,0.0114347,0.00336071
2436,0.0295314,0.0136231
2439,0.047041,0.0667627
2442,0.0744383,0.0824807
2445,0.0522841,0.0897525
2448,0.100898,0.106724
2451,0.100466,0.109623
2454,0.0853423,0.130343
2457,0.0739189,0.122385
2460,0.054964,0.075292
2463,0.0527057,0.0695412
2466,0.0561346,0.0650386
2469,0.0676445,0.065405
2472,0.0337507,0.0853649
2475,0.0434578,0.0964831
2478,0.0470147,0.0400744
2481,0.0373227,0.0194208
2484,0.00842734,0.0134
2487,0.0160153,0.0131708
2490,0.0320382,0.0137516
2493,0.0201857,0.0188699
2496,0.010362,0.0195238
2499,0.0172198,0.0385518
2502,0.00853273,0.0322206
2505,0.0184957,0.0221709
2508,0.0492278,0.037999
2511,0.0409661,0.0267915
2514,0.064513,0.0221533
2517,0.104546,0.0700335
2520,0.130833,0.079663
2523,0.116982,0.13722
2526,0.102908,0.129637
2529,0.103176,0.144045
2532,0.108663,0.187692
2535,0.136915,0.170938
2538,0.154771,0.209493
2541,0.161994,0.189395
2544,0.157014,0.149055
2547,0.181604,0.207569
2550,0.200446,0.212537
2553,0.205271,0.192741
2556,0.181596,0.147623
2559,0.157056,0.093935
2562,0.0686645,0.0701456
2565,0.0694851,0.0416125
2568,0.0513507,0.0266317
2571,0.0237689,0.0148642
2574,0.00344772,0.0019584
2577,0,0.00300165
2580,0,0.00291362
2583,0,0.00284174
2586,0,0.00256952
2589,0,0.00206068
2592,0,0.00217092
2595,0,0.00183351
2598,0,0.00143429
2601,0,0.00215478
2604,0,0.00188863
2607,0,0.00223273
2610,0,0.00192761
2613,0,0.00215478
2616,0,0.00230399
2619,0,0.00226502
2622,0,0.00241424
2625,0.00059093,0.00184965
2628,0.0187818,0.0138845
2631,0.0424604,0.06727
2634,0.04371,0.13219
2637,0.0659432,0.120627
2640,0.093604,0.15619
2643,0.129256,0.0957802
2646,0.152885,0.162292
2649,0.179251,0.182595
2652,0.224757,0.274151
2655,0.241239,0.256548
2658,0.265666,0.296626
2661,0.290944,0.28132
2664,0.291039,0.335556
2667,0.330857,0.325439
2670,0.370596,0.245993
2673,0.352119,0.230304
2676,0.356432,0.251434
2679,0.366256,0.177256
2682,0.35484,0.10996
2685,0.332678,0.0939627
2688,0.326351,0.0893128
2691,0.27345,0.0773541
2694,0.242074,0.060829
2697,0.2395,0.054009
2700,0.178645,0.0305425
2703,0.134408,0.0340142
2706,0.114486,0.0266669
2709,0.0927797,0.0245047
2712,0.0756089,0.0249794
2715,0.0713858,0.0346592
2718,0.0682693,0.0281492
2721,0.0652846,0.028153
2724,0.0638995,0.0264943
2727,0.0620476,0.0244986
2730,0.0623262,0.0218465
2733,0.0496644,0.0230211
2736,0.0409322,0.0308188
2739,0.0489606,0.0814913
2742,0.054215,0.0800715
2745,0.050436,0.0761579
2748,0.0544371,0.0688931
2751,0.0539816,0.0902077
2754,0.0690823,0.0946248
2757,0.0774419,0.106215
2760,0.0844051,0.099864
2763,0.0946654,0.101215
2766,0.0943869,0.0950572
2769,0.106228,0.0740079
2772,0.12326,0.0634049
2775,0.12227,0.0723474
2778,0.110865,0.0810291
2781,0.106172,0.0671005
2784,0.101459,0.0632852
2787,0.0969426,0.0549183
2790,0.0924034,0.0498118
2793,0.0643474,0.0473569
2796,0.0123192,0.039617
2799,0.00217552,0.0310769
2802,3.76388e-06,0.0245571
2805,0.00050436,0.0235368
2808,2.25833e-05,0.017431
2811,0.000278527,0.0124122
2814,0.000214541,0.0114264
2817,7.15138e-05,0.00982335
2820,1.50555e-05,0.00591589
2823,1.12917e-05,0.00553032
2826,0,0.00430744
2829,0,0.00649102
2832,0,0.0056078
2835,0.000515652,0.00662086
2838,0.000207014,0.00595583
2841,0.000380152,0.00633497
2844,0.000105389,0.00539887
2847,0.000271,0.0067115
2850,0.00192334,0.00553653
2853,0.00314661,0.00603198
2856,0.00441127,0.00573535
2859,0.00854778,0.00974862
2862,9.03332e-05,0.00614342
2865,0.00155072,0.0058713
2868,0.000741485,0.00617003
2871,0.00276645,0.00599895
2874,0.000636096,0.00554557
2877,0.00195346,0.00686188
2880,0.0106292,0.00672806
2883,0.00570605,0.0179963
2886,0.00603351,0.0175759
2889,0.0330093,0.0209447
2892,0.036201,0.0295046
2895,0.0292755,0.0316638
2898,0.0295277,0.03874
2901,0.0272618,0.0259052
2904,0.0232947,0.0317717
2907,0.025346,0.0393126
2910,0.0231554,0.040637
2913,0.0233436,0.0433945
2916,0.0248115,0.0259633
2919,0.0255831,0.0293186
2922,0.0236071,0.0236465
2925,0.0229597,0.0224763
2928,0.0228167,0.0189683
2931,0.0244389,0.0238534
2934,0.0269983,0.0151278
2937,0.0229258,0.0197819
2940,0.00710998,0.0174488
2943,0.0132526,0.0154266
2946,0.00787028,0.0147123
2949,0.030081,0.0248394
2952,0.041399,0.0272943
2955,0.0577606,0.0375406
2958,0.0619836,0.0314716
2961,0.0758799,0.0370983
2964,0.0862231,0.037435
2967,0.0966453,0.0427747
2970,0.112096,0.0398834
2973,0.120392,0.0364499
2976,0.126775,0.0295499
2979,0.135522,0.0245739
2982,0.137483,0.0217995
2985,0.141944,0.0172981
2988,0.148918,0.0215209
2991,0.158222,0.0258774
2994,0.167557,0.0444092
2997,0.175299,0.0353772
3000,0.192624,0.0438855
3003,0.232951,0.054102
3006,0.234091,0.0457725
3009,0.256689,0.0520483
3012,0.207563,0.0606614
3015,0.166872,0.0671122
3018,0.126493,0.0660339
3021,0.0994493,0.0725517
3024,0.0855493,0.0790216
3027,0.076452,0.0864625
3030,0.102762,0.0809236
3033,0.121555,0.0818069
3036,0.126184,0.073802
3039,0.114599,0.08837
3042,0.114475,0.0754014
3045,0.108953,0.0731832
3048,0.111456,0.0657454
3051,0.117392,0.0570909
3054,0.110519,0.0473627
3057,0.0576815,0.0516146
3060,0.0614379,0.0440721
3063,0.0562136,0.0519718
3066,0.0643963,0.0446049
3069,0.0744007,0.0599395
3072,0.0604894,0.0980444
3075,0.0625558,0.0757143
3078,0.0694474,0.076085
3081,0.065661,0.0734855
3084,0.081951,0.0635323
3087,0.0945826,0.0646126
3090,0.107481,0.05739
3093,0.113726,0.0592298
3096,0.122537,0.0606342
3099,0.127855,0.051573
3102,0.127547,0.0551191
3105,0.110767,0.0505535
3108,0.0698916,0.0454267
3111,0.0697862,0.0478203
3114,0.0488552,0.0337668
3117,0.0159476,0.034205
3120,0.00860048,0.0321275
3123,0.00170504,0.0254253
3126,0.00300358,0.0236608
3129,2.63472e-05,0.0261974
3132,0.00228468,0.0193799
3135,0.0208293,0.0161324
3138,0.0270774,0.0146947
3141,0.0272016,0.011607
3144,0.0340632,0.0135256
3147,0.0374281,0.0158448
3150,0.0284813,0.0127179
3153,0.00214918,0.0132115
3156,0.00219058,0.0160043
3159,0,0.0194308
3162,0.00137758,0.0170098
3165,0.000444138,0.014898
3168,0.000282291,0.011481
3171,0,0.0125322
3174,0,0.0141291
3177,0.00160341,0.0116997
3180,8.65693e-05,0.012678
3183,0.00322188,0.0144041
3186,0.0124886,0.015609
3189,0.00899192,0.0138734
3192,0.00267612,0.0170804
3195,0.00168998,0.0125249
3198,0.00455054,0.0162894
3201,8.28054e-05,0.0157105
3204,0,0.0123358
3207,0,0.012904
3210,0,0.0122405
3213,0.00284173,0.0102657
3216,0,0.0122302
3219,0,0.0109024
3222,0,0.00969166
3225,0,0.011776
3228,0.000289819,0.0111664
3231,0.00222822,0.0113641
3234,1.50555e-05,0.0127937
3237,0.00542376,0.00839295
3240,0.000850638,0.0132728
3243,0,0.0144153
3246,4.14027e-05,0.0113318
3249,0.000858166,0.0139125
3252,0.000440374,0.0150091
3255,0.00321059,0.0115461
3258,0,0.0103518
3261,0.00260461,0.0107215
3264,0.00276645,0.00912857
3267,0.00724548,0.0101865
3270,0.000429083,0.0106703
3273,0.000331222,0.00927778
3276,0.00384669,0.0103652
3279,0.000169375,0.0108841
3282,0.00449031,0.00948212
3285,0,0.00905061
3288,0.00537483,0.0104034
3291,0.00392949,0.00934174
3294,0.00354181,0.012731
3297,0.00506242,0.0111018
3300,0.00109905,0.00903724
3303,0.00548774,0.0111341
3306,0,0.0101475
3309,0,0.00771988
3312,0.00119315,0.00898124
3315,0.00222822,0.0116475
3318,0.00458065,0.00922729
3321,0.000982374,0.0118427
3324,0.00137758,0.0112657
3327,1.50555e-05,0.00856398
3330,0.00267989,0.0116049
3333,0.00156201,0.0114575
3336,0.000478013,0.0101012
3339,0.00983127,0.0140522
3342,0.00116304,0.0133254
3345,0.00115551,0.0127931
3348,0.0117734,0.0126424
3351,0.00560442,0.0137738
3354,0.00817139,0.0101925
3357,0.00412898,0.0148119
3360,0.00375259,0.014258
3363,0.0124622,0.0112343
3366,0.00602974,0.0137273
3369,0.000944735,0.0129488
3372,0.00413651,0.0101219
3375,6.02221e-05,0.0137793
3378,0.00363591,0.0116369
3381,0.00106518,0.0113964
3384,0,0.0130228
3387,0.000741485,0.0116045
3390,0,0.0109323
3393,0,0.0134603
3396,0.000632333,0.012756
3399,0,0.012682
3402,0.00101625,0.0125361
3405,0.00107271,0.0140389
3408,0.000395208,0.0102577
3411,0.000191958,0.01147
3414,0,0.0106636
3417,0,0.00849549
3420,0,0.0102321
3423,0,0.0100439
3426,0,0.0088073
3429,0,0.0105306
3432,0,0.0103518
3435,0,0.00887856
3438,0,0.00872935
3441,0,0.0111341
3444,0,0.0090829
3447,0,0.0105239
3450,0,0.0108357
3453,0,0.0085573
3456,0,0.0119326
3459,0,0.0116959
3462,0,0.00778169
3465,0.000414027,0.0131275
3468,0,0.00997544
3471,0,0.00947544
3474,2.25833e-05,0.013214
3477,0,0.0121503
3480,0,0.0073112
3483,0,0.0118452
3486,0.000301111,0.00825217
3489,3.3875e-05,0.00941086
3492,0,0.0117873
3495,0,0.00869037
3498,0,0.00949827
3501,0,0.0124847
3504,0,0.012065
3507,0,0.00973489
3510,0,0.0119393
3513,0,0.0117995
3516,0,0.00826832
3519,0,0.0104042
3522,0,0.00921598
3525,0,0.00895652
3528,0,0.0102711
3531,0,0.00957622
3534,0,0.00858013
3537,0,0.0101703
3540,0,0.00874549
3543,0,0.00643481
3546,0,0.0113841
3549,0,0.0102416
3552,0,0.00856943
3555,0,0.0109593
3558,0,0.0106152
3561,0,0.00681306
3564,4.14027e-05,0.0144196
3567,0,0.0102416
3570,0.000222069,0.00674445
3573,0,0.0118034
3576,0,0.0122349
3579,0,0.00851832
3582,0,0.0114392
3585,0,0.0123129
3588,0,0.0093329
3591,0,0.0124309
3594,0.000459194,0.0118954
3597,0.00070761,0.0099593
3600,0.0015733,0.0113747
3603,0,0.0107939
3606,0,0.00749271
3609,0,0.00886242
3612,0.0022508,0.0119003
3615,0.00182925,0.008927
3618,0.00592435,0.00899549
3621,0.00308638,0.0109231
3624,0.00535977,0.00886242
3627,0.012131,0.0105773
3630,0.0134182,0.0116959
3633,0.0214767,0.00957423
3636,0.0140054,0.0121948
3639,0.0186124,0.0125846
3642,0.0167568,0.0114392
3645,0.0111938,0.0119999
3648,0.0161094,0.0129448
3651,0.0132451,0.0105428
3654,0.00444891,0.0114782
3657,0.00444515,0.0117975
3660,0.00161471,0.00999597
3663,0.00232608,0.0113042
3666,0.00196851,0.0121354
3669,0.0010313,0.0102959
3672,0.00111411,0.00954393
3675,8.65693e-05,0.0111959
3678,0.00277022,0.0155655
3681,0.000334986,0.010319
3684,0,0.0117862
3687,6.02221e-05,0.0107811
3690,0,0.0106113
3693,0,0.0102026
3696,0.000892041,0.00800217
3699,0,0.0132728
3702,6.3986e-05,0.0156386
3705,0.00119692,0.0126035
3708,3.3875e-05,0.0165918
3711,0.000229597,0.0201392
3714,0,0.0166335
3717,0,0.0177694
3720,0,0.0184993
3723,0,0.0183111
3726,0,0.0181753
3729,0,0.0187788
3732,0,0.0168406
3735,0,0.0184262
3738,0,0.0191774
3741,0,0.0144854
3744,0,0.0159654
3747,0,0.0164267
3750,0,0.0136656
3753,0,0.0130571
3756,0,0.0136309
3759,0,0.0103819
3762,0,0.0106313
3765,4.89305e-05,0.0106152
3768,0.0018029,0.0101875
3771,0.00108023,0.0101313
3774,0.00105389,0.0122952
3777,0.000101625,0.0127471
3780,0,0.0161642
3783,0,0.0171146
3786,0,0.0144141
3789,0,0.0167477
3792,3.3875e-05,0.0169843
3795,0,0.0173592
3798,0,0.0201027
3801,0,0.0191452
3804,0,0.021773
3807,0,0.0200679
3810,0,0.0204437
3813,0.000263472,0.0178898
3816,0.000421555,0.0188326
3819,0,0.0174503
3822,0,0.0125693
3825,1.12917e-05,0.0146854
3828,0.00262343,0.0125053
3831,0.00406123,0.0108947
3834,0.003252,0.0127861
3837,0.0025218,0.0128339
3840,0.00163729,0.00918558
3843,0.00105389,0.0119776
3846,0.00167116,0.0109715
3849,0.00033875,0.00917031
3852,0.000997429,0.013003
3855,4.89305e-05,0.0125307
3858,1.12917e-05,0.0109879
3861,0,0.0140901
3864,0,0.0149966
3867,3.3875e-05,0.012195
3870,0.00132112,0.0161557
3873,0.00101625,0.0133765
3876,0,0.0103088
3879,0.00490434,0.0182805
3882,0.000617277,0.0205215
3885,0.00607491,0.0253205
3888,1.50555e-05,0.0176563
3891,0,0.0140438
3894,7.52777e-06,0.0104928
3897,0.00354181,0.0175651
3900,0.00276269,0.0144057
3903,0.00497209,0.014694
3906,0.00149803,0.0212776
3909,0.00347406,0.0145007
3912,0.00184054,0.0127902
3915,0,0.0192222
3918,0,0.0162843
3921,4.89305e-05,0.0119145
3924,0,0.0157837
3927,0.00190453,0.0129966
3930,0.00353052,0.0134432
3933,0.00199486,0.0158607
3936,0.000218305,0.0136548
3939,0.000816763,0.0154242
3942,0.00198357,0.015353
3945,0.00065868,0.0139153
3948,0.000199486,0.0138016
3951,0,0.01296
3954,0,0.00922266
3957,0,0.00916086
3960,0.000218305,0.0128964
3963,3.76388e-06,0.0104953
3966,7.52777e-05,0.00980829
3969,0.000880749,0.0135408
3972,0,0.0138373
3975,0,0.0101704
3978,3.76388e-06,0.0120193
3981,0.000824291,0.0116713
3984,0.00412898,0.0100399
3987,0.00166364,0.015113
3990,0.0073998,0.0160512
3993,0.000289819,0.0114998
3996,0,0.0137499
3999,0,0.0102349
4002,0,0.00964749
4005,0,0.0119164
4008,0,0.00902022
4011,0,0.00918646
4014,0,0.0136616
4017,0.000229597,0.009526
4020,0,0.00849549
4023,0.000286055,0.0135751
4026,0.000967318,0.010657
4029,0.00194593,0.00721711
4032,0.000515652,0.0147728
4035,0.00132865,0.0123574
4038,0.00626687,0.0102188
4041,0.00222069,0.0141007
4044,0.00511888,0.011844
4047,0.000173139,0.00947544
4050,0,0.0133869
4053,0,0.0101085
4056,0,0.00993646
4059,0,0.0133964
4062,0,0.0101475
4065,0,0.00990417
4068,0,0.0118869
4071,0.000150555,0.0107115
4074,0.00178408,0.0123841
4077,0,0.0104459
4080,0,0.00997821
4083,0,0.0129582
4086,0,0.0130294
4089,0.000308638,0.0104392
4092,0,0.0127471
4095,0.000733957,0.00941301
4098,0,0.0129427
4101,0,0.0140094
4104,0,0.0112207
4107,0,0.00989851
4110,0,0.0129287
4113,0,0.0106341
4116,0,0.00987316
4119,0.000372625,0.0119319
4122,0,0.0101247
4125,0,0.0112209
4128,0,0.0134965
4131,0,0.0112754
4134,0,0.00957375
4137,0,0.0122176
4140,0,0.0135409
4143,0,0.0133362
4146,6.02221e-05,0.0152592
4149,0,0.0138372
4152,0.0038354,0.0139624
4155,0.00594694,0.0189382
4158,0.0141673,0.0194746
4161,0.019463,0.0186015
4164,0.0338486,0.0232008
4167,0.0410376,0.0259124
4170,0.0388395,0.0269391
4173,0.0711638,0.0429392
4176,0.105983,0.0356144
4179,0.12294,0.0364622
4182,0.12606,0.0441785
4185,0.134442,0.0519454
4188,0.143656,0.0524098
4191,0.125435,0.0556825
4194,0.142403,0.0554825
4197,0.168678,0.0531772
4200,0.168317,0.0630407
4203,0.164907,0.0670555
4206,0.158057,0.0744927
4209,0.231125,0.0834842
4212,0.28828,0.109009
4215,0.368319,0.123026
4218,0.465615,0.123163
4221,0.516333,0.131397
4224,0.542673,0.105049
4227,0.566879,0.121744
4230,0.560856,0.12548
4233,0.55486,0.142349
4236,0.537581,0.173586
4239,0.52478,0.174769
4242,0.52047,0.164532
4245,0.554559,0.166864
4248,0.556566,0.163153
4251,0.569129,0.180879
4254,0.582548,0.172768
4257,0.589605,0.160729
4260,0.638057,0.19242
4263,0.653072,0.214774
4266,0.664943,0.21129
4269,0.630473,0.223618
4272,0.636443,0.240444
4275,0.636002,0.275368
4278,0.639996,0.312385
4281,0.641129,0.352059
4284,0.664691,0.324828
4287,0.658958,0.354709
4290,0.660923,0.387298
4293,0.666087,0.409949
4296,0.656568,0.399385
4299,0.659034,0.352977
4302,0.681207,0.296314
4305,0.701264,0.418575
4308,0.69024,0.38492
4311,0.698904,0.359596
4314,0.723761,0.349079
4317,0.723038,0.360151
4320,0.695908,0.357935
4323,0.686126,0.296263
4326,0.690165,0.323968
4329,0.689927,0.346895
4332,0.685358,0.237398
4335,0.710147,0.296881
4338,0.689879,0.331903
4341,0.691309,0.344249
4344,0.696804,0.349172
4347,0.674872,0.319385
4350,0.673009,0.334835
4353,0.674733,0.323232
4356,0.663091,0.33342
4359,0.667943,0.256054
4362,0.655706,0.251751
4365,0.648961,0.248501
4368,0.640485,0.270462
4371,0.590892,0.262759
4374,0.577338,0.270211
4377,0.590218,0.297015
4380,0.589902,0.299343
4383,0.577143,0.303109
4386,0.527606,0.33672
4389,0.589349,0.382504
4392,0.590034,0.381263
4395,0.546572,0.311196
4398,0.571666,0.413187
4401,0.577564,0.386389
4404,0.556731,0.446971
4407,0.547321,0.38634
4410,0.516149,0.295313
4413,0.51738,0.44293
4416,0.528585,0.393377
4419,0.54154,0.321779
4422,0.482161,0.365942
4425,0.521783,0.333984
4428,0.576078,0.376048
4431,0.576845,0.443791
4434,0.568241,0.478643
4437,0.583993,0.468051
4440,0.562287,0.479595
4443,0.592736,0.479207
4446,0.583534,0.511428
4449,0.568331,0.4018
4452,0.57604,0.413816
4455,0.59746,0.39312
4458,0.585721,0.32572
4461,0.60442,0.278367
4464,0.624007,0.24745
4467,0.564485,0.282274
4470,0.542929,0.314976
4473,0.554921,0.312303
4476,0.586312,0.27742
4479,0.544706,0.305564
4482,0.547242,0.249947
4485,0.546535,0.259051
4488,0.526311,0.209119
4491,0.545232,0.256774
4494,0.543791,0.249053
4497,0.515569,0.227557
4500,0.490152,0.197463
4503,0.48297,0.193149
4506,0.510785,0.218721
4509,0.540038,0.217991
4512,0.549098,0.236123
4515,0.579856,0.283778
4518,0.537919,0.297486
4521,0.529827,0.291975
4524,0.509178,0.347019
4527,0.522341,0.342758
4530,0.53545,0.314079
4533,0.546237,0.248591
4536,0.555854,0.299222
4539,0.56255,0.353356
4542,0.570353,0.381748
4545,0.539918,0.365585
4548,0.514229,0.328263
4551,0.535341,0.323352
4554,0.543038,0.38234
4557,0.555673,0.289365
4560,0.574474,0.343405
4563,0.606682,0.391319
4566,0.622592,0.439698
4569,0.630808,0.364178
4572,0.638742,0.421036
4575,0.630883,0.443263
4578,0.627296,0.405748
4581,0.63257,0.322193
4584,0.626517,0.417337
4587,0.622298,0.303009
4590,0.605248,0.325741
4593,0.60489,0.331867
4596,0.598586,0.360452
4599,0.596993,0.331727
4602,0.599026,0.321302
4605,0.583093,0.356268
4608,0.583628,0.359691
4611,0.59501,0.392366
4614,0.569784,0.347886
4617,0.547152,0.357351
4620,0.552026,0.34002
4623,0.518193,0.378653
4626,0.487845,0.326299
4629,0.472322,0.238229
4632,0.469819,0.300981
4635,0.489685,0.295866
4638,0.505527,0.300157
4641,0.524354,0.293866
4644,0.543174,0.265301
4647,0.533606,0.20142
4650,0.517459,0.298888
4653,0.527629,0.286674
4656,0.514049,0.297247
4659,0.494928,0.224085
4662,0.457824,0.227853
4665,0.445087,0.226688
4668,0.361969,0.218557
4671,0.371898,0.222235
4674,0.422406,0.26449
4677,0.434089,0.248304
4680,0.412556,0.253299
4683,0.411054,0.207863
4686,0.377077,0.239128
4689,0.355209,0.208881
4692,0.354923,0.228785
4695,0.324112,0.25382
4698,0.334813,0.310396
4701,0.3637,0.321844
4704,0.411983,0.304137
4707,0.391211,0.270243
4710,0.415973,0.339824
4713,0.403673,0.307848
4716,0.378293,0.346137
4719,0.381846,0.376858
4722,0.35175,0.476763
4725,0.36996,0.460486
4728,0.432478,0.508112
4731,0.45403,0.453397
4734,0.454474,0.392828
4737,0.472597,0.452967
4740,0.454195,0.33456
4743,0.373848,0.464538
4746,0.38914,0.417178
4749,0.354294,0.381742
4752,0.352819,0.382505
4755,0.311924,0.326859
4758,0.306817,0.221334
4761,0.294268,0.259031
4764,0.269671,0.271522
4767,0.313362,0.225381
4770,0.297479,0.257147
4773,0.267262,0.244671
4776,0.233617,0.20152
4779,0.203137,0.190222
4782,0.176869,0.159243
4785,0.156596,0.0938411
4788,0.102927,0.122184
4791,0.0689468,0.057835
4794,0.0485692,0.0368579
4797,0.0215972,0.029636
4800,0.0113331,0.00145043
4803,0.00306004,0.00135634
4806,0,0.000642535
4809,0,0.000587414
4812,0,0.00159406
4815,0,0.00210736
4818,0,0.00515725
4821,0.00038768,0.00192678
4824,0,0.000664749
4827,0,0.00101892
4830,7.52777e-06,0.00319487
4833,0,0.00178784
4836,0.000929679,0.0140767
4839,8.28054e-05,0.00804261
4842,0,0.00650621
4845,0.00888277,0.00519874
4848,0,0.00227709
4851,0.00132865,0.00488658
4854,6.77499e-05,0.00561266
4857,0.00114422,0.00354087
4860,0.0102039,0.0133952
4863,0,0.00277321
4866,0.00954145,0.0113576
4869,0,0.0066028
4872,0,0.00505028
4875,0.0114686,0.00937727
4878,3.01111e-05,0.00243222
4881,0.00146791,0.00823601
4884,0.000263472,0.00830557
4887,0,0.00187738
4890,0.00807353,0.00426524
4893,0,0.00369129
4896,3.76388e-05,0.00570052
4899,0,0.00655903
4902,0.00146039,0.00209482
4905,0.00488552,0.0113965
4908,0.000304875,0.00749538
4911,0.00494198,0.0130528
4914,0.00247287,0.00122326
4917,0.00513017,0.00160634
4920,0.0310934,0.0137927
4923,0.0591607,0.0476016
4926,0.0570153,0.0663971
4929,0.0864301,0.107415
4932,0.108757,0.0971354
4935,0.181833,0.12055
4938,0.150789,0.174177
4941,0.12382,0.220665
4944,0.0859746,0.159818
4947,0.115495,0.165024
4950,0.132097,0.211388
4953,0.128936,0.236943
4956,0.124573,0.201975
4959,0.111693,0.203955
4962,0.13454,0.190595
4965,0.140175,0.210832
4968,0.0950795,0.105618
4971,0.1619,0.0918154
4974,0.127953,0.0986178
4977,0.120591,0.147134
4980,0.167455,0.204945
4983,0.147823,0.223367
4986,0.112427,0.257721
4989,0.120862,0.246366
4992,0.0978422,0.216119
4995,0.122631,0.23555
4998,0.16799,0.246521
5001,0.178077,0.182774
5004,0.143566,0.221623
5007,0.2226,0.176235
5010,0.252414,0.139135
5013,0.215972,0.0848491
5016,0.181596,0.109987
5019,0.136655,0.0776733
5022,0.114305,0.0635892
5025,0.0546064,0.0199093
5028,0.0437589,0.014111
5031,0.0346428,0.0250184
5034,0.0400967,0.0269731
5037,0.03354,0.0165221
5040,0.0561421,0.0226108
5043,0.0559012,0.0211207
5046,0.0431943,0.0312665
5049,0.0652168,0.0254211
5052,0.0854439,0.0325134
5055,0.106386,0.0649424
5058,0.0599549,0.0855158
5061,0.0611631,0.104052
5064,0.0730043,0.0994291
5067,0.106356,0.103376
5070,0.11452,0.120692
5073,0.125142,0.161736
5076,0.133678,0.217679
5079,0.158911,0.107562
5082,0.163804,0.093628
5085,0.175555,0.0652967
5088,0.192869,0.154146
5091,0.201104,0.123041
5094,0.211587,0.1771
5097,0.18752,0.189608
5100,0.175879,0.19872
5103,0.20786,0.170628
5106,0.205184,0.123874
5109,0.198443,0.0753587
5112,0.150902,0.0536721
5115,0.119451,0.0550956
5118,0.0970781,0.0535021
5121,0.0563077,0.0594989
5124,0.0310295,0.0289642
5127,0.00975975,0.00322401
5130,0.00421931,0.00113585
5133,0,0.00108073
5136,0,0.00104176
5139,0,0.000642535
5142,0,0.000642535
5145,0,0.000736632
5148,0,0.000736632
5151,0,0.000908682
5154,0,0.000830729
5157,0,0.000775609
5160,0,0.000564583
5163,0,0.000564583
5166,0,0.000869706
5169,0,0.000587414
5172,0,0.00109688
5175,0,0.00100278
5178,0,0.000603559
5181,0,0.000697656
5184,0,0.000979947
5187,0,0.000791753
5190,0,0.00116814
5193,0,0.00159019
5196,0,0.00126224
5199,0,0.00119097
5202,0,0.000963803
5205,0,0.00109688
5208,0,0.00136302
5211,0,0.00126893
5214,0,0.000963803
5217,0,0.00143429
5220,0,0.00200556
5223,0,0.000509462
5226,0,0.000454341
5229,0,0.000736632
5232,0,0.000736632
5235,0,0.000415365
5238,0,0.000869706
5241,0,0.000908682
5244,0,0.000603559
5247,0,0.00111302
5250,0,0.00120712
5253,0,0.00120712
5256,0,0.001402
5259,0.00900697,0.000924826
5262,0.0166853,0.0242809
5265,0.048317,0.0310931
5268,0.0599474,0.107456
5271,0.0703432,0.124597
5274,0.074811,0.159
5277,0.0786652,0.15954
5280,0.0839873,0.119251
5283,0.0949063,0.081208
5286,0.122646,0.0688767
5289,0.111291,0.0605624
5292,0.136783,0.0871325
5295,0.165246,0.0584355
5298,0.180286,0.0729147
5301,0.175969,0.0826261
5304,0.169898,0.0656922
5307,0.15511,0.0840236
5310,0.139719,0.10438
5313,0.0685253,0.0863773
5316,0.0771973,0.0994904
5319,0.103582,0.113943
5322,0.092027,0.113027
5325,0.084183,0.113512
5328,0.0732377,0.0972711
5331,0.0923544,0.0881424
5334,0.0973943,0.0887354
5337,0.0953091,0.11934
5340,0.103213,0.160335
5343,0.107704,0.139886
5346,0.105325,0.143366
5349,0.143739,0.139701
5352,0.146769,0.148617
5355,0.153736,0.149562
5358,0.1466,0.152294
5361,0.146765,0.183962
5364,0.150183,0.153458
5367,0.14276,0.146357
5370,0.149121,0.16027
5373,0.15086,0.140148
5376,0.185394,0.175807
5379,0.177286,0.155495
5382,0.182578,0.149338
5385,0.176496,0.145992
5388,0.176692,0.104642
5391,0.148105,0.121247
5394,0.14089,0.117251
5397,0.0966227,0.142942
5400,0.0947784,0.144
5403,0.0900886,0.159374
5406,0.0931335,0.157041
5409,0.094146,0.114263
5412,0.0989713,0.129215
5415,0.0916318,0.137195
5418,0.103172,0.122949
5421,0.100228,0.0889741
5424,0.113037,0.0770781
5427,0.115924,0.0950039
5430,0.126696,0.112937
5433,0.130595,0.110396
5436,0.141722,0.106539
5439,0.164542,0.11931
5442,0.166115,0.113576
5445,0.155772,0.108583
5448,0.151406,0.127985
5451,0.153326,0.134036
5454,0.155358,0.123008
5457,0.155471,0.136556
5460,0.150345,0.120344
5463,0.146626,0.108067
5466,0.128435,0.0868226
5469,0.118735,0.0803913
5472,0.0830275,0.0683766
5475,0.0866634,0.0604905
5478,0.0686269,0.0534202
5481,0.0758724,0.0583843
5484,0.0785598,0.0568956
5487,0.0792712,0.0454681
5490,0.0850826,0.0433119
5493,0.0924862,0.0399801
5496,0.0984971,0.0360075
5499,0.0998333,0.0376889
5502,0.0822333,0.0351801
5505,0.0713632,0.0643806
5508,0.0756691,0.0318895
5511,0.0857149,0.012343
5514,0.0915151,0.0168574
5517,0.0946429,0.0194366
5520,0.0951246,0.0180624
5523,0.096649,0.0306538
5526,0.0592285,0.0348047
5529,0.0360392,0.0470722
5532,0.0362537,0.0484193
5535,0.0449558,0.0560047
5538,0.0572299,0.0588587
5541,0.0635946,0.077816
5544,0.0699555,0.0845798
5547,0.0705465,0.0696991
5550,0.0740017,0.0647088
5553,0.0738323,0.0576143
5556,0.0797078,0.0591301
5559,0.0892229,0.0718906
5562,0.0973642,0.076287
5565,0.0990014,0.0639913
5568,0.0861628,0.0718491
5571,0.0886395,0.0669964
5574,0.0907021,0.0752299
5577,0.100285,0.0776343
5580,0.104086,0.0845252
5583,0.0939992,0.0751753
5586,0.0716267,0.0696333
5589,0.0530331,0.0648323
5592,0.0593565,0.0716156
5595,0.0512716,0.0714407
5598,0.0476545,0.0683406
5601,0.0437853,0.0538872
5604,0.0403978,0.0470219
5607,0.0361521,0.0491238
5610,0.0364871,0.041108
5613,0.0441315,0.0479684
5616,0.0334685,0.0367805
5619,0.0193991,0.0416702
5622,0.0132827,0.0364354
5625,0.0142877,0.0338755
5628,0.0359376,0.0358569
5631,0.0350869,0.0292809
5634,0.035309,0.0234665
5637,0.0395998,0.0286512
5640,0.0340556,0.0464225
5643,0.02541,0.0269191
5646,0.0089317,0.0334126
5649,0.00211154,0.0255542
5652,0.000940971,0.0244839
5655,6.02221e-05,0.0206954
5658,3.3875e-05,0.0231121
5661,1.12917e-05,0.0189674
5664,0,0.0193055
5667,7.52777e-05,0.0220326
5670,0,0.0158315
5673,6.3986e-05,0.0163983
5676,0.000109153,0.0198617
5679,0.00522803,0.0173707
5682,0.00647764,0.0188413
5685,0.00914247,0.0243747
5688,0.00708739,0.0141463
5691,0.00316919,0.0174621
5694,0.00222822,0.0237026
5697,0.00217552,0.0144983
5700,0.00107647,0.01191
5703,0,0.0149133
5706,0,0.0129777
5709,0.000925915,0.0150264
5712,0.00208143,0.0181348
5715,0,0.0125673
5718,0,0.0111658
5721,0.00020325,0.0127794
5724,0,0.00763247
5727,0,0.0114022
5730,0,0.0149381
5733,5.26944e-05,0.00898607
5736,3.76388e-06,0.0110486
Time(milisec),131096,3937.607
