framenum,queue density,dynamic density
3,0.0650911,0.0584337
6,0.0735737,0.0620879
9,0.0863691,0.0252559
12,0.0903131,0.0328729
15,0.0941818,0.0517876
18,0.0971888,0.0447125
21,0.0998833,0.0436023
24,0.101667,0.0376562
27,0.106827,0.0407685
30,0.110515,0.0682899
33,0.112069,0.0663367
36,0.113431,0.0494468
39,0.11517,0.045992
42,0.11631,0.0561418
45,0.11794,0.0706834
48,0.117899,0.037404
51,0.118553,0.0607406
54,0.120047,0.0398803
57,0.121764,0.0589681
60,0.122388,0.0435421
63,0.122279,0.0778978
66,0.123641,0.0456985
69,0.125358,0.0423641
72,0.126445,0.0375282
75,0.128726,0.0330235
78,0.128884,0.0400873
81,0.13439,0.0420029
84,0.13816,0.0487619
87,0.150527,0.054437
90,0.163413,0.0439711
93,0.169603,0.0398201
96,0.16666,0.0719329
99,0.170367,0.0366288
102,0.171707,0.0418297
105,0.172057,0.0395078
108,0.175226,0.0433878
111,0.184171,0.0602702
114,0.193158,0.0440614
117,0.201291,0.0444942
120,0.203726,0.0545424
123,0.20563,0.0655276
126,0.206552,0.0625207
129,0.209149,0.0722565
132,0.212498,0.0774161
135,0.214105,0.0800542
138,0.215825,0.0853041
141,0.21686,0.0726855
144,0.216965,0.106808
147,0.215584,0.1035
150,0.216205,0.0689335
153,0.215362,0.0723958
156,0.21281,0.0718425
159,0.209472,0.0574966
162,0.207564,0.0642631
165,0.204787,0.0537069
168,0.203112,0.0387965
171,0.200045,0.0674545
174,0.197351,0.084145
177,0.195461,0.0595928
180,0.194317,0.0778752
183,0.193587,0.0428571
186,0.19233,0.0343783
189,0.191807,0.0227909
192,0.190896,0.064647
195,0.189609,0.020834
198,0.190279,0.0223619
201,0.190377,0.0276795
204,0.190806,0.0237543
207,0.190366,0.0243226
210,0.190554,0.0239011
213,0.190881,0.0229979
216,0.190467,0.0284247
219,0.190422,0.0225237
222,0.190633,0.0224259
225,0.190731,0.0198254
228,0.191367,0.0221323
231,0.191269,0.0214549
234,0.192372,0.0247177
237,0.191623,0.0233893
240,0.188522,0.0196974
243,0.189237,0.0234533
246,0.189636,0.0239613
249,0.189448,0.0207399
252,0.188985,0.0229
255,0.188996,0.023585
258,0.189463,0.0245898
261,0.189673,0.0265731
264,0.18921,0.0275026
267,0.189545,0.0288612
270,0.189274,0.027894
273,0.18903,0.0294031
276,0.18941,0.0288198
279,0.189432,0.0355901
282,0.191427,0.0328165
285,0.194754,0.036117
288,0.194622,0.0365084
291,0.190983,0.0316047
294,0.188458,0.0331853
297,0.186347,0.0262231
300,0.185797,0.0227119
303,0.185786,0.020834
306,0.186275,0.0187679
309,0.188217,0.0214624
312,0.189997,0.0220909
315,0.191416,0.0224522
318,0.191397,0.0219818
321,0.19046,0.0209506
324,0.1904,0.0199533
327,0.190317,0.0195318
330,0.190618,0.0195394
333,0.190388,0.0188281
336,0.190321,0.0185157
339,0.190738,0.0186625
342,0.192274,0.0180829
345,0.192804,0.0323009
348,0.194991,0.0382546
351,0.193599,0.0433727
354,0.19177,0.0295875
357,0.192195,0.0471662
360,0.192315,0.0346304
363,0.192255,0.0311456
366,0.192409,0.0391954
369,0.1925,0.0422512
372,0.193079,0.0321617
375,0.193154,0.0356503
378,0.19282,0.0307203
381,0.192037,0.0341073
384,0.193444,0.0312961
387,0.198235,0.0441668
390,0.200813,0.0343218
393,0.201885,0.0323687
396,0.204192,0.0184216
399,0.205442,0.037197
402,0.206616,0.0208001
405,0.207331,0.0218087
408,0.209574,0.0286429
411,0.216442,0.0419201
414,0.224635,0.0573084
417,0.230205,0.0503613
420,0.234668,0.0424658
423,0.242616,0.0487882
426,0.252089,0.0429776
429,0.259864,0.0788273
432,0.26733,0.0820337
435,0.275079,0.0964662
438,0.279606,0.0991683
441,0.282741,0.108532
444,0.288458,0.121278
447,0.290212,0.107779
450,0.29895,0.123988
453,0.305615,0.153492
456,0.309149,0.163985
459,0.311911,0.0712366
462,0.313669,0.123705
465,0.317044,0.0998043
468,0.317071,0.0930303
471,0.316412,0.133227
474,0.317078,0.088676
477,0.3201,0.0422287
480,0.32249,0.0582041
483,0.323532,0.114146
486,0.324545,0.111527
489,0.325557,0.0266032
492,0.326091,0.0387626
495,0.323608,0.0520924
498,0.32512,0.0462366
501,0.331059,0.0500301
504,0.342398,0.049157
507,0.352661,0.0674996
510,0.36345,0.0594235
513,0.367883,0.0683953
516,0.370285,0.05458
519,0.373634,0.0526118
522,0.37929,0.0534322
525,0.383012,0.0663179
528,0.385978,0.0578918
531,0.387039,0.0628368
534,0.390332,0.0516973
537,0.393064,0.0505532
540,0.393896,0.0721286
543,0.396176,0.0701603
546,0.396466,0.0554079
549,0.398559,0.0712931
552,0.398905,0.0505382
555,0.396523,0.0379271
558,0.395529,0.0729302
561,0.39282,0.0477834
564,0.390908,0.0329746
567,0.389466,0.03591
570,0.383863,0.0346455
573,0.389158,0.0371293
576,0.396395,0.0336896
579,0.402664,0.0268553
582,0.410093,0.0340584
585,0.414794,0.0435722
588,0.419114,0.0355336
591,0.423525,0.0573047
594,0.425632,0.0705103
597,0.426968,0.0643196
600,0.431469,0.0729226
603,0.435067,0.0768064
606,0.439557,0.0884164
609,0.444938,0.0882696
612,0.451148,0.0909529
615,0.456883,0.0822369
618,0.461331,0.0707211
621,0.468557,0.0580122
624,0.474251,0.0613804
627,0.479463,0.0633562
630,0.484341,0.0621745
633,0.487479,0.0609852
636,0.489432,0.0559461
639,0.490513,0.0426878
642,0.489914,0.0400685
645,0.48938,0.0382132
648,0.492545,0.0305924
651,0.497215,0.0623702
654,0.50149,0.0295574
657,0.50537,0.0304079
660,0.509164,0.0484081
663,0.513706,0.0372384
666,0.517394,0.032267
669,0.52045,0.0298058
672,0.519362,0.0372008
675,0.520943,0.0893986
678,0.5236,0.0390825
681,0.525139,0.047249
684,0.52675,0.0244581
687,0.527627,0.0577563
690,0.529064,0.0597622
693,0.530201,0.0638981
696,0.528364,0.0277247
699,0.530555,0.0287408
702,0.530837,0.0296327
705,0.531571,0.0331025
708,0.532519,0.0315482
711,0.533046,0.0670932
714,0.534736,0.0292714
717,0.534642,0.0256322
720,0.526667,0.0288951
723,0.528349,0.0248306
726,0.528523,0.0237619
729,0.527461,0.027179
732,0.527367,0.0269043
735,0.525421,0.0263172
738,0.523852,0.0246086
741,0.522972,0.0252935
744,0.522727,0.0235774
747,0.51797,0.0282026
750,0.518132,0.0258656
753,0.518264,0.0271075
756,0.517955,0.0276456
759,0.518422,0.0231447
762,0.51832,0.0234081
765,0.517232,0.0242022
768,0.515434,0.0273182
771,0.506657,0.0312284
774,0.507689,0.0298096
777,0.508701,0.0314993
780,0.509901,0.0264602
783,0.510251,0.0276419
786,0.510357,0.027258
789,0.512269,0.0288913
792,0.515486,0.0359702
795,0.519799,0.0312359
798,0.525467,0.0380175
801,0.530212,0.0415212
804,0.5334,0.0547305
807,0.53483,0.0576998
810,0.536979,0.0309461
813,0.540554,0.0293053
816,0.544776,0.0267274
819,0.547279,0.0270435
822,0.553165,0.0272956
825,0.555129,0.0296026
828,0.557579,0.0306149
831,0.558641,0.0377352
834,0.557523,0.0422926
837,0.556578,0.0299601
840,0.556492,0.025493
843,0.556887,0.0278714
846,0.55569,0.0304832
849,0.55639,0.0330423
852,0.556608,0.0328842
855,0.557312,0.0338176
858,0.557455,0.0321052
861,0.557768,0.0338138
864,0.558411,0.0371858
867,0.558791,0.0355826
870,0.555927,0.031966
873,0.55782,0.0319133
876,0.558253,0.0313149
879,0.55925,0.0302424
882,0.557798,0.0295311
885,0.55788,0.0305359
888,0.557625,0.0285902
891,0.55776,0.0291134
894,0.559066,0.0289741
897,0.560579,0.0292526
900,0.561181,0.0279655
903,0.560568,0.0274311
906,0.556567,0.0279279
909,0.55869,0.027593
912,0.558358,0.0273935
915,0.556228,0.0258806
918,0.552826,0.0219705
921,0.550662,0.0226818
924,0.549977,0.0216205
927,0.549477,0.0217334
930,0.546263,0.0230732
933,0.547181,0.0254215
936,0.548879,0.0251016
939,0.551746,0.0268704
942,0.55528,0.0245672
945,0.555619,0.0271903
948,0.555645,0.0232275
951,0.555585,0.0256511
954,0.555081,0.0241645
957,0.552668,0.0245296
960,0.55303,0.0265317
963,0.553733,0.0269645
966,0.554384,0.0273408
969,0.554983,0.0260801
972,0.557101,0.0261666
975,0.558272,0.0235172
978,0.559525,0.0249925
981,0.557764,0.0221361
984,0.558791,0.0239801
987,0.55852,0.0234081
990,0.558039,0.0249059
993,0.558573,0.0230807
996,0.55916,0.0228173
999,0.556676,0.0222678
1002,0.554584,0.0205818
1005,0.55073,0.0214775
1008,0.550975,0.0227194
1011,0.553609,0.0275403
1014,0.554,0.0245145
1017,0.552081,0.0295762
1020,0.551889,0.0305848
1023,0.551675,0.0317552
1026,0.551283,0.0292488
1029,0.551223,0.0463909
1032,0.551374,0.0288424
1035,0.551833,0.0470044
1038,0.550376,0.0258242
1041,0.550881,0.0282064
1044,0.552525,0.0432749
1047,0.554219,0.0384164
1050,0.553786,0.0319171
1053,0.553703,0.0261328
1056,0.553507,0.0251919
1059,0.553063,0.0252258
1062,0.547674,0.0258919
1065,0.547783,0.0283456
1068,0.547479,0.0240441
1071,0.547813,0.0255118
1074,0.548815,0.0280446
1077,0.549921,0.0293203
1080,0.549774,0.026114
1083,0.550256,0.0249812
1086,0.547535,0.0232162
1089,0.548852,0.0244995
1092,0.550248,0.0301483
1095,0.551697,0.0272279
1098,0.552947,0.0294408
1101,0.552442,0.0257903
1104,0.553101,0.0259709
1107,0.552728,0.025143
1110,0.553011,0.0261629
1113,0.550504,0.027179
1116,0.550926,0.0286994
1119,0.549887,0.025764
1122,0.550813,0.0249285
1125,0.55073,0.0265242
1128,0.553316,0.0287069
1131,0.553978,0.0315181
1134,0.553989,0.0329934
1137,0.55213,0.0334638
1140,0.552111,0.0344385
1143,0.55169,0.035067
1146,0.552446,0.0382094
1149,0.552909,0.0353831
1152,0.553925,0.0317929
1155,0.552378,0.0315972
1158,0.5533,0.0286505
1161,0.550854,0.0225914
1164,0.553492,0.0180905
1167,0.553014,0.022471
1170,0.550997,0.0264564
1173,0.551009,0.0284284
1176,0.550147,0.0223882
1179,0.548837,0.0268139
1182,0.547727,0.0341788
1185,0.548777,0.0306639
1188,0.546843,0.0403507
1191,0.546387,0.0360869
1194,0.546519,0.0406932
1197,0.547347,0.0361433
1200,0.547144,0.0313149
1203,0.546477,0.0296252
1206,0.546624,0.0284886
1209,0.547177,0.0300391
1212,0.544554,0.0272467
1215,0.544656,0.0271338
1218,0.544942,0.0266258
1221,0.545826,0.0251694
1224,0.546391,0.024778
1227,0.546376,0.0274161
1230,0.548148,0.0210146
1233,0.548182,0.0218087
1236,0.546485,0.0265957
1239,0.547512,0.0274575
1242,0.549285,0.0270661
1245,0.549255,0.0268704
1248,0.548243,0.029373
1251,0.548348,0.0352627
1254,0.54656,0.0251957
1257,0.547087,0.0305735
1260,0.546809,0.0251882
1263,0.545586,0.0210485
1266,0.545601,0.0334036
1269,0.546064,0.0208302
1272,0.54755,0.031488
1275,0.547731,0.0193136
1278,0.548066,0.0256473
1281,0.548111,0.0352326
1284,0.54752,0.023457
1287,0.545397,0.027544
1290,0.547445,0.0370164
1293,0.54819,0.0281575
1296,0.548901,0.0270435
1299,0.551528,0.0337159
1302,0.551095,0.0353681
1305,0.550478,0.0286881
1308,0.550286,0.0280446
1311,0.545924,0.0250866
1314,0.545597,0.0264941
1317,0.544261,0.030359
1320,0.544351,0.0374567
1323,0.544472,0.0295913
1326,0.543979,0.0290607
1329,0.543361,0.0295838
1332,0.54405,0.0278752
1335,0.544046,0.0280333
1338,0.54396,0.0279505
1341,0.544965,0.025079
1344,0.546432,0.0284849
1347,0.548329,0.0321993
1350,0.548818,0.0279881
1353,0.550196,0.0352702
1356,0.552529,0.0261666
1359,0.553839,0.0234194
1362,0.551712,0.021835
1365,0.553101,0.0252823
1368,0.551434,0.0261817
1371,0.551739,0.0251392
1374,0.55,0.0283682
1377,0.547979,0.0272204
1380,0.547016,0.0266032
1383,0.546139,0.0220646
1386,0.540784,0.0321015
1389,0.542613,0.0281424
1392,0.543196,0.0212291
1395,0.542891,0.023457
1398,0.541871,0.0224898
1401,0.542357,0.021263
1404,0.541909,0.0221662
1407,0.541487,0.0249737
1410,0.541389,0.0248758
1413,0.534694,0.0284736
1416,0.536369,0.0322445
1419,0.53772,0.0332756
1422,0.539455,0.0310515
1425,0.540889,0.0325568
1428,0.542812,0.0245484
1431,0.546545,0.0307316
1434,0.549752,0.0375771
1437,0.546952,0.116009
1440,0.551178,0.0523521
1443,0.555378,0.0781462
1446,0.557485,0.0693023
1449,0.559352,0.0679738
1452,0.559551,0.20747
1455,0.56085,0.14729
1458,0.561712,0.156556
1461,0.558464,0.2021
1464,0.560195,0.215896
1467,0.56126,0.210748
1470,0.558701,0.136173
1473,0.559262,0.196944
1476,0.560075,0.132357
1479,0.553654,0.270157
1482,0.55236,0.21753
1485,0.54889,0.210714
1488,0.539203,0.225771
1491,0.532482,0.268034
1494,0.524131,0.231018
1497,0.51782,0.298224
1500,0.511147,0.172599
1503,0.505592,0.268132
1506,0.50079,0.270638
1509,0.49405,0.272087
1512,0.480284,0.287047
1515,0.475666,0.349846
1518,0.4666,0.372686
1521,0.460409,0.343087
1524,0.453906,0.320251
1527,0.449522,0.306379
1530,0.451201,0.295736
1533,0.451317,0.360549
1536,0.444031,0.355566
1539,0.446903,0.314128
1542,0.446278,0.273005
1545,0.445424,0.332497
1548,0.444889,0.297422
1551,0.4418,0.334544
1554,0.441476,0.336768
1557,0.443429,0.28451
1560,0.444649,0.325034
1563,0.449334,0.306292
1566,0.453692,0.337103
1569,0.458276,0.256902
1572,0.455747,0.195394
1575,0.459608,0.320093
1578,0.463172,0.287445
1581,0.469769,0.271944
1584,0.473069,0.303654
1587,0.473235,0.276234
1590,0.472354,0.272211
1593,0.468892,0.188616
1596,0.473495,0.249285
1599,0.479493,0.226874
1602,0.494347,0.229147
1605,0.504241,0.231281
1608,0.51176,0.259356
1611,0.499597,0.202841
1614,0.495416,0.229851
1617,0.489455,0.194652
1620,0.473047,0.192443
1623,0.465927,0.19758
1626,0.46085,0.17453
1629,0.455649,0.226577
1632,0.454663,0.224895
1635,0.453888,0.198894
1638,0.449006,0.237088
1641,0.44046,0.213729
1644,0.435519,0.200937
1647,0.430088,0.219144
1650,0.423645,0.205175
1653,0.419758,0.215501
1656,0.418606,0.266849
1659,0.417838,0.237438
1662,0.410052,0.235229
1665,0.408799,0.215366
1668,0.407218,0.20461
1671,0.408084,0.25528
1674,0.408814,0.233927
1677,0.409589,0.233535
1680,0.414869,0.182286
1683,0.416374,0.137238
1686,0.414798,0.209096
1689,0.423807,0.198664
1692,0.434356,0.230028
1695,0.447584,0.218971
1698,0.461467,0.181514
1701,0.469434,0.21747
1704,0.475711,0.205412
1707,0.476189,0.174466
1710,0.465275,0.210067
1713,0.45706,0.246621
1716,0.456326,0.25715
1719,0.44778,0.184649
1722,0.439752,0.212423
1725,0.432816,0.188842
1728,0.43072,0.185891
1731,0.418222,0.201581
1734,0.410462,0.188876
1737,0.409916,0.230931
1740,0.404625,0.276005
1743,0.398649,0.282813
1746,0.389109,0.245047
1749,0.379554,0.187242
1752,0.374917,0.241371
1755,0.372031,0.168508
1758,0.365467,0.14866
1761,0.353188,0.149733
1764,0.347219,0.130333
1767,0.345977,0.192511
1770,0.346327,0.196496
1773,0.348314,0.189971
1776,0.341596,0.173227
1779,0.331322,0.136271
1782,0.323905,0.145269
1785,0.318964,0.183626
1788,0.311158,0.16666
1791,0.304418,0.14425
1794,0.291517,0.190881
1797,0.278684,0.158057
1800,0.277781,0.123449
1803,0.273212,0.123013
1806,0.266476,0.154663
1809,0.261794,0.153127
1812,0.242044,0.146218
1815,0.231872,0.146707
1818,0.223664,0.128673
1821,0.22421,0.160985
1824,0.225892,0.110026
1827,0.225418,0.137573
1830,0.230607,0.141777
1833,0.228824,0.212453
1836,0.223589,0.182692
1839,0.222283,0.139707
1842,0.215125,0.145958
1845,0.205788,0.13314
1848,0.197467,0.133949
1851,0.175899,0.0953109
1854,0.154437,0.081473
1857,0.14895,0.0912803
1860,0.149311,0.107873
1863,0.140106,0.0936663
1866,0.137028,0.0933464
1869,0.14889,0.131123
1872,0.168429,0.126833
1875,0.174048,0.114737
1878,0.184209,0.0999699
1881,0.204475,0.124315
1884,0.223261,0.130739
1887,0.242985,0.132342
1890,0.269122,0.135522
1893,0.290332,0.126039
1896,0.310131,0.131202
1899,0.327702,0.146609
1902,0.355453,0.155762
1905,0.375482,0.168079
1908,0.386068,0.167108
1911,0.379731,0.187841
1914,0.356894,0.203658
1917,0.336967,0.180084
1920,0.321511,0.137419
1923,0.30986,0.142281
1926,0.29323,0.116081
1929,0.27386,0.135759
1932,0.252834,0.166484
1935,0.234303,0.13871
1938,0.217827,0.153127
1941,0.205893,0.112058
1944,0.195883,0.143237
1947,0.185808,0.112047
1950,0.174639,0.0939749
1953,0.157715,0.0972226
1956,0.129904,0.0448856
1959,0.105423,0.0462856
1962,0.0789139,0.0284134
1965,0.0568907,0.0318719
1968,0.039854,0.0345326
1971,0.0207098,0.0239801
1974,0.00801596,0.0252409
1977,0.00303703,0.0281876
1980,0.00339831,0.0242963
1983,0.00317628,0.0253425
1986,0.00532139,0.0260951
1989,0.00520473,0.0243903
1992,0.00476065,0.0247591
1995,0.00445958,0.0269005
1998,0.00377465,0.0262984
2001,0.00796703,0.0302838
2004,0.034781,0.0375847
2007,0.0693738,0.0312171
2010,0.106782,0.0645115
2013,0.150166,0.0710936
2016,0.190494,0.0663292
2019,0.233103,0.0822294
2022,0.265689,0.092319
2025,0.296323,0.0930265
2028,0.315498,0.115693
2031,0.331748,0.0890223
2034,0.314177,0.0758317
2037,0.292507,0.10516
2040,0.269554,0.0860793
2043,0.244596,0.0825568
2046,0.219667,0.0742586
2049,0.196805,0.107783
2052,0.175576,0.090219
2055,0.155318,0.0563526
2058,0.140121,0.0657986
2061,0.132655,0.0720608
2064,0.112479,0.0489274
2067,0.0902416,0.0453146
2070,0.0671572,0.0379836
2073,0.0461463,0.0420744
2076,0.0291209,0.0251618
2079,0.0167695,0.0361809
2082,0.00953259,0.0269268
2085,0.00947614,0.0329407
2088,0.0099729,0.0352138
2091,0.00961162,0.0284849
2094,0.00960409,0.0313149
2097,0.0113277,0.0312735
2100,0.0113653,0.0336143
2103,0.0167921,0.052115
2106,0.0241382,0.0519043
2109,0.0316536,0.0666867
2112,0.0420857,0.0653282
2115,0.0524462,0.0799676
2118,0.063168,0.0820751
2121,0.0787709,0.0851084
2124,0.104753,0.110492
2127,0.130047,0.161053
2130,0.145315,0.156115
2133,0.157929,0.116551
2136,0.169728,0.138367
2139,0.180638,0.145936
2142,0.187799,0.143218
2145,0.192718,0.142153
2148,0.194859,0.139436
2151,0.197034,0.170736
2154,0.204046,0.163571
2157,0.221797,0.154505
2160,0.227913,0.132896
2163,0.224586,0.139271
2166,0.220747,0.119317
2169,0.215682,0.126419
2172,0.205713,0.107869
2175,0.187735,0.111309
2178,0.168181,0.0779392
2181,0.148419,0.104922
2184,0.128131,0.0538687
2187,0.107847,0.076208
2190,0.0884766,0.0486678
2193,0.0671873,0.0657534
2196,0.0489989,0.068941
2199,0.036817,0.0668975
2202,0.0268102,0.0609815
2205,0.0194942,0.0242285
2208,0.0134954,0.0342353
2211,0.00874981,0.0201754
2214,0.0058445,0.0243376
2217,0.00540795,0.0263096
2220,0.00517462,0.0232839
2223,0.00501656,0.0268742
2226,0.00516333,0.0269381
2229,0.00593858,0.0237844
2232,0.00558859,0.0241608
2235,0.00646922,0.0265279
2238,0.00690953,0.0233855
2241,0.00774123,0.0257451
2244,0.00684932,0.0239613
2247,0.00771112,0.0302123
2250,0.00769231,0.0303967
2253,0.00978097,0.0299187
2256,0.00983742,0.0276795
2259,0.0113315,0.0230882
2262,0.0111998,0.0279881
2265,0.0117868,0.0261516
2268,0.0235097,0.0333133
2271,0.0419351,0.0532704
2274,0.0551219,0.0415738
2277,0.0607783,0.0565558
2280,0.06444,0.0508129
2283,0.0674996,0.0372008
2286,0.0708565,0.0757113
2289,0.0699722,0.0392857
2292,0.0704162,0.0943361
2295,0.0708754,0.0719705
2298,0.0726027,0.0570563
2301,0.0793203,0.0363804
2304,0.0801859,0.0551633
2307,0.0792677,0.0380852
2310,0.0766973,0.0467899
2313,0.0696259,0.040061
2316,0.0634766,0.0361847
2319,0.0581552,0.0279843
2322,0.0539365,0.0471135
2325,0.0480393,0.0450775
2328,0.0410959,0.0343557
2331,0.0387965,0.0516822
2334,0.0351912,0.0482914
2337,0.0309762,0.0491909
2340,0.027322,0.0418975
2343,0.0227871,0.0346267
2346,0.0205818,0.0419464
2349,0.0169012,0.0312509
2352,0.0160959,0.0289026
2355,0.011975,0.0222829
2358,0.00952506,0.0280972
2361,0.01161,0.0389846
2364,0.0120164,0.0266333
2367,0.0127954,0.0348337
2370,0.0127164,0.0346718
2373,0.0131379,0.027529
2376,0.0131642,0.0309649
2379,0.013932,0.0293316
2382,0.013168,0.0258505
2385,0.025636,0.0265844
2388,0.0481597,0.0324891
2391,0.0523596,0.0546026
2394,0.054708,0.0510161
2397,0.0565257,0.0473506
2400,0.0586444,0.044434
2403,0.0605073,0.0690426
2406,0.06161,0.0754253
2409,0.0651927,0.088661
2412,0.0681432,0.0831364
2415,0.0614519,0.0959356
2418,0.0517725,0.0683991
2421,0.0392406,0.0493828
2424,0.0241683,0.0235285
2427,0.0120352,0.0267236
2430,0.00283381,0.0179023
2433,0.00736866,0.0251581
2436,0.033302,0.0335315
2439,0.0412276,0.0401212
2442,0.045928,0.0360266
2445,0.0493602,0.0347885
2448,0.0521414,0.0636158
2451,0.0541134,0.0465603
2454,0.0564655,0.0461388
2457,0.0588439,0.0395379
2460,0.0606465,0.0566235
2463,0.0610793,0.0375884
2466,0.050271,0.0336256
2469,0.0381906,0.0259371
2472,0.0273258,0.0202695
2475,0.0173942,0.0238973
2478,0.0160997,0.0303214
2481,0.0141126,0.0281349
2484,0.0162728,0.0280709
2487,0.0179475,0.0273295
2490,0.0189071,0.0320714
2493,0.0199345,0.0265317
2496,0.0206985,0.0309423
2499,0.0221135,0.0254629
2502,0.0224823,0.0543768
2505,0.0242022,0.0339003
2508,0.0265279,0.0439974
2511,0.0391314,0.0452017
2514,0.0554192,0.043384
2517,0.057188,0.0389019
2520,0.0568154,0.0569359
2523,0.0601159,0.0380024
2526,0.0621557,0.0615121
2529,0.0654147,0.0559837
2532,0.0673077,0.069863
2535,0.0689974,0.0503839
2538,0.0696184,0.0760462
2541,0.0708942,0.0873702
2544,0.0751392,0.0830536
2547,0.0765957,0.054851
2550,0.0748382,0.0452506
2553,0.0656669,0.064775
2556,0.057316,0.047964
2559,0.0438319,0.0466506
2562,0.0318606,0.0384804
2565,0.0184593,0.0344611
2568,0.00879497,0.0264075
2571,0.00611922,0.0225764
2574,0.00623965,0.0238296
2577,0.00634879,0.0236979
2580,0.00672889,0.0218576
2583,0.00660093,0.0220721
2586,0.00713533,0.0212216
2589,0.00664986,0.0217184
2592,0.00645416,0.0222151
2595,0.00702243,0.022742
2598,0.00696974,0.0229979
2601,0.00693964,0.0231898
2604,0.00672512,0.0238409
2607,0.00703372,0.0233516
2610,0.00693964,0.0238559
2613,0.00751919,0.0219667
2616,0.00757941,0.0233705
2619,0.00690953,0.0235398
2622,0.00689824,0.0227796
2625,0.0106654,0.0250753
2628,0.0283946,0.0390674
2631,0.0389734,0.0386234
2634,0.0433313,0.0418222
2637,0.0488522,0.0457512
2640,0.0674055,0.0545687
2643,0.089933,0.0737355
2646,0.111644,0.103086
2649,0.132075,0.0912314
2652,0.140392,0.101148
2655,0.146436,0.110184
2658,0.152981,0.11657
2661,0.158404,0.132805
2664,0.158407,0.125083
2667,0.151088,0.129851
2670,0.145108,0.1348
2673,0.139971,0.095913
2676,0.138232,0.0789252
2679,0.133761,0.103368
2682,0.128338,0.100659
2685,0.125489,0.103071
2688,0.125798,0.116213
2691,0.112683,0.0842842
2694,0.101035,0.0831891
2697,0.0842804,0.055788
2700,0.0686776,0.045834
2703,0.0553214,0.0608874
2706,0.0444528,0.0399895
2709,0.0386723,0.0322031
2712,0.0383863,0.036196
2715,0.0392368,0.0456044
2718,0.0388567,0.0549112
2721,0.0393986,0.076129
2724,0.0402341,0.0476479
2727,0.0414421,0.0695883
2730,0.0510613,0.0760086
2733,0.0625847,0.068034
2736,0.0743979,0.068527
2739,0.0782214,0.102506
2742,0.0810477,0.0578617
2745,0.0833961,0.0541886
2748,0.0880927,0.0926201
2751,0.0909341,0.0559649
2754,0.0929211,0.0502484
2757,0.0954012,0.0674921
2760,0.0972791,0.0533908
2763,0.0985925,0.0518553
2766,0.0998156,0.058159
2769,0.101024,0.0562397
2772,0.102646,0.0441969
2775,0.106304,0.0578127
2778,0.10779,0.0692496
2781,0.110522,0.0686324
2784,0.110297,0.0750226
2787,0.109521,0.116747
2790,0.110195,0.0767613
2793,0.112107,0.0554795
2796,0.111644,0.0784359
2799,0.111482,0.0494581
2802,0.112498,0.0442345
2805,0.113255,0.029151
2808,0.11432,0.0417582
2811,0.112171,0.024586
2814,0.112626,0.0265919
2817,0.112961,0.0279731
2820,0.113533,0.0245973
2823,0.115802,0.0234984
2826,0.11648,0.0234006
2829,0.11651,0.0251581
2832,0.117793,0.0247704
2835,0.119212,0.0271526
2838,0.119118,0.031345
2841,0.117985,0.0346718
2844,0.117022,0.0315784
2847,0.117364,0.0300542
2850,0.117756,0.027608
2853,0.117959,0.0291811
2856,0.117789,0.029294
2859,0.117989,0.0304983
2862,0.115607,0.0290945
2865,0.116453,0.0299714
2868,0.116882,0.0303477
2871,0.118045,0.0371933
2874,0.119287,0.0299789
2877,0.119103,0.0372798
2880,0.119852,0.0312848
2883,0.122339,0.0349428
2886,0.122396,0.0407572
2889,0.12424,0.0417808
2892,0.126468,0.0283456
2895,0.124484,0.0376336
2898,0.124368,0.0324025
2901,0.123536,0.0317101
2904,0.122738,0.0288198
2907,0.12275,0.0398352
2910,0.124033,0.0367153
2913,0.121741,0.0397298
2916,0.121858,0.0471587
2919,0.120635,0.0418147
2922,0.120762,0.05633
2925,0.12211,0.0557391
2928,0.121726,0.0425899
2931,0.12561,0.0502634
2934,0.127653,0.0445883
2937,0.125911,0.0309913
2940,0.126592,0.0425335
2943,0.129998,0.03486
2946,0.136377,0.0320751
2949,0.144904,0.0362148
2952,0.152766,0.0343068
2955,0.156424,0.0533833
2958,0.163793,0.0761064
2961,0.166243,0.0594347
2964,0.174627,0.0714248
2967,0.180829,0.0644551
2970,0.187762,0.0847622
2973,0.195179,0.109329
2976,0.201897,0.0824853
2979,0.207591,0.077593
2982,0.213112,0.0708904
2985,0.220623,0.0941216
2988,0.223536,0.1119
2991,0.240099,0.139391
2994,0.257858,0.113924
2997,0.269731,0.13652
3000,0.283302,0.15557
3003,0.289395,0.175531
3006,0.296726,0.156044
3009,0.304121,0.184017
3012,0.314564,0.157771
3015,0.326302,0.14746
3018,0.333373,0.115437
3021,0.339843,0.111828
3024,0.346662,0.15761
3027,0.34866,0.154283
3030,0.348367,0.162118
3033,0.347034,0.0719291
3036,0.340927,0.0893271
3039,0.344201,0.100222
3042,0.345254,0.0963157
3045,0.345292,0.127653
3048,0.343504,0.11383
3051,0.344682,0.129411
3054,0.345969,0.150132
3057,0.34904,0.0798171
3060,0.360583,0.120119
3063,0.36167,0.0792225
3066,0.369366,0.0807918
3069,0.379,0.0627352
3072,0.383385,0.137144
3075,0.385312,0.076607
3078,0.388055,0.0662314
3081,0.389173,0.0641427
3084,0.393433,0.092748
3087,0.386606,0.0748194
3090,0.39186,0.102668
3093,0.395153,0.0657308
3096,0.398468,0.0809273
3099,0.399688,0.104938
3102,0.400335,0.0982689
3105,0.397911,0.128349
3108,0.391653,0.0516634
3111,0.382534,0.0699533
3114,0.381274,0.0788574
3117,0.376001,0.0527059
3120,0.374198,0.077958
3123,0.371101,0.0334186
3126,0.370552,0.0390561
3129,0.372505,0.039504
3132,0.373939,0.0401626
3135,0.378056,0.0441743
3138,0.374153,0.0408814
3141,0.377119,0.0542451
3144,0.380152,0.0607406
3147,0.382613,0.0532741
3150,0.383599,0.0457436
3153,0.386087,0.0441593
3156,0.38833,0.0345439
3159,0.389677,0.0410394
3162,0.387886,0.0414986
3165,0.38824,0.0426313
3168,0.387129,0.0429663
3171,0.387272,0.04189
3174,0.38851,0.0379196
3177,0.388176,0.0353718
3180,0.39087,0.0342654
3183,0.391909,0.0406443
3186,0.394746,0.0543392
3189,0.399206,0.0499699
3192,0.404181,0.0488371
3195,0.410443,0.0728775
3198,0.412524,0.0445431
3201,0.416529,0.0421534
3204,0.419569,0.0422211
3207,0.42191,0.0400685
3210,0.424473,0.0416529
3213,0.420254,0.0565746
3216,0.421974,0.0601423
3219,0.422667,0.0411448
3222,0.42252,0.0408927
3225,0.424146,0.0411636
3228,0.425331,0.0417959
3231,0.426825,0.0340283
3234,0.427721,0.0369374
3237,0.424981,0.0414609
3240,0.4271,0.0353605
3243,0.427134,0.0442195
3246,0.426182,0.0365422
3249,0.42541,0.0424658
3252,0.42617,0.0410507
3255,0.425418,0.0381943
3258,0.425301,0.0413669
3261,0.422923,0.0443851
3264,0.424481,0.0457399
3267,0.426167,0.0395529
3270,0.428176,0.0395755
3273,0.429539,0.0393422
3276,0.430615,0.0421421
3279,0.430732,0.0426614
3282,0.430649,0.0407459
3285,0.431364,0.0413744
3288,0.425173,0.0413631
3291,0.424439,0.0404411
3294,0.426475,0.043591
3297,0.425926,0.0379986
3300,0.426238,0.0340358
3303,0.425685,0.0344912
3306,0.425553,0.0352138
3309,0.424876,0.0339455
3312,0.41555,0.0402868
3315,0.418478,0.039011
3318,0.418696,0.0340321
3321,0.416566,0.0382658
3324,0.416096,0.0371557
3327,0.417688,0.0363691
3330,0.418787,0.0406217
3333,0.417056,0.0383938
3336,0.414007,0.039075
3339,0.416261,0.0329445
3342,0.418316,0.0294822
3345,0.418136,0.0327074
3348,0.417071,0.0283193
3351,0.416261,0.0318945
3354,0.415381,0.0300881
3357,0.417052,0.0315671
3360,0.419148,0.0347208
3363,0.416529,0.0309913
3366,0.418166,0.0317176
3369,0.420055,0.0297682
3372,0.421312,0.0288537
3375,0.422987,0.0286768
3378,0.423547,0.0273295
3381,0.424138,0.0282854
3384,0.42488,0.0280483
3387,0.421071,0.026701
3390,0.422682,0.0269682
3393,0.42243,0.0263059
3396,0.422407,0.026558
3399,0.423258,0.0266408
3402,0.424439,0.0280972
3405,0.426336,0.0294257
3408,0.427875,0.0272204
3411,0.423318,0.0311681
3414,0.424898,0.0293316
3417,0.426159,0.0302047
3420,0.427006,0.0329746
3423,0.427386,0.0310026
3426,0.42716,0.0285338
3429,0.42757,0.028737
3432,0.42795,0.0280897
3435,0.429162,0.028673
3438,0.431183,0.024921
3441,0.431759,0.0264903
3444,0.431842,0.0264978
3447,0.43209,0.0270849
3450,0.432497,0.0262494
3453,0.433166,0.0277698
3456,0.433042,0.0283946
3459,0.433016,0.0285978
3462,0.431812,0.0282854
3465,0.433976,0.0292375
3468,0.434258,0.0282478
3471,0.43101,0.0282478
3474,0.428568,0.0286956
3477,0.428244,0.0282553
3480,0.427935,0.0277585
3483,0.428033,0.0277473
3486,0.424473,0.0252559
3489,0.426197,0.0285827
3492,0.425704,0.0279429
3495,0.4264,0.0280521
3498,0.426614,0.027736
3501,0.42707,0.0278752
3504,0.426806,0.029023
3507,0.426487,0.0283155
3510,0.42631,0.0282779
3513,0.426121,0.0271715
3516,0.426976,0.0280596
3519,0.426773,0.0282064
3522,0.426773,0.02783
3525,0.426821,0.027194
3528,0.427021,0.0277886
3531,0.426957,0.0289591
3534,0.426754,0.0285376
3537,0.422475,0.029087
3540,0.42334,0.0276494
3543,0.423498,0.0285037
3546,0.426321,0.0284849
3549,0.427981,0.0285075
3552,0.429588,0.0277021
3555,0.429896,0.0277736
3558,0.431864,0.0282365
3561,0.429934,0.0264602
3564,0.429595,0.0307391
3567,0.428775,0.0292375
3570,0.42789,0.0257451
3573,0.429339,0.0282327
3576,0.429569,0.0279467
3579,0.430675,0.0287333
3582,0.432068,0.0272543
3585,0.432828,0.0297644
3588,0.433189,0.0273634
3591,0.433321,0.0278188
3594,0.432252,0.029644
3597,0.427774,0.0283118
3600,0.425888,0.0287558
3603,0.425113,0.027194
3606,0.425918,0.0282929
3609,0.426833,0.0283118
3612,0.42795,0.0306563
3615,0.428669,0.0302348
3618,0.430732,0.0256435
3621,0.43299,0.02783
3624,0.434352,0.0272091
3627,0.432237,0.0302273
3630,0.432297,0.0263285
3633,0.432775,0.0284284
3636,0.432064,0.0289591
3639,0.431409,0.0292978
3642,0.430303,0.0359702
3645,0.426174,0.0275064
3648,0.427382,0.0275516
3651,0.427868,0.0284359
3654,0.42859,0.0277284
3657,0.429365,0.0290418
3660,0.429456,0.0302574
3663,0.429659,0.0303553
3666,0.429877,0.0316762
3669,0.428888,0.0281913
3672,0.425222,0.0358949
3675,0.422501,0.0310063
3678,0.424571,0.0313375
3681,0.427593,0.0301784
3684,0.430065,0.0318117
3687,0.432451,0.0323762
3690,0.43235,0.0311794
3693,0.431665,0.0284811
3696,0.428959,0.0283306
3699,0.427578,0.0330988
3702,0.426946,0.0301972
3705,0.427977,0.0297795
3708,0.428722,0.0651701
3711,0.429016,0.0438921
3714,0.430427,0.0401626
3717,0.431115,0.0311192
3720,0.429008,0.0276344
3723,0.43028,0.0278225
3726,0.430193,0.0767236
3729,0.430446,0.0402153
3732,0.430596,0.0268967
3735,0.430224,0.0270661
3738,0.43037,0.0274048
3741,0.429806,0.0288273
3744,0.428906,0.0307015
3747,0.426359,0.0299413
3750,0.426238,0.0274349
3753,0.426475,0.026543
3756,0.425354,0.0264301
3759,0.425783,0.0298886
3762,0.425305,0.0259785
3765,0.423521,0.0244393
3768,0.420702,0.0268704
3771,0.416024,0.0264037
3774,0.41899,0.0325794
3777,0.42048,0.0281424
3780,0.425124,0.0279166
3783,0.430325,0.0309913
3786,0.434589,0.0310026
3789,0.437547,0.0306977
3792,0.43935,0.0309423
3795,0.434619,0.0290644
3798,0.437208,0.0279956
3801,0.4404,0.0289703
3804,0.441928,0.0289666
3807,0.443034,0.0297381
3810,0.442899,0.0294822
3813,0.444776,0.0284698
3816,0.44624,0.0278602
3819,0.447746,0.0279467
3822,0.457854,0.0266935
3825,0.458915,0.0260838
3828,0.461038,0.0280634
3831,0.461712,0.0299977
3834,0.463213,0.0289252
3837,0.463383,0.0276155
3840,0.463194,0.0245333
3843,0.462938,0.0267311
3846,0.460308,0.02958
3849,0.461042,0.0322746
3852,0.461832,0.028515
3855,0.462506,0.0287333
3858,0.462321,0.030216
3861,0.462073,0.0321466
3864,0.460534,0.0273709
3867,0.459623,0.0308596
3870,0.457331,0.0254892
3873,0.459348,0.0302687
3876,0.4596,0.0319472
3879,0.459247,0.0356804
3882,0.458697,0.0323611
3885,0.460831,0.0303666
3888,0.460842,0.0303741
3891,0.460361,0.0310026
3894,0.457978,0.0320563
3897,0.455359,0.0325907
3900,0.451103,0.0271978
3903,0.455408,0.0261817
3906,0.457801,0.02675
3909,0.459777,0.024142
3912,0.461478,0.0302198
3915,0.461772,0.0298209
3918,0.460492,0.028801
3921,0.456974,0.0253801
3924,0.457305,0.0313789
3927,0.457884,0.0297682
3930,0.454403,0.0305735
3933,0.456778,0.0289591
3936,0.458159,0.031488
3939,0.458611,0.0272016
3942,0.455972,0.0210974
3945,0.457564,0.0272317
3948,0.458727,0.0263435
3951,0.459096,0.0252371
3954,0.458855,0.0254403
3957,0.457711,0.024857
3960,0.456774,0.02783
3963,0.456127,0.027529
3966,0.459073,0.0237769
3969,0.45992,0.027322
3972,0.456943,0.0248043
3975,0.456341,0.0275741
3978,0.455299,0.027337
3981,0.452695,0.0300918
3984,0.448457,0.0241194
3987,0.452465,0.0258279
3990,0.455931,0.0265731
3993,0.457636,0.0263398
3996,0.454934,0.0266822
3999,0.456401,0.0273596
4002,0.455547,0.0258016
4005,0.456511,0.0279467
4008,0.456552,0.0264564
4011,0.45569,0.0288876
4014,0.455999,0.0281236
4017,0.456635,0.0283005
4020,0.454384,0.0280069
4023,0.456925,0.0314391
4026,0.458377,0.0311983
4029,0.459378,0.0261855
4032,0.458626,0.025779
4035,0.458712,0.0247215
4038,0.457929,0.0291472
4041,0.458148,0.0302537
4044,0.45817,0.0287257
4047,0.455856,0.0283494
4050,0.455566,0.0279618
4053,0.4554,0.0278489
4056,0.45563,0.027322
4059,0.455965,0.0277096
4062,0.456511,0.0271338
4065,0.454938,0.0270322
4068,0.452755,0.0281462
4071,0.456514,0.0255946
4074,0.457779,0.02923
4077,0.458087,0.0257075
4080,0.459137,0.0260349
4083,0.458682,0.0248118
4086,0.457753,0.0260425
4089,0.456597,0.0295762
4092,0.45712,0.027051
4095,0.451065,0.0295988
4098,0.451961,0.0249323
4101,0.452333,0.0260425
4104,0.45341,0.028816
4107,0.454964,0.0254554
4110,0.456247,0.0249511
4113,0.45639,0.0230694
4116,0.455103,0.0251543
4119,0.454132,0.0251505
4122,0.452469,0.0187302
4125,0.456334,0.017876
4128,0.455984,0.0217033
4131,0.456642,0.0205216
4134,0.456744,0.0227796
4137,0.458039,0.0219442
4140,0.457192,0.0244807
4143,0.461,0.028737
4146,0.459439,0.0242285
4149,0.465975,0.0698329
4152,0.470868,0.0248495
4155,0.475282,0.0298961
4158,0.476253,0.0652905
4161,0.4764,0.0939222
4164,0.477838,0.0902115
4167,0.480081,0.113078
4170,0.486922,0.0667093
4173,0.494468,0.127713
4176,0.500493,0.129392
4179,0.507561,0.0565595
4182,0.507421,0.0791359
4185,0.507165,0.154452
4188,0.500636,0.0797945
4191,0.500478,0.0709055
4194,0.499635,0.0590095
4197,0.492729,0.0812961
4200,0.493166,0.0776757
4203,0.499944,0.130261
4206,0.503842,0.0993414
4209,0.503884,0.190095
4212,0.500075,0.26782
4215,0.498378,0.206815
4218,0.493516,0.278921
4221,0.481115,0.291984
4224,0.469528,0.344329
4227,0.459435,0.335831
4230,0.452597,0.27261
4233,0.445311,0.257282
4236,0.438729,0.302488
4239,0.430062,0.286836
4242,0.416856,0.21289
4245,0.3951,0.290528
4248,0.397622,0.332681
4251,0.392665,0.241476
4254,0.399262,0.302634
4257,0.403214,0.29014
4260,0.409672,0.308242
4263,0.408125,0.318862
4266,0.413766,0.334751
4269,0.417364,0.297354
4272,0.416551,0.261061
4275,0.424947,0.25417
4278,0.425542,0.275365
4281,0.426776,0.261441
4284,0.424804,0.248875
4287,0.424161,0.208012
4290,0.425866,0.272979
4293,0.42917,0.201404
4296,0.425674,0.245051
4299,0.435011,0.270394
4302,0.44466,0.25324
4305,0.457512,0.233031
4308,0.459499,0.251009
4311,0.468851,0.206925
4314,0.483599,0.254335
4317,0.495635,0.223322
4320,0.490471,0.262743
4323,0.495044,0.239131
4326,0.48801,0.239632
4329,0.477954,0.314888
4332,0.470638,0.248069
4335,0.460955,0.196876
4338,0.454926,0.261279
4341,0.453564,0.253515
4344,0.458234,0.278327
4347,0.45983,0.249669
4350,0.466574,0.201539
4353,0.47395,0.192914
4356,0.474834,0.212092
4359,0.470251,0.272505
4362,0.468072,0.295145
4365,0.466702,0.268008
4368,0.462942,0.279181
4371,0.459649,0.239839
4374,0.461328,0.212404
4377,0.460662,0.236949
4380,0.458227,0.215957
4383,0.453963,0.173784
4386,0.444581,0.199635
4389,0.431808,0.234104
4392,0.422569,0.229162
4395,0.417831,0.230461
4398,0.41193,0.211298
4401,0.404994,0.227732
4404,0.396681,0.168185
4407,0.39408,0.197076
4410,0.386049,0.135816
4413,0.375041,0.212167
4416,0.37016,0.176509
4419,0.368512,0.160594
4422,0.361538,0.170499
4425,0.363029,0.223235
4428,0.370793,0.218764
4431,0.37856,0.190411
4434,0.391009,0.188191
4437,0.401968,0.195646
4440,0.417827,0.186019
4443,0.423894,0.231409
4446,0.43101,0.232007
4449,0.45691,0.20137
4452,0.474522,0.194566
4455,0.485605,0.21806
4458,0.499353,0.164639
4461,0.503206,0.15233
4464,0.496037,0.215904
4467,0.495932,0.181646
4470,0.489342,0.160936
4473,0.48562,0.199955
4476,0.476456,0.178285
4479,0.466939,0.157455
4482,0.459965,0.18568
4485,0.447185,0.197388
4488,0.434036,0.19971
4491,0.428425,0.215911
4494,0.422919,0.25035
4497,0.419603,0.213898
4500,0.419186,0.189986
4503,0.424296,0.174048
4506,0.424372,0.219287
4509,0.419302,0.170175
4512,0.416152,0.217518
4515,0.409239,0.165178
4518,0.399575,0.17252
4521,0.388315,0.166698
4524,0.397384,0.211283
4527,0.413473,0.210003
4530,0.425162,0.194972
4533,0.433257,0.216691
4536,0.424488,0.193986
4539,0.406153,0.186998
4542,0.394005,0.204313
4545,0.377503,0.230566
4548,0.370322,0.18104
4551,0.361738,0.24449
4554,0.353997,0.21205
4557,0.356194,0.222305
4560,0.361053,0.242274
4563,0.368196,0.222607
4566,0.381191,0.196745
4569,0.39329,0.220175
4572,0.398623,0.213089
4575,0.399699,0.261222
4578,0.394709,0.221647
4581,0.386264,0.294219
4584,0.380212,0.190934
4587,0.38352,0.23349
4590,0.386196,0.216585
4593,0.385184,0.236061
4596,0.373115,0.225711
4599,0.370431,0.224767
4602,0.364143,0.178007
4605,0.357418,0.162144
4608,0.349067,0.213326
4611,0.338273,0.186316
4614,0.322546,0.179998
4617,0.305476,0.176058
4620,0.284743,0.179159
4623,0.274895,0.193339
4626,0.267244,0.199022
4629,0.259717,0.14752
4632,0.272174,0.169916
4635,0.282816,0.157816
4638,0.281879,0.192142
4641,0.281018,0.189542
4644,0.286444,0.232327
4647,0.294095,0.192628
4650,0.305096,0.151558
4653,0.309062,0.190215
4656,0.310586,0.192187
4659,0.300978,0.140373
4662,0.286847,0.185891
4665,0.280811,0.146613
4668,0.280333,0.125557
4671,0.264986,0.105942
4674,0.252999,0.115328
4677,0.239308,0.0771526
4680,0.226001,0.130622
4683,0.215099,0.173126
4686,0.209773,0.13194
4689,0.213191,0.133712
4692,0.217963,0.135413
4695,0.213962,0.121222
4698,0.209597,0.117564
4701,0.209864,0.125256
4704,0.212976,0.0938695
4707,0.217232,0.115505
4710,0.217157,0.133998
4713,0.223171,0.149684
4716,0.235447,0.163334
4719,0.251419,0.134235
4722,0.260123,0.162453
4725,0.268873,0.128252
4728,0.274161,0.174142
4731,0.277725,0.175787
4734,0.275177,0.162652
4737,0.273577,0.160613
4740,0.271816,0.202066
4743,0.263808,0.215539
4746,0.25283,0.143177
4749,0.244295,0.127171
4752,0.233279,0.122584
4755,0.216664,0.108325
4758,0.19749,0.104177
4761,0.173434,0.116653
4764,0.158046,0.101581
4767,0.143644,0.146692
4770,0.125139,0.123935
4773,0.113766,0.0997817
4776,0.0958829,0.0795875
4779,0.0782591,0.0701227
4782,0.063183,0.0507
4785,0.0511629,0.0457361
4788,0.0339342,0.041762
4791,0.0175674,0.033174
4794,0.00999548,0.0227796
4797,0.00665362,0.0260726
4800,0.00143384,0.0216732
4803,0.00103492,0.01902
4806,0.000967184,0.0184856
4809,0.000937077,0.0201076
4812,0.00133599,0.0190727
4815,0.00152416,0.0203786
4818,0.0017048,0.0200211
4821,0.00245747,0.018941
4824,0.0021263,0.0193324
4827,0.00244618,0.0189071
4830,0.0021677,0.0191329
4833,0.00218651,0.0192646
4836,0.00357143,0.0221624
4839,0.0043655,0.0190464
4842,0.00453109,0.0196222
4845,0.00500903,0.0294746
4848,0.00500903,0.0220796
4851,0.00403432,0.0240817
4854,0.00477947,0.0282666
4857,0.00472302,0.0253199
4860,0.00469667,0.0275064
4863,0.00490366,0.023156
4866,0.00428647,0.0285827
4869,0.00444453,0.0233215
4872,0.00486226,0.0218651
4875,0.00450474,0.0259672
4878,0.00456872,0.0254855
4881,0.00381981,0.0242586
4884,0.00455743,0.0259107
4887,0.00441442,0.0241721
4890,0.00419238,0.0228436
4893,0.00412841,0.0206496
4896,0.00333434,0.0204689
4899,0.00321767,0.0215753
4902,0.00313112,0.0201867
4905,0.00283757,0.021692
4908,0.00294295,0.0225388
4911,0.00225425,0.0208453
4914,0.00160695,0.0217409
4917,0.00834713,0.0244242
4920,0.0293806,0.0207888
4923,0.0363127,0.0370954
4926,0.0439636,0.040347
4929,0.0672964,0.0470458
4932,0.0883298,0.0444415
4935,0.094449,0.0657346
4938,0.0976178,0.0641653
4941,0.101272,0.0848073
4944,0.105585,0.0680114
4947,0.109002,0.0687077
4950,0.106932,0.05175
4953,0.0979753,0.0728812
4956,0.0901137,0.0435421
4959,0.0854546,0.0541886
4962,0.0782101,0.0545386
4965,0.0672023,0.0513247
4968,0.0654524,0.0360266
4971,0.0692759,0.040904
4974,0.0731672,0.0547343
4977,0.0761064,0.0530935
4980,0.0730995,0.0496237
4983,0.0730205,0.0460447
4986,0.0759107,0.0664271
4989,0.0764489,0.0847057
4992,0.0793843,0.0567477
4995,0.0819923,0.0715716
4998,0.0866702,0.0740479
5001,0.087882,0.0621933
5004,0.083095,0.0733818
5007,0.0800918,0.0898126
5010,0.0742097,0.0584563
5013,0.0587348,0.0576998
5016,0.04119,0.0310891
5019,0.0267989,0.01724
5022,0.0166491,0.0262494
5025,0.0128745,0.027401
5028,0.0107369,0.0302273
5031,0.00707888,0.0388379
5034,0.00812133,0.0275892
5037,0.0083509,0.0427028
5040,0.00884766,0.0256812
5043,0.00984871,0.0300805
5046,0.011467,0.0214888
5049,0.0172738,0.0283381
5052,0.0298171,0.0546176
5055,0.0409265,0.0634992
5058,0.0563864,0.0485624
5061,0.075843,0.0532101
5064,0.0932034,0.0442458
5067,0.114993,0.0628255
5070,0.149104,0.0745032
5073,0.172607,0.0627089
5076,0.194618,0.0771263
5079,0.209879,0.0645905
5082,0.209977,0.0906029
5085,0.208882,0.0953109
5088,0.205965,0.090219
5091,0.200207,0.0908099
5094,0.191551,0.084431
5097,0.181887,0.090998
5100,0.167556,0.0835052
5103,0.159954,0.0749586
5106,0.148984,0.0636347
5109,0.128255,0.062754
5112,0.0993715,0.0553816
5115,0.0723205,0.0459092
5118,0.049443,0.0249511
5121,0.029723,0.024443
5124,0.0134277,0.0238635
5127,0.00245371,0.024379
5130,0.00111395,0.0226027
5133,0.00118922,0.0209582
5136,0.00206985,0.019863
5139,0.0018591,0.0192947
5142,0.00168599,0.0192345
5145,0.00164459,0.0204614
5148,0.00161448,0.0205028
5151,0.00160319,0.0210936
5154,0.00146018,0.0213684
5157,0.00143008,0.0215339
5160,0.0027736,0.0185609
5163,0.00243113,0.01937
5166,0.00199458,0.0188883
5169,0.00176502,0.0191442
5172,0.00156179,0.0185308
5175,0.00144137,0.0193512
5178,0.00133599,0.0196523
5181,0.00132094,0.0214474
5184,0.0015505,0.019449
5187,0.00133223,0.0202807
5190,0.0011403,0.0191706
5193,0.00100105,0.0199308
5196,0.000229565,0.0182335
5199,0.000109137,0.0193625
5202,7.52672e-05,0.0199232
5205,0,0.0202883
5208,0,0.0203485
5211,9.03206e-05,0.0204087
5214,0.000127954,0.0204049
5217,0.000154298,0.0202055
5220,0.00170857,0.0184819
5223,0.00137363,0.019005
5226,0.00113653,0.0190765
5229,0.00106503,0.0192007
5232,0.00102363,0.0197501
5235,0.000993527,0.01937
5238,0.00101987,0.0194641
5241,0.00106503,0.019656
5244,0.00106127,0.0198894
5247,0.00120428,0.0193663
5250,0.00112901,0.0188958
5253,0.0010989,0.0184819
5256,0.00100105,0.0190238
5259,0.0117981,0.0268252
5262,0.0301784,0.0422738
5265,0.0413443,0.0440577
5268,0.0448781,0.0231974
5271,0.0476366,0.0412389
5274,0.0494204,0.0322257
5277,0.0507527,0.0313413
5280,0.0521451,0.0428459
5283,0.0536166,0.0439335
5286,0.054708,0.0444152
5289,0.0589003,0.0349541
5292,0.076686,0.0528037
5295,0.0931131,0.0599579
5298,0.102318,0.0620841
5301,0.108121,0.07958
5304,0.112795,0.0895153
5307,0.114444,0.0942496
5310,0.117266,0.114711
5313,0.1203,0.0854509
5316,0.120262,0.0760199
5319,0.120514,0.0624492
5322,0.120236,0.0766258
5325,0.120657,0.0658174
5328,0.121869,0.0445017
5331,0.132689,0.048664
5334,0.144532,0.0769268
5337,0.148276,0.0843068
5340,0.149364,0.075286
5343,0.150839,0.113356
5346,0.150971,0.0874116
5349,0.151445,0.0855788
5352,0.155931,0.0940388
5355,0.168892,0.0940802
5358,0.182696,0.154174
5361,0.190279,0.115057
5364,0.195348,0.117609
5367,0.197625,0.112374
5370,0.200824,0.110643
5373,0.202642,0.117056
5376,0.20481,0.129614
5379,0.205908,0.136591
5382,0.205856,0.121048
5385,0.205495,0.105351
5388,0.214899,0.156921
5391,0.223924,0.111249
5394,0.232244,0.108539
5397,0.234766,0.109687
5400,0.234661,0.15201
5403,0.234916,0.0816988
5406,0.235628,0.0684932
5409,0.23708,0.119532
5412,0.238473,0.132745
5415,0.241386,0.0821918
5418,0.251152,0.0894438
5421,0.263221,0.121658
5424,0.275779,0.134006
5427,0.280897,0.116946
5430,0.283351,0.115072
5433,0.29501,0.146365
5436,0.309845,0.160063
5439,0.323822,0.137701
5442,0.335297,0.176381
5445,0.342891,0.118305
5448,0.350527,0.0985398
5451,0.353609,0.0899067
5454,0.352141,0.0920593
5457,0.35067,0.0841788
5460,0.348141,0.124883
5463,0.343945,0.107628
5466,0.338887,0.10394
5469,0.333889,0.0755645
5472,0.32287,0.0713006
5475,0.31797,0.112434
5478,0.316352,0.0771489
5481,0.320845,0.0685985
5484,0.32634,0.107448
5487,0.333671,0.118757
5490,0.341766,0.101788
5493,0.351121,0.124955
5496,0.359137,0.156168
5499,0.363702,0.120875
5502,0.369822,0.0813676
5505,0.37369,0.0699722
5508,0.375252,0.0911975
5511,0.37573,0.073807
5514,0.375527,0.101908
5517,0.374044,0.109393
5520,0.373615,0.110944
5523,0.382387,0.129572
5526,0.38871,0.114162
5529,0.39583,0.130912
5532,0.402435,0.118361
5535,0.406492,0.10683
5538,0.412013,0.111565
5541,0.416687,0.102811
5544,0.418264,0.0919088
5547,0.4168,0.0810026
5550,0.418486,0.0889771
5553,0.421986,0.0937792
5556,0.427446,0.0998419
5559,0.433656,0.122595
5562,0.439019,0.135846
5565,0.448258,0.124059
5568,0.459536,0.100425
5571,0.466642,0.108031
5574,0.478413,0.12996
5577,0.489131,0.100203
5580,0.49437,0.145981
5583,0.496158,0.115396
5586,0.497373,0.128105
5589,0.499417,0.134284
5592,0.498927,0.0858159
5595,0.494697,0.0964737
5598,0.493132,0.117451
5601,0.490742,0.103805
5604,0.489342,0.101513
5607,0.489327,0.0955404
5610,0.49408,0.0788537
5613,0.498958,0.0709168
5616,0.502224,0.0843294
5619,0.506627,0.0754328
5622,0.507692,0.086339
5625,0.510488,0.0877352
5628,0.51246,0.0929512
5631,0.514877,0.0877578
5634,0.516803,0.0891277
5637,0.517579,0.0928797
5640,0.516175,0.0858874
5643,0.516269,0.0718764
5646,0.519637,0.0620729
5649,0.521703,0.055502
5652,0.521116,0.0863315
5655,0.520093,0.0768252
5658,0.52001,0.0612637
5661,0.520683,0.0788876
5664,0.521876,0.093162
5667,0.522373,0.0603078
5670,0.518538,0.0476404
5673,0.520875,0.0426464
5676,0.522791,0.042255
5679,0.522509,0.047535
5682,0.524033,0.0540456
5685,0.525994,0.0685647
5688,0.528116,0.0533381
5691,0.528782,0.0457888
5694,0.528063,0.0461313
5697,0.524755,0.0579896
5700,0.526705,0.0570488
5703,0.529531,0.05703
5706,0.531036,0.058874
5709,0.532696,0.0588702
5712,0.534834,0.0602966
5715,0.538631,0.0580762
5718,0.54084,0.0604734
5721,0.549037,0.0517274
5724,0.54971,0.0512946
5727,0.5493,0.0522129
5730,0.549131,0.0518026
5733,0.548754,0.0495785
5736,0.549304,0.0515618
Time(milisec),473922
