framenum,queue density,dynamic density
3,0.0664713,0.0286745
6,0.0664713,0.0286745
9,0.0664713,0.0286745
12,0.0664713,0.0286745
15,0.0664713,0.0286745
18,0.0664713,0.0286745
21,0.104353,0.170651
24,0.104353,0.170651
27,0.104353,0.170651
30,0.104353,0.170651
33,0.104353,0.170651
36,0.104353,0.170651
39,0.120505,0.0822353
42,0.120505,0.0822353
45,0.120505,0.0822353
48,0.120505,0.0822353
51,0.120505,0.0822353
54,0.120505,0.0822353
57,0.127278,0.106695
60,0.127278,0.106695
63,0.127278,0.106695
66,0.127278,0.106695
69,0.127278,0.106695
72,0.127278,0.106695
75,0.133246,0.111606
78,0.133246,0.111606
81,0.133246,0.111606
84,0.133246,0.111606
87,0.133246,0.111606
90,0.133246,0.111606
93,0.17582,0.0587373
96,0.17582,0.0587373
99,0.17582,0.0587373
102,0.17582,0.0587373
105,0.17582,0.0587373
108,0.17582,0.0587373
111,0.189995,0.111844
114,0.189995,0.111844
117,0.189995,0.111844
120,0.189995,0.111844
123,0.189995,0.111844
126,0.189995,0.111844
129,0.214197,0.130297
132,0.214197,0.130297
135,0.214197,0.130297
138,0.214197,0.130297
141,0.214197,0.130297
144,0.214197,0.130297
147,0.221739,0.133554
150,0.221739,0.133554
153,0.221739,0.133554
156,0.221739,0.133554
159,0.221739,0.133554
162,0.221739,0.133554
165,0.211028,0.111533
168,0.211028,0.111533
171,0.211028,0.111533
174,0.211028,0.111533
177,0.211028,0.111533
180,0.211028,0.111533
183,0.199456,0.0438886
186,0.199456,0.0438886
189,0.199456,0.0438886
192,0.199456,0.0438886
195,0.199456,0.0438886
198,0.199456,0.0438886
201,0.195841,0.0539839
204,0.195841,0.0539839
207,0.195841,0.0539839
210,0.195841,0.0539839
213,0.195841,0.0539839
216,0.195841,0.0539839
219,0.196249,0.00103837
222,0.196249,0.00103837
225,0.196249,0.00103837
228,0.196249,0.00103837
231,0.196249,0.00103837
234,0.196249,0.00103837
237,0.196864,0
240,0.196864,0
243,0.196864,0
246,0.196864,0
249,0.196864,0
252,0.196864,0
255,0.194399,0.00307666
258,0.194399,0.00307666
261,0.194399,0.00307666
264,0.194399,0.00307666
267,0.194399,0.00307666
270,0.194399,0.00307666
273,0.194241,0.0028536
276,0.194241,0.0028536
279,0.194241,0.0028536
282,0.194241,0.0028536
285,0.194241,0.0028536
288,0.194241,0.0028536
291,0.195999,0.00686096
294,0.195999,0.00686096
297,0.195999,0.00686096
300,0.195999,0.00686096
303,0.195999,0.00686096
306,0.195999,0.00686096
309,0.193468,0.0238134
312,0.193468,0.0238134
315,0.193468,0.0238134
318,0.193468,0.0238134
321,0.193468,0.0238134
324,0.193468,0.0238134
327,0.195626,0.0148487
330,0.195626,0.0148487
333,0.195626,0.0148487
336,0.195626,0.0148487
339,0.195626,0.0148487
342,0.195626,0.0148487
345,0.198087,0.00798394
348,0.198087,0.00798394
351,0.198087,0.00798394
354,0.198087,0.00798394
357,0.198087,0.00798394
360,0.198087,0.00798394
363,0.197599,0.0219904
366,0.197599,0.0219904
369,0.197599,0.0219904
372,0.197599,0.0219904
375,0.197599,0.0219904
378,0.197599,0.0219904
381,0.197618,0.0151295
384,0.197618,0.0151295
387,0.197618,0.0151295
390,0.197618,0.0151295
393,0.197618,0.0151295
396,0.197618,0.0151295
399,0.211017,0.0214597
402,0.211017,0.0214597
405,0.211017,0.0214597
408,0.211017,0.0214597
411,0.211017,0.0214597
414,0.211017,0.0214597
417,0.236665,0.0808085
420,0.236665,0.0808085
423,0.236665,0.0808085
426,0.236665,0.0808085
429,0.236665,0.0808085
432,0.236665,0.0808085
435,0.28018,0.127612
438,0.28018,0.127612
441,0.28018,0.127612
444,0.28018,0.127612
447,0.28018,0.127612
450,0.28018,0.127612
453,0.310697,0.112621
456,0.310697,0.112621
459,0.310697,0.112621
462,0.310697,0.112621
465,0.310697,0.112621
468,0.310697,0.112621
471,0.322154,0.168113
474,0.322154,0.168113
477,0.322154,0.168113
480,0.322154,0.168113
483,0.322154,0.168113
486,0.322154,0.168113
489,0.330949,0.244856
492,0.330949,0.244856
495,0.330949,0.244856
498,0.330949,0.244856
501,0.330949,0.244856
504,0.330949,0.244856
507,0.357627,0.124282
510,0.357627,0.124282
513,0.357627,0.124282
516,0.357627,0.124282
519,0.357627,0.124282
522,0.357627,0.124282
525,0.390317,0.0563991
528,0.390317,0.0563991
531,0.390317,0.0563991
534,0.390317,0.0563991
537,0.390317,0.0563991
540,0.390317,0.0563991
543,0.403962,0.0860466
546,0.403962,0.0860466
549,0.403962,0.0860466
552,0.403962,0.0860466
555,0.403962,0.0860466
558,0.403962,0.0860466
561,0.400239,0.0341356
564,0.400239,0.0341356
567,0.400239,0.0341356
570,0.400239,0.0341356
573,0.400239,0.0341356
576,0.400239,0.0341356
579,0.410123,0.132581
582,0.410123,0.132581
585,0.410123,0.132581
588,0.410123,0.132581
591,0.410123,0.132581
594,0.410123,0.132581
597,0.433867,0.0447001
600,0.433867,0.0447001
603,0.433867,0.0447001
606,0.433867,0.0447001
609,0.433867,0.0447001
612,0.433867,0.0447001
615,0.464107,0.0774473
618,0.464107,0.0774473
621,0.464107,0.0774473
624,0.464107,0.0774473
627,0.464107,0.0774473
630,0.464107,0.0774473
633,0.494085,0.0860966
636,0.494085,0.0860966
639,0.494085,0.0860966
642,0.494085,0.0860966
645,0.494085,0.0860966
648,0.494085,0.0860966
651,0.504527,0.0787049
654,0.504527,0.0787049
657,0.504527,0.0787049
660,0.504527,0.0787049
663,0.504527,0.0787049
666,0.504527,0.0787049
669,0.528005,0.0578605
672,0.528005,0.0578605
675,0.528005,0.0578605
678,0.528005,0.0578605
681,0.528005,0.0578605
684,0.528005,0.0578605
687,0.534901,0.0453731
690,0.534901,0.0453731
693,0.534901,0.0453731
696,0.534901,0.0453731
699,0.534901,0.0453731
702,0.534901,0.0453731
705,0.538039,0.105145
708,0.538039,0.105145
711,0.538039,0.105145
714,0.538039,0.105145
717,0.538039,0.105145
720,0.538039,0.105145
723,0.534939,0.0599949
726,0.534939,0.0599949
729,0.534939,0.0599949
732,0.534939,0.0599949
735,0.534939,0.0599949
738,0.534939,0.0599949
741,0.529363,0.00421503
744,0.529363,0.00421503
747,0.529363,0.00421503
750,0.529363,0.00421503
753,0.529363,0.00421503
756,0.529363,0.00421503
759,0.524521,0.00101914
762,0.524521,0.00101914
765,0.524521,0.00101914
768,0.524521,0.00101914
771,0.524521,0.00101914
774,0.524521,0.00101914
777,0.515241,0.00278438
780,0.515241,0.00278438
783,0.515241,0.00278438
786,0.515241,0.00278438
789,0.515241,0.00278438
792,0.515241,0.00278438
795,0.526217,0.0109875
798,0.526217,0.0109875
801,0.526217,0.0109875
804,0.526217,0.0109875
807,0.526217,0.0109875
810,0.526217,0.0109875
813,0.546654,0.00667251
816,0.546654,0.00667251
819,0.546654,0.00667251
822,0.546654,0.00667251
825,0.546654,0.00667251
828,0.546654,0.00667251
831,0.564987,0.0353162
834,0.564987,0.0353162
837,0.564987,0.0353162
840,0.564987,0.0353162
843,0.564987,0.0353162
846,0.564987,0.0353162
849,0.56301,0.00278823
852,0.56301,0.00278823
855,0.56301,0.00278823
858,0.56301,0.00278823
861,0.56301,0.00278823
864,0.56301,0.00278823
867,0.565087,0.00275361
870,0.565087,0.00275361
873,0.565087,0.00275361
876,0.565087,0.00275361
879,0.565087,0.00275361
882,0.565087,0.00275361
885,0.564514,0.00567644
888,0.564514,0.00567644
891,0.564514,0.00567644
894,0.564514,0.00567644
897,0.564514,0.00567644
900,0.564514,0.00567644
903,0.567429,0.00178831
906,0.567429,0.00178831
909,0.567429,0.00178831
912,0.567429,0.00178831
915,0.567429,0.00178831
918,0.567429,0.00178831
921,0.556334,0.000165371
924,0.556334,0.000165371
927,0.556334,0.000165371
930,0.556334,0.000165371
933,0.556334,0.000165371
936,0.556334,0.000165371
939,0.558603,0
942,0.558603,0
945,0.558603,0
948,0.558603,0
951,0.558603,0
954,0.558603,0
957,0.558887,0.00214213
960,0.558887,0.00214213
963,0.558887,0.00214213
966,0.558887,0.00214213
969,0.558887,0.00214213
972,0.558887,0.00214213
975,0.565052,0.00170755
978,0.565052,0.00170755
981,0.565052,0.00170755
984,0.565052,0.00170755
987,0.565052,0.00170755
990,0.565052,0.00170755
993,0.564952,0.0135373
996,0.564952,0.0135373
999,0.564952,0.0135373
1002,0.564952,0.0135373
1005,0.564952,0.0135373
1008,0.564952,0.0135373
1011,0.559968,0.00643407
1014,0.559968,0.00643407
1017,0.559968,0.00643407
1020,0.559968,0.00643407
1023,0.559968,0.00643407
1026,0.559968,0.00643407
1029,0.556814,0.00615717
1032,0.556814,0.00615717
1035,0.556814,0.00615717
1038,0.556814,0.00615717
1041,0.556814,0.00615717
1044,0.556814,0.00615717
1047,0.560272,0.00158064
1050,0.560272,0.00158064
1053,0.560272,0.00158064
1056,0.560272,0.00158064
1059,0.560272,0.00158064
1062,0.560272,0.00158064
1065,0.553876,0.00106914
1068,0.553876,0.00106914
1071,0.553876,0.00106914
1074,0.553876,0.00106914
1077,0.553876,0.00106914
1080,0.553876,0.00106914
1083,0.556388,0.00342279
1086,0.556388,0.00342279
1089,0.556388,0.00342279
1092,0.556388,0.00342279
1095,0.556388,0.00342279
1098,0.556388,0.00342279
1101,0.558487,0.00213443
1104,0.558487,0.00213443
1107,0.558487,0.00213443
1110,0.558487,0.00213443
1113,0.558487,0.00213443
1116,0.558487,0.00213443
1119,0.555841,0.000669174
1122,0.555841,0.000669174
1125,0.555841,0.000669174
1128,0.555841,0.000669174
1131,0.555841,0.000669174
1134,0.555841,0.000669174
1137,0.559076,0.00942613
1140,0.559076,0.00942613
1143,0.559076,0.00942613
1146,0.559076,0.00942613
1149,0.559076,0.00942613
1152,0.559076,0.00942613
1155,0.559014,0.0125605
1158,0.559014,0.0125605
1161,0.559014,0.0125605
1164,0.559014,0.0125605
1167,0.559014,0.0125605
1170,0.559014,0.0125605
1173,0.557537,0.00271515
1176,0.557537,0.00271515
1179,0.557537,0.00271515
1182,0.557537,0.00271515
1185,0.557537,0.00271515
1188,0.557537,0.00271515
1191,0.55238,0.00545723
1194,0.55238,0.00545723
1197,0.55238,0.00545723
1200,0.55238,0.00545723
1203,0.55238,0.00545723
1206,0.55238,0.00545723
1209,0.552865,0.0068225
1212,0.552865,0.0068225
1215,0.552865,0.0068225
1218,0.552865,0.0068225
1221,0.552865,0.0068225
1224,0.552865,0.0068225
1227,0.552157,0.000149987
1230,0.552157,0.000149987
1233,0.552157,0.000149987
1236,0.552157,0.000149987
1239,0.552157,0.000149987
1242,0.552157,0.000149987
1245,0.555707,0.0226789
1248,0.555707,0.0226789
1251,0.555707,0.0226789
1254,0.555707,0.0226789
1257,0.555707,0.0226789
1260,0.555707,0.0226789
1263,0.551369,0.00353047
1266,0.551369,0.00353047
1269,0.551369,0.00353047
1272,0.551369,0.00353047
1275,0.551369,0.00353047
1278,0.551369,0.00353047
1281,0.554553,0.00378045
1284,0.554553,0.00378045
1287,0.554553,0.00378045
1290,0.554553,0.00378045
1293,0.554553,0.00378045
1296,0.554553,0.00378045
1299,0.557795,0.00838391
1302,0.557795,0.00838391
1305,0.557795,0.00838391
1308,0.557795,0.00838391
1311,0.557795,0.00838391
1314,0.557795,0.00838391
1317,0.550646,0.0126066
1320,0.550646,0.0126066
1323,0.550646,0.0126066
1326,0.550646,0.0126066
1329,0.550646,0.0126066
1332,0.550646,0.0126066
1335,0.549984,7.69166e-06
1338,0.549984,7.69166e-06
1341,0.549984,7.69166e-06
1344,0.549984,7.69166e-06
1347,0.549984,7.69166e-06
1350,0.549984,7.69166e-06
1353,0.556984,0.0386275
1356,0.556984,0.0386275
1359,0.556984,0.0386275
1362,0.556984,0.0386275
1365,0.556984,0.0386275
1368,0.556984,0.0386275
1371,0.558591,0.0109875
1374,0.558591,0.0109875
1377,0.558591,0.0109875
1380,0.558591,0.0109875
1383,0.558591,0.0109875
1386,0.558591,0.0109875
1389,0.546754,0.0104645
1392,0.546754,0.0104645
1395,0.546754,0.0104645
1398,0.546754,0.0104645
1401,0.546754,0.0104645
1404,0.546754,0.0104645
1407,0.544265,0.0144411
1410,0.544265,0.0144411
1413,0.544265,0.0144411
1416,0.544265,0.0144411
1419,0.544265,0.0144411
1422,0.544265,0.0144411
1425,0.544392,0.100403
1428,0.544392,0.100403
1431,0.544392,0.100403
1434,0.544392,0.100403
1437,0.544392,0.100403
1440,0.544392,0.100403
1443,0.561314,0.258355
1446,0.561314,0.258355
1449,0.561314,0.258355
1452,0.561314,0.258355
1455,0.561314,0.258355
1458,0.561314,0.258355
1461,0.566129,0.254182
1464,0.566129,0.254182
1467,0.566129,0.254182
1470,0.566129,0.254182
1473,0.566129,0.254182
1476,0.566129,0.254182
1479,0.553972,0.50295
1482,0.553972,0.50295
1485,0.553972,0.50295
1488,0.553972,0.50295
1491,0.553972,0.50295
1494,0.553972,0.50295
1497,0.514057,0.60616
1500,0.514057,0.60616
1503,0.514057,0.60616
1506,0.514057,0.60616
1509,0.514057,0.60616
1512,0.514057,0.60616
1515,0.472291,0.643149
1518,0.472291,0.643149
1521,0.472291,0.643149
1524,0.472291,0.643149
1527,0.472291,0.643149
1530,0.472291,0.643149
1533,0.447762,0.634835
1536,0.447762,0.634835
1539,0.447762,0.634835
1542,0.447762,0.634835
1545,0.447762,0.634835
1548,0.447762,0.634835
1551,0.438836,0.607118
1554,0.438836,0.607118
1557,0.438836,0.607118
1560,0.438836,0.607118
1563,0.438836,0.607118
1566,0.438836,0.607118
1569,0.460492,0.59788
1572,0.460492,0.59788
1575,0.460492,0.59788
1578,0.460492,0.59788
1581,0.460492,0.59788
1584,0.460492,0.59788
1587,0.475114,0.651706
1590,0.475114,0.651706
1593,0.475114,0.651706
1596,0.475114,0.651706
1599,0.475114,0.651706
1602,0.475114,0.651706
1605,0.508484,0.712394
1608,0.508484,0.712394
1611,0.508484,0.712394
1614,0.508484,0.712394
1617,0.508484,0.712394
1620,0.508484,0.712394
1623,0.467145,0.611379
1626,0.467145,0.611379
1629,0.467145,0.611379
1632,0.467145,0.611379
1635,0.467145,0.611379
1638,0.467145,0.611379
1641,0.445024,0.633008
1644,0.445024,0.633008
1647,0.445024,0.633008
1650,0.445024,0.633008
1653,0.445024,0.633008
1656,0.445024,0.633008
1659,0.423364,0.511441
1662,0.423364,0.511441
1665,0.423364,0.511441
1668,0.423364,0.511441
1671,0.423364,0.511441
1674,0.423364,0.511441
1677,0.417542,0.527855
1680,0.417542,0.527855
1683,0.417542,0.527855
1686,0.417542,0.527855
1689,0.417542,0.527855
1692,0.417542,0.527855
1695,0.454538,0.583051
1698,0.454538,0.583051
1701,0.454538,0.583051
1704,0.454538,0.583051
1707,0.454538,0.583051
1710,0.454538,0.583051
1713,0.456946,0.539439
1716,0.456946,0.539439
1719,0.456946,0.539439
1722,0.456946,0.539439
1725,0.456946,0.539439
1728,0.456946,0.539439
1731,0.416838,0.490335
1734,0.416838,0.490335
1737,0.416838,0.490335
1740,0.416838,0.490335
1743,0.416838,0.490335
1746,0.416838,0.490335
1749,0.376287,0.383833
1752,0.376287,0.383833
1755,0.376287,0.383833
1758,0.376287,0.383833
1761,0.376287,0.383833
1764,0.376287,0.383833
1767,0.341744,0.459215
1770,0.341744,0.459215
1773,0.341744,0.459215
1776,0.341744,0.459215
1779,0.341744,0.459215
1782,0.341744,0.459215
1785,0.325661,0.446393
1788,0.325661,0.446393
1791,0.325661,0.446393
1794,0.325661,0.446393
1797,0.325661,0.446393
1800,0.325661,0.446393
1803,0.270369,0.428379
1806,0.270369,0.428379
1809,0.270369,0.428379
1812,0.270369,0.428379
1815,0.270369,0.428379
1818,0.270369,0.428379
1821,0.224035,0.388098
1824,0.224035,0.388098
1827,0.224035,0.388098
1830,0.224035,0.388098
1833,0.224035,0.388098
1836,0.224035,0.388098
1839,0.220516,0.43001
1842,0.220516,0.43001
1845,0.220516,0.43001
1848,0.220516,0.43001
1851,0.220516,0.43001
1854,0.220516,0.43001
1857,0.142688,0.323319
1860,0.142688,0.323319
1863,0.142688,0.323319
1866,0.142688,0.323319
1869,0.142688,0.323319
1872,0.142688,0.323319
1875,0.178166,0.24591
1878,0.178166,0.24591
1881,0.178166,0.24591
1884,0.178166,0.24591
1887,0.178166,0.24591
1890,0.178166,0.24591
1893,0.298786,0.316262
1896,0.298786,0.316262
1899,0.298786,0.316262
1902,0.298786,0.316262
1905,0.298786,0.316262
1908,0.298786,0.316262
1911,0.375068,0.365092
1914,0.375068,0.365092
1917,0.375068,0.365092
1920,0.375068,0.365092
1923,0.375068,0.365092
1926,0.375068,0.365092
1929,0.269762,0.366823
1932,0.269762,0.366823
1935,0.269762,0.366823
1938,0.269762,0.366823
1941,0.269762,0.366823
1944,0.269762,0.366823
1947,0.190526,0.228308
1950,0.190526,0.228308
1953,0.190526,0.228308
1956,0.190526,0.228308
1959,0.190526,0.228308
1962,0.190526,0.228308
1965,0.0478729,0.100853
1968,0.0478729,0.100853
1971,0.0478729,0.100853
1974,0.0478729,0.100853
1977,0.0478729,0.100853
1980,0.0478729,0.100853
1983,0.00201137,0.0279899
1986,0.00201137,0.0279899
1989,0.00201137,0.0279899
1992,0.00201137,0.0279899
1995,0.00201137,0.0279899
1998,0.00201137,0.0279899
2001,0.00672635,0.00692634
2004,0.00672635,0.00692634
2007,0.00672635,0.00692634
2010,0.00672635,0.00692634
2013,0.00672635,0.00692634
2016,0.00672635,0.00692634
2019,0.235822,0.14901
2022,0.235822,0.14901
2025,0.235822,0.14901
2028,0.235822,0.14901
2031,0.235822,0.14901
2034,0.235822,0.14901
2037,0.294202,0.252067
2040,0.294202,0.252067
2043,0.294202,0.252067
2046,0.294202,0.252067
2049,0.294202,0.252067
2052,0.294202,0.252067
2055,0.154614,0.313331
2058,0.154614,0.313331
2061,0.154614,0.313331
2064,0.154614,0.313331
2067,0.154614,0.313331
2070,0.154614,0.313331
2073,0.0376045,0.100157
2076,0.0376045,0.100157
2079,0.0376045,0.100157
2082,0.0376045,0.100157
2085,0.0376045,0.100157
2088,0.0376045,0.100157
2091,0.00703402,0.037793
2094,0.00703402,0.037793
2097,0.00703402,0.037793
2100,0.00703402,0.037793
2103,0.00703402,0.037793
2106,0.00703402,0.037793
2109,0.029236,0.0696518
2112,0.029236,0.0696518
2115,0.029236,0.0696518
2118,0.029236,0.0696518
2121,0.029236,0.0696518
2124,0.029236,0.0696518
2127,0.12697,0.187415
2130,0.12697,0.187415
2133,0.12697,0.187415
2136,0.12697,0.187415
2139,0.12697,0.187415
2142,0.12697,0.187415
2145,0.190034,0.307228
2148,0.190034,0.307228
2151,0.190034,0.307228
2154,0.190034,0.307228
2157,0.190034,0.307228
2160,0.190034,0.307228
2163,0.224269,0.265189
2166,0.224269,0.265189
2169,0.224269,0.265189
2172,0.224269,0.265189
2175,0.224269,0.265189
2178,0.224269,0.265189
2181,0.146353,0.2681
2184,0.146353,0.2681
2187,0.146353,0.2681
2190,0.146353,0.2681
2193,0.146353,0.2681
2196,0.146353,0.2681
2199,0.032355,0.111037
2202,0.032355,0.111037
2205,0.032355,0.111037
2208,0.032355,0.111037
2211,0.032355,0.111037
2214,0.032355,0.111037
2217,0.00456884,0.0203483
2220,0.00456884,0.0203483
2223,0.00456884,0.0203483
2226,0.00456884,0.0203483
2229,0.00456884,0.0203483
2232,0.00456884,0.0203483
2235,0.00489959,0.00748783
2238,0.00489959,0.00748783
2241,0.00489959,0.00748783
2244,0.00489959,0.00748783
2247,0.00489959,0.00748783
2250,0.00489959,0.00748783
2253,0.00771089,0.00936459
2256,0.00771089,0.00936459
2259,0.00771089,0.00936459
2262,0.00771089,0.00936459
2265,0.00771089,0.00936459
2268,0.00771089,0.00936459
2271,0.0411273,0.0423157
2274,0.0411273,0.0423157
2277,0.0411273,0.0423157
2280,0.0411273,0.0423157
2283,0.0411273,0.0423157
2286,0.0411273,0.0423157
2289,0.070394,0.11216
2292,0.070394,0.11216
2295,0.070394,0.11216
2298,0.070394,0.11216
2301,0.070394,0.11216
2304,0.070394,0.11216
2307,0.0832506,0.143703
2310,0.0832506,0.143703
2313,0.0832506,0.143703
2316,0.0832506,0.143703
2319,0.0832506,0.143703
2322,0.0832506,0.143703
2325,0.0452154,0.147268
2328,0.0452154,0.147268
2331,0.0452154,0.147268
2334,0.0452154,0.147268
2337,0.0452154,0.147268
2340,0.0452154,0.147268
2343,0.0225481,0.0686442
2346,0.0225481,0.0686442
2349,0.0225481,0.0686442
2352,0.0225481,0.0686442
2355,0.0225481,0.0686442
2358,0.0225481,0.0686442
2361,0.0116567,0.0476883
2364,0.0116567,0.0476883
2367,0.0116567,0.0476883
2370,0.0116567,0.0476883
2373,0.0116567,0.0476883
2376,0.0116567,0.0476883
2379,0.014668,0.0331164
2382,0.014668,0.0331164
2385,0.014668,0.0331164
2388,0.014668,0.0331164
2391,0.014668,0.0331164
2394,0.014668,0.0331164
2397,0.0575605,0.0602603
2400,0.0575605,0.0602603
2403,0.0575605,0.0602603
2406,0.0575605,0.0602603
2409,0.0575605,0.0602603
2412,0.0575605,0.0602603
2415,0.0611025,0.123643
2418,0.0611025,0.123643
2421,0.0611025,0.123643
2424,0.0611025,0.123643
2427,0.0611025,0.123643
2430,0.0611025,0.123643
2433,0.00686096,0.105756
2436,0.00686096,0.105756
2439,0.00686096,0.105756
2442,0.00686096,0.105756
2445,0.00686096,0.105756
2448,0.00686096,0.105756
2451,0.0554415,0.0218366
2454,0.0554415,0.0218366
2457,0.0554415,0.0218366
2460,0.0554415,0.0218366
2463,0.0554415,0.0218366
2466,0.0554415,0.0218366
2469,0.035897,0.0404427
2472,0.035897,0.0404427
2475,0.035897,0.0404427
2478,0.035897,0.0404427
2481,0.035897,0.0404427
2484,0.035897,0.0404427
2487,0.0171755,0.0220212
2490,0.0171755,0.0220212
2493,0.0171755,0.0220212
2496,0.0171755,0.0220212
2499,0.0171755,0.0220212
2502,0.0171755,0.0220212
2505,0.0242864,0.0298129
2508,0.0242864,0.0298129
2511,0.0242864,0.0298129
2514,0.0242864,0.0298129
2517,0.0242864,0.0298129
2520,0.0242864,0.0298129
2523,0.0599565,0.047619
2526,0.0599565,0.047619
2529,0.0599565,0.047619
2532,0.0599565,0.047619
2535,0.0599565,0.047619
2538,0.0599565,0.047619
2541,0.0740053,0.084389
2544,0.0740053,0.084389
2547,0.0740053,0.084389
2550,0.0740053,0.084389
2553,0.0740053,0.084389
2556,0.0740053,0.084389
2559,0.0403389,0.0782203
2562,0.0403389,0.0782203
2565,0.0403389,0.0782203
2568,0.0403389,0.0782203
2571,0.0403389,0.0782203
2574,0.0403389,0.0782203
2577,0.00539185,0.02774
2580,0.00539185,0.02774
2583,0.00539185,0.02774
2586,0.00539185,0.02774
2589,0.00539185,0.02774
2592,0.00539185,0.02774
2595,0.00606872,0
2598,0.00606872,0
2601,0.00606872,0
2604,0.00606872,0
2607,0.00606872,0
2610,0.00606872,0
2613,0.00649176,0
2616,0.00649176,0
2619,0.00649176,0
2622,0.00649176,0
2625,0.00649176,0
2628,0.00649176,0
2631,0.0383775,0.0226019
2634,0.0383775,0.0226019
2637,0.0383775,0.0226019
2640,0.0383775,0.0226019
2643,0.0383775,0.0226019
2646,0.0383775,0.0226019
2649,0.134116,0.151814
2652,0.134116,0.151814
2655,0.134116,0.151814
2658,0.134116,0.151814
2661,0.134116,0.151814
2664,0.134116,0.151814
2667,0.153564,0.248079
2670,0.153564,0.248079
2673,0.153564,0.248079
2676,0.153564,0.248079
2679,0.153564,0.248079
2682,0.153564,0.248079
2685,0.128335,0.254494
2688,0.128335,0.254494
2691,0.128335,0.254494
2694,0.128335,0.254494
2697,0.128335,0.254494
2700,0.128335,0.254494
2703,0.049515,0.158498
2706,0.049515,0.158498
2709,0.049515,0.158498
2712,0.049515,0.158498
2715,0.049515,0.158498
2718,0.049515,0.158498
2721,0.0395582,0.0604026
2724,0.0395582,0.0604026
2727,0.0395582,0.0604026
2730,0.0395582,0.0604026
2733,0.0395582,0.0604026
2736,0.0395582,0.0604026
2739,0.0802817,0.138069
2742,0.0802817,0.138069
2745,0.0802817,0.138069
2748,0.0802817,0.138069
2751,0.0802817,0.138069
2754,0.0802817,0.138069
2757,0.0988647,0.137081
2760,0.0988647,0.137081
2763,0.0988647,0.137081
2766,0.0988647,0.137081
2769,0.0988647,0.137081
2772,0.0988647,0.137081
2775,0.110248,0.155387
2778,0.110248,0.155387
2781,0.110248,0.155387
2784,0.110248,0.155387
2787,0.110248,0.155387
2790,0.110248,0.155387
2793,0.117782,0.183558
2796,0.117782,0.183558
2799,0.117782,0.183558
2802,0.117782,0.183558
2805,0.117782,0.183558
2808,0.117782,0.183558
2811,0.118382,0.173855
2814,0.118382,0.173855
2817,0.118382,0.173855
2820,0.118382,0.173855
2823,0.118382,0.173855
2826,0.118382,0.173855
2829,0.12322,0.00747629
2832,0.12322,0.00747629
2835,0.12322,0.00747629
2838,0.12322,0.00747629
2841,0.12322,0.00747629
2844,0.12322,0.00747629
2847,0.123759,0.00808393
2850,0.123759,0.00808393
2853,0.123759,0.00808393
2856,0.123759,0.00808393
2859,0.123759,0.00808393
2862,0.123759,0.00808393
2865,0.122851,0.0159025
2868,0.122851,0.0159025
2871,0.122851,0.0159025
2874,0.122851,0.0159025
2877,0.122851,0.0159025
2880,0.122851,0.0159025
2883,0.129216,0.0193714
2886,0.129216,0.0193714
2889,0.129216,0.0193714
2892,0.129216,0.0193714
2895,0.129216,0.0193714
2898,0.129216,0.0193714
2901,0.129947,0.0274361
2904,0.129947,0.0274361
2907,0.129947,0.0274361
2910,0.129947,0.0274361
2913,0.129947,0.0274361
2916,0.129947,0.0274361
2919,0.126539,0.0337702
2922,0.126539,0.0337702
2925,0.126539,0.0337702
2928,0.126539,0.0337702
2931,0.126539,0.0337702
2934,0.126539,0.0337702
2937,0.131454,0.0185638
2940,0.131454,0.0185638
2943,0.131454,0.0185638
2946,0.131454,0.0185638
2949,0.131454,0.0185638
2952,0.131454,0.0185638
2955,0.162963,0.0518033
2958,0.162963,0.0518033
2961,0.162963,0.0518033
2964,0.162963,0.0518033
2967,0.162963,0.0518033
2970,0.162963,0.0518033
2973,0.20186,0.103807
2976,0.20186,0.103807
2979,0.20186,0.103807
2982,0.20186,0.103807
2985,0.20186,0.103807
2988,0.20186,0.103807
2991,0.246948,0.125166
2994,0.246948,0.125166
2997,0.246948,0.125166
3000,0.246948,0.125166
3003,0.246948,0.125166
3006,0.246948,0.125166
3009,0.31057,0.23653
3012,0.31057,0.23653
3015,0.31057,0.23653
3018,0.31057,0.23653
3021,0.31057,0.23653
3024,0.31057,0.23653
3027,0.355405,0.32105
3030,0.355405,0.32105
3033,0.355405,0.32105
3036,0.355405,0.32105
3039,0.355405,0.32105
3042,0.355405,0.32105
3045,0.351736,0.280661
3048,0.351736,0.280661
3051,0.351736,0.280661
3054,0.351736,0.280661
3057,0.351736,0.280661
3060,0.351736,0.280661
3063,0.369003,0.127085
3066,0.369003,0.127085
3069,0.369003,0.127085
3072,0.369003,0.127085
3075,0.369003,0.127085
3078,0.369003,0.127085
3081,0.397374,0.131904
3084,0.397374,0.131904
3087,0.397374,0.131904
3090,0.397374,0.131904
3093,0.397374,0.131904
3096,0.397374,0.131904
3099,0.407781,0.145311
3102,0.407781,0.145311
3105,0.407781,0.145311
3108,0.407781,0.145311
3111,0.407781,0.145311
3114,0.407781,0.145311
3117,0.384621,0.106383
3120,0.384621,0.106383
3123,0.384621,0.106383
3126,0.384621,0.106383
3129,0.384621,0.106383
3132,0.384621,0.106383
3135,0.387152,0.106949
3138,0.387152,0.106949
3141,0.387152,0.106949
3144,0.387152,0.106949
3147,0.387152,0.106949
3150,0.387152,0.106949
3153,0.393605,0.0189407
3156,0.393605,0.0189407
3159,0.393605,0.0189407
3162,0.393605,0.0189407
3165,0.393605,0.0189407
3168,0.393605,0.0189407
3171,0.395936,0.0274208
3174,0.395936,0.0274208
3177,0.395936,0.0274208
3180,0.395936,0.0274208
3183,0.395936,0.0274208
3186,0.395936,0.0274208
3189,0.407362,0.0578797
3192,0.407362,0.0578797
3195,0.407362,0.0578797
3198,0.407362,0.0578797
3201,0.407362,0.0578797
3204,0.407362,0.0578797
3207,0.429083,0.0755167
3210,0.429083,0.0755167
3213,0.429083,0.0755167
3216,0.429083,0.0755167
3219,0.429083,0.0755167
3222,0.429083,0.0755167
3225,0.431756,0.021329
3228,0.431756,0.021329
3231,0.431756,0.021329
3234,0.431756,0.021329
3237,0.431756,0.021329
3240,0.431756,0.021329
3243,0.434452,0.00674943
3246,0.434452,0.00674943
3249,0.434452,0.00674943
3252,0.434452,0.00674943
3255,0.434452,0.00674943
3258,0.434452,0.00674943
3261,0.431271,0.00239211
3264,0.431271,0.00239211
3267,0.431271,0.00239211
3270,0.431271,0.00239211
3273,0.431271,0.00239211
3276,0.431271,0.00239211
3279,0.439028,0.00376891
3282,0.439028,0.00376891
3285,0.439028,0.00376891
3288,0.439028,0.00376891
3291,0.439028,0.00376891
3294,0.439028,0.00376891
3297,0.433448,0.00637638
3300,0.433448,0.00637638
3303,0.433448,0.00637638
3306,0.433448,0.00637638
3309,0.433448,0.00637638
3312,0.433448,0.00637638
3315,0.426264,0.0128412
3318,0.426264,0.0128412
3321,0.426264,0.0128412
3324,0.426264,0.0128412
3327,0.426264,0.0128412
3330,0.426264,0.0128412
3333,0.426829,0.0188946
3336,0.426829,0.0188946
3339,0.426829,0.0188946
3342,0.426829,0.0188946
3345,0.426829,0.0188946
3348,0.426829,0.0188946
3351,0.424926,0.0113298
3354,0.424926,0.0113298
3357,0.424926,0.0113298
3360,0.424926,0.0113298
3363,0.424926,0.0113298
3366,0.424926,0.0113298
3369,0.429617,0.00733784
3372,0.429617,0.00733784
3375,0.429617,0.00733784
3378,0.429617,0.00733784
3381,0.429617,0.00733784
3384,0.429617,0.00733784
3387,0.428541,0.00171909
3390,0.428541,0.00171909
3393,0.428541,0.00171909
3396,0.428541,0.00171909
3399,0.428541,0.00171909
3402,0.428541,0.00171909
3405,0.433933,0
3408,0.433933,0
3411,0.433933,0
3414,0.433933,0
3417,0.433933,0
3420,0.433933,0
3423,0.435402,0.00632639
3426,0.435402,0.00632639
3429,0.435402,0.00632639
3432,0.435402,0.00632639
3435,0.435402,0.00632639
3438,0.435402,0.00632639
3441,0.439263,0.000519187
3444,0.439263,0.000519187
3447,0.439263,0.000519187
3450,0.439263,0.000519187
3453,0.439263,0.000519187
3456,0.439263,0.000519187
3459,0.440524,0
3462,0.440524,0
3465,0.440524,0
3468,0.440524,0
3471,0.440524,0
3474,0.440524,0
3477,0.435705,0.000153833
3480,0.435705,0.000153833
3483,0.435705,0.000153833
3486,0.435705,0.000153833
3489,0.435705,0.000153833
3492,0.435705,0.000153833
3495,0.433798,0
3498,0.433798,0
3501,0.433798,0
3504,0.433798,0
3507,0.433798,0
3510,0.433798,0
3513,0.433763,1.15375e-05
3516,0.433763,1.15375e-05
3519,0.433763,1.15375e-05
3522,0.433763,1.15375e-05
3525,0.433763,1.15375e-05
3528,0.433763,1.15375e-05
3531,0.434509,0
3534,0.434509,0
3537,0.434509,0
3540,0.434509,0
3543,0.434509,0
3546,0.434509,0
3549,0.436321,0
3552,0.436321,0
3555,0.436321,0
3558,0.436321,0
3561,0.436321,0
3564,0.436321,0
3567,0.436936,1.53833e-05
3570,0.436936,1.53833e-05
3573,0.436936,1.53833e-05
3576,0.436936,1.53833e-05
3579,0.436936,1.53833e-05
3582,0.436936,1.53833e-05
3585,0.440747,0
3588,0.440747,0
3591,0.440747,0
3594,0.440747,0
3597,0.440747,0
3600,0.440747,0
3603,0.432098,0
3606,0.432098,0
3609,0.432098,0
3612,0.432098,0
3615,0.432098,0
3618,0.432098,0
3621,0.439924,0
3624,0.439924,0
3627,0.439924,0
3630,0.439924,0
3633,0.439924,0
3636,0.439924,0
3639,0.437048,0.00179216
3642,0.437048,0.00179216
3645,0.437048,0.00179216
3648,0.437048,0.00179216
3651,0.437048,0.00179216
3654,0.437048,0.00179216
3657,0.43689,0.000280745
3660,0.43689,0.000280745
3663,0.43689,0.000280745
3666,0.43689,0.000280745
3669,0.43689,0.000280745
3672,0.43689,0.000280745
3675,0.430379,0.00477267
3678,0.430379,0.00477267
3681,0.430379,0.00477267
3684,0.430379,0.00477267
3687,0.430379,0.00477267
3690,0.430379,0.00477267
3693,0.438955,0.00106914
3696,0.438955,0.00106914
3699,0.438955,0.00106914
3702,0.438955,0.00106914
3705,0.438955,0.00106914
3708,0.438955,0.00106914
3711,0.437182,0.0572913
3714,0.437182,0.0572913
3717,0.437182,0.0572913
3720,0.437182,0.0572913
3723,0.437182,0.0572913
3726,0.437182,0.0572913
3729,0.437817,0.0209713
3732,0.437817,0.0209713
3735,0.437817,0.0209713
3738,0.437817,0.0209713
3741,0.437817,0.0209713
3744,0.437817,0.0209713
3747,0.433859,0.00575721
3750,0.433859,0.00575721
3753,0.433859,0.00575721
3756,0.433859,0.00575721
3759,0.433859,0.00575721
3762,0.433859,0.00575721
3765,0.431533,0.00499189
3768,0.431533,0.00499189
3771,0.431533,0.00499189
3774,0.431533,0.00499189
3777,0.431533,0.00499189
3780,0.431533,0.00499189
3783,0.438671,0.000265362
3786,0.438671,0.000265362
3789,0.438671,0.000265362
3792,0.438671,0.000265362
3795,0.438671,0.000265362
3798,0.438671,0.000265362
3801,0.447278,0.038166
3804,0.447278,0.038166
3807,0.447278,0.038166
3810,0.447278,0.038166
3813,0.447278,0.038166
3816,0.447278,0.038166
3819,0.455161,0.0510495
3822,0.455161,0.0510495
3825,0.455161,0.0510495
3828,0.455161,0.0510495
3831,0.455161,0.0510495
3834,0.455161,0.0510495
3837,0.471168,0.00372276
3840,0.471168,0.00372276
3843,0.471168,0.00372276
3846,0.471168,0.00372276
3849,0.471168,0.00372276
3852,0.471168,0.00372276
3855,0.470345,0.00582643
3858,0.470345,0.00582643
3861,0.470345,0.00582643
3864,0.470345,0.00582643
3867,0.470345,0.00582643
3870,0.470345,0.00582643
3873,0.466922,0.00366507
3876,0.466922,0.00366507
3879,0.466922,0.00366507
3882,0.466922,0.00366507
3885,0.466922,0.00366507
3888,0.466922,0.00366507
3891,0.468337,0.00603026
3894,0.468337,0.00603026
3897,0.468337,0.00603026
3900,0.468337,0.00603026
3903,0.468337,0.00603026
3906,0.468337,0.00603026
3909,0.467737,0.00382275
3912,0.467737,0.00382275
3915,0.467737,0.00382275
3918,0.467737,0.00382275
3921,0.467737,0.00382275
3924,0.467737,0.00382275
3927,0.466049,0.00744552
3930,0.466049,0.00744552
3933,0.466049,0.00744552
3936,0.466049,0.00744552
3939,0.466049,0.00744552
3942,0.466049,0.00744552
3945,0.465176,0.00372661
3948,0.465176,0.00372661
3951,0.465176,0.00372661
3954,0.465176,0.00372661
3957,0.465176,0.00372661
3960,0.465176,0.00372661
3963,0.464595,9.99915e-05
3966,0.464595,9.99915e-05
3969,0.464595,9.99915e-05
3972,0.464595,9.99915e-05
3975,0.464595,9.99915e-05
3978,0.464595,9.99915e-05
3981,0.46188,4.61499e-05
3984,0.46188,4.61499e-05
3987,0.46188,4.61499e-05
3990,0.46188,4.61499e-05
3993,0.46188,4.61499e-05
3996,0.46188,4.61499e-05
3999,0.463572,0.000207675
4002,0.463572,0.000207675
4005,0.463572,0.000207675
4008,0.463572,0.000207675
4011,0.463572,0.000207675
4014,0.463572,0.000207675
4017,0.464199,0.000249979
4020,0.464199,0.000249979
4023,0.464199,0.000249979
4026,0.464199,0.000249979
4029,0.464199,0.000249979
4032,0.464199,0.000249979
4035,0.465818,0.000119221
4038,0.465818,0.000119221
4041,0.465818,0.000119221
4044,0.465818,0.000119221
4047,0.465818,0.000119221
4050,0.465818,0.000119221
4053,0.463192,0.000592258
4056,0.463192,0.000592258
4059,0.463192,0.000592258
4062,0.463192,0.000592258
4065,0.463192,0.000592258
4068,0.463192,0.000592258
4071,0.46418,0.000180754
4074,0.46418,0.000180754
4077,0.46418,0.000180754
4080,0.46418,0.000180754
4083,0.46418,0.000180754
4086,0.46418,0.000180754
4089,0.464403,4.23041e-05
4092,0.464403,4.23041e-05
4095,0.464403,4.23041e-05
4098,0.464403,4.23041e-05
4101,0.464403,4.23041e-05
4104,0.464403,4.23041e-05
4107,0.462257,0.0251902
4110,0.462257,0.0251902
4113,0.462257,0.0251902
4116,0.462257,0.0251902
4119,0.462257,0.0251902
4122,0.462257,0.0251902
4125,0.464199,0.00283053
4128,0.464199,0.00283053
4131,0.464199,0.00283053
4134,0.464199,0.00283053
4137,0.464199,0.00283053
4140,0.464199,0.00283053
4143,0.468603,0.0945574
4146,0.468603,0.0945574
4149,0.468603,0.0945574
4152,0.468603,0.0945574
4155,0.468603,0.0945574
4158,0.468603,0.0945574
4161,0.485009,0.244383
4164,0.485009,0.244383
4167,0.485009,0.244383
4170,0.485009,0.244383
4173,0.485009,0.244383
4176,0.485009,0.244383
4179,0.515495,0.31237
4182,0.515495,0.31237
4185,0.515495,0.31237
4188,0.515495,0.31237
4191,0.515495,0.31237
4194,0.515495,0.31237
4197,0.497443,0.183473
4200,0.497443,0.183473
4203,0.497443,0.183473
4206,0.497443,0.183473
4209,0.497443,0.183473
4212,0.497443,0.183473
4215,0.498804,0.595761
4218,0.498804,0.595761
4221,0.498804,0.595761
4224,0.498804,0.595761
4227,0.498804,0.595761
4230,0.498804,0.595761
4233,0.441997,0.514426
4236,0.441997,0.514426
4239,0.441997,0.514426
4242,0.441997,0.514426
4245,0.441997,0.514426
4248,0.441997,0.514426
4251,0.394228,0.469722
4254,0.394228,0.469722
4257,0.394228,0.469722
4260,0.394228,0.469722
4263,0.394228,0.469722
4266,0.394228,0.469722
4269,0.419326,0.55218
4272,0.419326,0.55218
4275,0.419326,0.55218
4278,0.419326,0.55218
4281,0.419326,0.55218
4284,0.419326,0.55218
4287,0.421776,0.558491
4290,0.421776,0.558491
4293,0.421776,0.558491
4296,0.421776,0.558491
4299,0.421776,0.558491
4302,0.421776,0.558491
4305,0.454792,0.615363
4308,0.454792,0.615363
4311,0.454792,0.615363
4314,0.454792,0.615363
4317,0.454792,0.615363
4320,0.454792,0.615363
4323,0.49537,0.618055
4326,0.49537,0.618055
4329,0.49537,0.618055
4332,0.49537,0.618055
4335,0.49537,0.618055
4338,0.49537,0.618055
4341,0.454169,0.51521
4344,0.454169,0.51521
4347,0.454169,0.51521
4350,0.454169,0.51521
4353,0.454169,0.51521
4356,0.454169,0.51521
4359,0.472129,0.572378
4362,0.472129,0.572378
4365,0.472129,0.572378
4368,0.472129,0.572378
4371,0.472129,0.572378
4374,0.472129,0.572378
4377,0.463761,0.534374
4380,0.463761,0.534374
4383,0.463761,0.534374
4386,0.463761,0.534374
4389,0.463761,0.534374
4392,0.463761,0.534374
4395,0.419391,0.454415
4398,0.419391,0.454415
4401,0.419391,0.454415
4404,0.419391,0.454415
4407,0.419391,0.454415
4410,0.419391,0.454415
4413,0.37368,0.490524
4416,0.37368,0.490524
4419,0.37368,0.490524
4422,0.37368,0.490524
4425,0.37368,0.490524
4428,0.37368,0.490524
4431,0.378806,0.499312
4434,0.378806,0.499312
4437,0.378806,0.499312
4440,0.378806,0.499312
4443,0.378806,0.499312
4446,0.378806,0.499312
4449,0.468703,0.538916
4452,0.468703,0.538916
4455,0.468703,0.538916
4458,0.468703,0.538916
4461,0.468703,0.538916
4464,0.468703,0.538916
4467,0.50528,0.643496
4470,0.50528,0.643496
4473,0.50528,0.643496
4476,0.50528,0.643496
4479,0.50528,0.643496
4482,0.50528,0.643496
4485,0.447631,0.456804
4488,0.447631,0.456804
4491,0.447631,0.456804
4494,0.447631,0.456804
4497,0.447631,0.456804
4500,0.447631,0.456804
4503,0.425018,0.583216
4506,0.425018,0.583216
4509,0.425018,0.583216
4512,0.425018,0.583216
4515,0.425018,0.583216
4518,0.425018,0.583216
4521,0.397013,0.451858
4524,0.397013,0.451858
4527,0.397013,0.451858
4530,0.397013,0.451858
4533,0.397013,0.451858
4536,0.397013,0.451858
4539,0.409008,0.489116
4542,0.409008,0.489116
4545,0.409008,0.489116
4548,0.409008,0.489116
4551,0.409008,0.489116
4554,0.409008,0.489116
4557,0.3591,0.515753
4560,0.3591,0.515753
4563,0.3591,0.515753
4566,0.3591,0.515753
4569,0.3591,0.515753
4572,0.3591,0.515753
4575,0.398136,0.60208
4578,0.398136,0.60208
4581,0.398136,0.60208
4584,0.398136,0.60208
4587,0.398136,0.60208
4590,0.398136,0.60208
4593,0.390398,0.521456
4596,0.390398,0.521456
4599,0.390398,0.521456
4602,0.390398,0.521456
4605,0.390398,0.521456
4608,0.390398,0.521456
4611,0.33846,0.516183
4614,0.33846,0.516183
4617,0.33846,0.516183
4620,0.33846,0.516183
4623,0.33846,0.516183
4626,0.33846,0.516183
4629,0.261239,0.421557
4632,0.261239,0.421557
4635,0.261239,0.421557
4638,0.261239,0.421557
4641,0.261239,0.421557
4644,0.261239,0.421557
4647,0.299502,0.473529
4650,0.299502,0.473529
4653,0.299502,0.473529
4656,0.299502,0.473529
4659,0.299502,0.473529
4662,0.299502,0.473529
4665,0.282265,0.495581
4668,0.282265,0.495581
4671,0.282265,0.495581
4674,0.282265,0.495581
4677,0.282265,0.495581
4680,0.282265,0.495581
4683,0.21477,0.363412
4686,0.21477,0.363412
4689,0.21477,0.363412
4692,0.21477,0.363412
4695,0.21477,0.363412
4698,0.21477,0.363412
4701,0.212036,0.36788
4704,0.212036,0.36788
4707,0.212036,0.36788
4710,0.212036,0.36788
4713,0.212036,0.36788
4716,0.212036,0.36788
4719,0.256248,0.37288
4722,0.256248,0.37288
4725,0.256248,0.37288
4728,0.256248,0.37288
4731,0.256248,0.37288
4734,0.256248,0.37288
4737,0.274611,0.399178
4740,0.274611,0.399178
4743,0.274611,0.399178
4746,0.274611,0.399178
4749,0.274611,0.399178
4752,0.274611,0.399178
4755,0.215482,0.379245
4758,0.215482,0.379245
4761,0.215482,0.379245
4764,0.215482,0.379245
4767,0.215482,0.379245
4770,0.215482,0.379245
4773,0.113863,0.316585
4776,0.113863,0.316585
4779,0.113863,0.316585
4782,0.113863,0.316585
4785,0.113863,0.316585
4788,0.113863,0.316585
4791,0.0125105,0.143761
4794,0.0125105,0.143761
4797,0.0125105,0.143761
4800,0.0125105,0.143761
4803,0.0125105,0.143761
4806,0.0125105,0.143761
4809,0.000611487,0.0124528
4812,0.000611487,0.0124528
4815,0.000611487,0.0124528
4818,0.000611487,0.0124528
4821,0.000611487,0.0124528
4824,0.000611487,0.0124528
4827,0.00168063,0
4830,0.00168063,0
4833,0.00168063,0
4836,0.00168063,0
4839,0.00168063,0
4842,0.00168063,0
4845,0.00403812,0.000823007
4848,0.00403812,0.000823007
4851,0.00403812,0.000823007
4854,0.00403812,0.000823007
4857,0.00403812,0.000823007
4860,0.00403812,0.000823007
4863,0.0039189,0.00485728
4866,0.0039189,0.00485728
4869,0.0039189,0.00485728
4872,0.0039189,0.00485728
4875,0.0039189,0.00485728
4878,0.0039189,0.00485728
4881,0.00274208,0.00749552
4884,0.00274208,0.00749552
4887,0.00274208,0.00749552
4890,0.00274208,0.00749552
4893,0.00274208,0.00749552
4896,0.00274208,0.00749552
4899,0.00254978,0.0064956
4902,0.00254978,0.0064956
4905,0.00254978,0.0064956
4908,0.00254978,0.0064956
4911,0.00254978,0.0064956
4914,0.00254978,0.0064956
4917,0.00814546,0.0147603
4920,0.00814546,0.0147603
4923,0.00814546,0.0147603
4926,0.00814546,0.0147603
4929,0.00814546,0.0147603
4932,0.00814546,0.0147603
4935,0.0966995,0.0721708
4938,0.0966995,0.0721708
4941,0.0966995,0.0721708
4944,0.0966995,0.0721708
4947,0.0966995,0.0721708
4950,0.0966995,0.0721708
4953,0.100788,0.152537
4956,0.100788,0.152537
4959,0.100788,0.152537
4962,0.100788,0.152537
4965,0.100788,0.152537
4968,0.100788,0.152537
4971,0.0660867,0.107975
4974,0.0660867,0.107975
4977,0.0660867,0.107975
4980,0.0660867,0.107975
4983,0.0660867,0.107975
4986,0.0660867,0.107975
4989,0.0791818,0.134481
4992,0.0791818,0.134481
4995,0.0791818,0.134481
4998,0.0791818,0.134481
5001,0.0791818,0.134481
5004,0.0791818,0.134481
5007,0.0821469,0.108879
5010,0.0821469,0.108879
5013,0.0821469,0.108879
5016,0.0821469,0.108879
5019,0.0821469,0.108879
5022,0.0821469,0.108879
5025,0.0128566,0.0808278
5028,0.0128566,0.0808278
5031,0.0128566,0.0808278
5034,0.0128566,0.0808278
5037,0.0128566,0.0808278
5040,0.0128566,0.0808278
5043,0.0101299,0.0476806
5046,0.0101299,0.0476806
5049,0.0101299,0.0476806
5052,0.0101299,0.0476806
5055,0.0101299,0.0476806
5058,0.0101299,0.0476806
5061,0.0748514,0.0957727
5064,0.0748514,0.0957727
5067,0.0748514,0.0957727
5070,0.0748514,0.0957727
5073,0.0748514,0.0957727
5076,0.0748514,0.0957727
5079,0.204933,0.229946
5082,0.204933,0.229946
5085,0.204933,0.229946
5088,0.204933,0.229946
5091,0.204933,0.229946
5094,0.204933,0.229946
5097,0.180235,0.208529
5100,0.180235,0.208529
5103,0.180235,0.208529
5106,0.180235,0.208529
5109,0.180235,0.208529
5112,0.180235,0.208529
5115,0.066079,0.0950035
5118,0.066079,0.0950035
5121,0.066079,0.0950035
5124,0.066079,0.0950035
5127,0.066079,0.0950035
5130,0.066079,0.0950035
5133,0.00109991,0.0336779
5136,0.00109991,0.0336779
5139,0.00109991,0.0336779
5142,0.00109991,0.0336779
5145,0.00109991,0.0336779
5148,0.00109991,0.0336779
5151,0.00149603,0
5154,0.00149603,0
5157,0.00149603,0
5160,0.00149603,0
5163,0.00149603,0
5166,0.00149603,0
5169,0.00174985,0
5172,0.00174985,0
5175,0.00174985,0
5178,0.00174985,0
5181,0.00174985,0
5184,0.00174985,0
5187,0.00118067,0
5190,0.00118067,0
5193,0.00118067,0
5196,0.00118067,0
5199,0.00118067,0
5202,0.00118067,0
5205,0,0
5208,0,0
5211,0,0
5214,0,0
5217,0,0
5220,0,0
5223,0.00128835,0
5226,0.00128835,0
5229,0.00128835,0
5232,0.00128835,0
5235,0.00128835,0
5238,0.00128835,0
5241,0.000915307,0
5244,0.000915307,0
5247,0.000915307,0
5250,0.000915307,0
5253,0.000915307,0
5256,0.000915307,0
5259,0.0117259,0.00939151
5262,0.0117259,0.00939151
5265,0.0117259,0.00939151
5268,0.0117259,0.00939151
5271,0.0117259,0.00939151
5274,0.0117259,0.00939151
5277,0.052784,0.0378929
5280,0.052784,0.0378929
5283,0.052784,0.0378929
5286,0.052784,0.0378929
5289,0.052784,0.0378929
5292,0.052784,0.0378929
5295,0.0965149,0.136623
5298,0.0965149,0.136623
5301,0.0965149,0.136623
5304,0.0965149,0.136623
5307,0.0965149,0.136623
5310,0.0965149,0.136623
5313,0.12572,0.210755
5316,0.12572,0.210755
5319,0.12572,0.210755
5322,0.12572,0.210755
5325,0.12572,0.210755
5328,0.12572,0.210755
5331,0.138061,0.246579
5334,0.138061,0.246579
5337,0.138061,0.246579
5340,0.138061,0.246579
5343,0.138061,0.246579
5346,0.138061,0.246579
5349,0.158098,0.125028
5352,0.158098,0.125028
5355,0.158098,0.125028
5358,0.158098,0.125028
5361,0.158098,0.125028
5364,0.158098,0.125028
5367,0.205502,0.224446
5370,0.205502,0.224446
5373,0.205502,0.224446
5376,0.205502,0.224446
5379,0.205502,0.224446
5382,0.205502,0.224446
5385,0.21447,0.169178
5388,0.21447,0.169178
5391,0.21447,0.169178
5394,0.21447,0.169178
5397,0.21447,0.169178
5400,0.21447,0.169178
5403,0.243099,0.217916
5406,0.243099,0.217916
5409,0.243099,0.217916
5412,0.243099,0.217916
5415,0.243099,0.217916
5418,0.243099,0.217916
5421,0.273023,0.206229
5424,0.273023,0.206229
5427,0.273023,0.206229
5430,0.273023,0.206229
5433,0.273023,0.206229
5436,0.273023,0.206229
5439,0.335929,0.162967
5442,0.335929,0.162967
5445,0.335929,0.162967
5448,0.335929,0.162967
5451,0.335929,0.162967
5454,0.335929,0.162967
5457,0.363477,0.217828
5460,0.363477,0.217828
5463,0.363477,0.217828
5466,0.363477,0.217828
5469,0.363477,0.217828
5472,0.363477,0.217828
5475,0.328099,0.135962
5478,0.328099,0.135962
5481,0.328099,0.135962
5484,0.328099,0.135962
5487,0.328099,0.135962
5490,0.328099,0.135962
5493,0.361319,0.115036
5496,0.361319,0.115036
5499,0.361319,0.115036
5502,0.361319,0.115036
5505,0.361319,0.115036
5508,0.361319,0.115036
5511,0.38656,0.0966995
5514,0.38656,0.0966995
5517,0.38656,0.0966995
5520,0.38656,0.0966995
5523,0.38656,0.0966995
5526,0.38656,0.0966995
5529,0.405227,0.128262
5532,0.405227,0.128262
5535,0.405227,0.128262
5538,0.405227,0.128262
5541,0.405227,0.128262
5544,0.405227,0.128262
5547,0.426637,0.191876
5550,0.426637,0.191876
5553,0.426637,0.191876
5556,0.426637,0.191876
5559,0.426637,0.191876
5562,0.426637,0.191876
5565,0.457854,0.0563145
5568,0.457854,0.0563145
5571,0.457854,0.0563145
5574,0.457854,0.0563145
5577,0.457854,0.0563145
5580,0.457854,0.0563145
5583,0.505803,0.118602
5586,0.505803,0.118602
5589,0.505803,0.118602
5592,0.505803,0.118602
5595,0.505803,0.118602
5598,0.505803,0.118602
5601,0.500561,0.127955
5604,0.500561,0.127955
5607,0.500561,0.127955
5610,0.500561,0.127955
5613,0.500561,0.127955
5616,0.500561,0.127955
5619,0.515926,0.149657
5622,0.515926,0.149657
5625,0.515926,0.149657
5628,0.515926,0.149657
5631,0.515926,0.149657
5634,0.515926,0.149657
5637,0.527382,0.028713
5640,0.527382,0.028713
5643,0.527382,0.028713
5646,0.527382,0.028713
5649,0.527382,0.028713
5652,0.527382,0.028713
5655,0.530155,0.0543069
5658,0.530155,0.0543069
5661,0.530155,0.0543069
5664,0.530155,0.0543069
5667,0.530155,0.0543069
5670,0.530155,0.0543069
5673,0.53092,0.0445732
5676,0.53092,0.0445732
5679,0.53092,0.0445732
5682,0.53092,0.0445732
5685,0.53092,0.0445732
5688,0.53092,0.0445732
5691,0.539258,0.0239249
5694,0.539258,0.0239249
5697,0.539258,0.0239249
5700,0.539258,0.0239249
5703,0.539258,0.0239249
5706,0.539258,0.0239249
5709,0.543373,0.0353162
5712,0.543373,0.0353162
5715,0.543373,0.0353162
5718,0.543373,0.0353162
5721,0.543373,0.0353162
5724,0.543373,0.0353162
5727,0.559199,0.00457654
5730,0.559199,0.00457654
5733,0.559199,0.00457654
5736,0.559199,0.00457654
5739,0.559199,0.00457654
5742,0.559199,0.00457654
Time(milisec),21507.6
