framenum,queue density,dynamic density
3,0.0644642,0.0238106
6,0.0644642,0.0238106
9,0.0644642,0.0238106
12,0.0644642,0.0238106
15,0.0644642,0.0238106
18,0.0644642,0.0238106
21,0.0644642,0.0238106
24,0.0644642,0.0238106
27,0.0644642,0.0238106
30,0.0644642,0.0238106
33,0.11763,0.199927
36,0.11763,0.199927
39,0.11763,0.199927
42,0.11763,0.199927
45,0.11763,0.199927
48,0.11763,0.199927
51,0.11763,0.199927
54,0.11763,0.199927
57,0.11763,0.199927
60,0.11763,0.199927
63,0.126523,0.127212
66,0.126523,0.127212
69,0.126523,0.127212
72,0.126523,0.127212
75,0.126523,0.127212
78,0.126523,0.127212
81,0.126523,0.127212
84,0.126523,0.127212
87,0.126523,0.127212
90,0.126523,0.127212
93,0.177199,0.0717721
96,0.177199,0.0717721
99,0.177199,0.0717721
102,0.177199,0.0717721
105,0.177199,0.0717721
108,0.177199,0.0717721
111,0.177199,0.0717721
114,0.177199,0.0717721
117,0.177199,0.0717721
120,0.177199,0.0717721
123,0.213816,0.119726
126,0.213816,0.119726
129,0.213816,0.119726
132,0.213816,0.119726
135,0.213816,0.119726
138,0.213816,0.119726
141,0.213816,0.119726
144,0.213816,0.119726
147,0.213816,0.119726
150,0.213816,0.119726
153,0.222876,0.164053
156,0.222876,0.164053
159,0.222876,0.164053
162,0.222876,0.164053
165,0.222876,0.164053
168,0.222876,0.164053
171,0.222876,0.164053
174,0.222876,0.164053
177,0.222876,0.164053
180,0.222876,0.164053
183,0.200457,0.0996891
186,0.200457,0.0996891
189,0.200457,0.0996891
192,0.200457,0.0996891
195,0.200457,0.0996891
198,0.200457,0.0996891
201,0.200457,0.0996891
204,0.200457,0.0996891
207,0.200457,0.0996891
210,0.200457,0.0996891
213,0.196869,0.0570365
216,0.196869,0.0570365
219,0.196869,0.0570365
222,0.196869,0.0570365
225,0.196869,0.0570365
228,0.196869,0.0570365
231,0.196869,0.0570365
234,0.196869,0.0570365
237,0.196869,0.0570365
240,0.196869,0.0570365
243,0.194982,0.00420301
246,0.194982,0.00420301
249,0.194982,0.00420301
252,0.194982,0.00420301
255,0.194982,0.00420301
258,0.194982,0.00420301
261,0.194982,0.00420301
264,0.194982,0.00420301
267,0.194982,0.00420301
270,0.194982,0.00420301
273,0.194924,0.00310876
276,0.194924,0.00310876
279,0.194924,0.00310876
282,0.194924,0.00310876
285,0.194924,0.00310876
288,0.194924,0.00310876
291,0.194924,0.00310876
294,0.194924,0.00310876
297,0.194924,0.00310876
300,0.194924,0.00310876
303,0.191583,0.00277236
306,0.191583,0.00277236
309,0.191583,0.00277236
312,0.191583,0.00277236
315,0.191583,0.00277236
318,0.191583,0.00277236
321,0.191583,0.00277236
324,0.191583,0.00277236
327,0.191583,0.00277236
330,0.191583,0.00277236
333,0.196552,0.0190122
336,0.196552,0.0190122
339,0.196552,0.0190122
342,0.196552,0.0190122
345,0.196552,0.0190122
348,0.196552,0.0190122
351,0.196552,0.0190122
354,0.196552,0.0190122
357,0.196552,0.0190122
360,0.196552,0.0190122
363,0.198431,0.0123848
366,0.198431,0.0123848
369,0.198431,0.0123848
372,0.198431,0.0123848
375,0.198431,0.0123848
378,0.198431,0.0123848
381,0.198431,0.0123848
384,0.198431,0.0123848
387,0.198431,0.0123848
390,0.198431,0.0123848
393,0.207595,0.0379508
396,0.207595,0.0379508
399,0.207595,0.0379508
402,0.207595,0.0379508
405,0.207595,0.0379508
408,0.207595,0.0379508
411,0.207595,0.0379508
414,0.207595,0.0379508
417,0.207595,0.0379508
420,0.207595,0.0379508
423,0.247351,0.0716677
426,0.247351,0.0716677
429,0.247351,0.0716677
432,0.247351,0.0716677
435,0.247351,0.0716677
438,0.247351,0.0716677
441,0.247351,0.0716677
444,0.247351,0.0716677
447,0.247351,0.0716677
450,0.247351,0.0716677
453,0.30182,0.1257
456,0.30182,0.1257
459,0.30182,0.1257
462,0.30182,0.1257
465,0.30182,0.1257
468,0.30182,0.1257
471,0.30182,0.1257
474,0.30182,0.1257
477,0.30182,0.1257
480,0.30182,0.1257
483,0.32137,0.167684
486,0.32137,0.167684
489,0.32137,0.167684
492,0.32137,0.167684
495,0.32137,0.167684
498,0.32137,0.167684
501,0.32137,0.167684
504,0.32137,0.167684
507,0.32137,0.167684
510,0.32137,0.167684
513,0.365535,0.208457
516,0.365535,0.208457
519,0.365535,0.208457
522,0.365535,0.208457
525,0.365535,0.208457
528,0.365535,0.208457
531,0.365535,0.208457
534,0.365535,0.208457
537,0.365535,0.208457
540,0.365535,0.208457
543,0.395157,0.0787785
546,0.395157,0.0787785
549,0.395157,0.0787785
552,0.395157,0.0787785
555,0.395157,0.0787785
558,0.395157,0.0787785
561,0.395157,0.0787785
564,0.395157,0.0787785
567,0.395157,0.0787785
570,0.395157,0.0787785
573,0.388139,0.0936843
576,0.388139,0.0936843
579,0.388139,0.0936843
582,0.388139,0.0936843
585,0.388139,0.0936843
588,0.388139,0.0936843
591,0.388139,0.0936843
594,0.388139,0.0936843
597,0.388139,0.0936843
600,0.388139,0.0936843
603,0.435265,0.0567658
606,0.435265,0.0567658
609,0.435265,0.0567658
612,0.435265,0.0567658
615,0.435265,0.0567658
618,0.435265,0.0567658
621,0.435265,0.0567658
624,0.435265,0.0567658
627,0.435265,0.0567658
630,0.435265,0.0567658
633,0.488895,0.119687
636,0.488895,0.119687
639,0.488895,0.119687
642,0.488895,0.119687
645,0.488895,0.119687
648,0.488895,0.119687
651,0.488895,0.119687
654,0.488895,0.119687
657,0.488895,0.119687
660,0.488895,0.119687
663,0.516855,0.0580225
666,0.516855,0.0580225
669,0.516855,0.0580225
672,0.516855,0.0580225
675,0.516855,0.0580225
678,0.516855,0.0580225
681,0.516855,0.0580225
684,0.516855,0.0580225
687,0.516855,0.0580225
690,0.516855,0.0580225
693,0.535155,0.0809708
696,0.535155,0.0809708
699,0.535155,0.0809708
702,0.535155,0.0809708
705,0.535155,0.0809708
708,0.535155,0.0809708
711,0.535155,0.0809708
714,0.535155,0.0809708
717,0.535155,0.0809708
720,0.535155,0.0809708
723,0.532364,0.0831864
726,0.532364,0.0831864
729,0.532364,0.0831864
732,0.532364,0.0831864
735,0.532364,0.0831864
738,0.532364,0.0831864
741,0.532364,0.0831864
744,0.532364,0.0831864
747,0.532364,0.0831864
750,0.532364,0.0831864
753,0.521808,0.00274143
756,0.521808,0.00274143
759,0.521808,0.00274143
762,0.521808,0.00274143
765,0.521808,0.00274143
768,0.521808,0.00274143
771,0.521808,0.00274143
774,0.521808,0.00274143
777,0.521808,0.00274143
780,0.521808,0.00274143
783,0.513568,1.54665e-05
786,0.513568,1.54665e-05
789,0.513568,1.54665e-05
792,0.513568,1.54665e-05
795,0.513568,1.54665e-05
798,0.513568,1.54665e-05
801,0.513568,1.54665e-05
804,0.513568,1.54665e-05
807,0.513568,1.54665e-05
810,0.513568,1.54665e-05
813,0.544594,0.0077023
816,0.544594,0.0077023
819,0.544594,0.0077023
822,0.544594,0.0077023
825,0.544594,0.0077023
828,0.544594,0.0077023
831,0.544594,0.0077023
834,0.544594,0.0077023
837,0.544594,0.0077023
840,0.544594,0.0077023
843,0.561785,0.0287135
846,0.561785,0.0287135
849,0.561785,0.0287135
852,0.561785,0.0287135
855,0.561785,0.0287135
858,0.561785,0.0287135
861,0.561785,0.0287135
864,0.561785,0.0287135
867,0.561785,0.0287135
870,0.561785,0.0287135
873,0.563791,0.005305
876,0.563791,0.005305
879,0.563791,0.005305
882,0.563791,0.005305
885,0.563791,0.005305
888,0.563791,0.005305
891,0.563791,0.005305
894,0.563791,0.005305
897,0.563791,0.005305
900,0.563791,0.005305
903,0.566274,0.00248623
906,0.566274,0.00248623
909,0.566274,0.00248623
912,0.566274,0.00248623
915,0.566274,0.00248623
918,0.566274,0.00248623
921,0.566274,0.00248623
924,0.566274,0.00248623
927,0.566274,0.00248623
930,0.566274,0.00248623
933,0.552458,3.47996e-05
936,0.552458,3.47996e-05
939,0.552458,3.47996e-05
942,0.552458,3.47996e-05
945,0.552458,3.47996e-05
948,0.552458,3.47996e-05
951,0.552458,3.47996e-05
954,0.552458,3.47996e-05
957,0.552458,3.47996e-05
960,0.552458,3.47996e-05
963,0.559608,0.00366555
966,0.559608,0.00366555
969,0.559608,0.00366555
972,0.559608,0.00366555
975,0.559608,0.00366555
978,0.559608,0.00366555
981,0.559608,0.00366555
984,0.559608,0.00366555
987,0.559608,0.00366555
990,0.559608,0.00366555
993,0.563378,0.00420688
996,0.563378,0.00420688
999,0.563378,0.00420688
1002,0.563378,0.00420688
1005,0.563378,0.00420688
1008,0.563378,0.00420688
1011,0.563378,0.00420688
1014,0.563378,0.00420688
1017,0.563378,0.00420688
1020,0.563378,0.00420688
1023,0.556596,0.0050614
1026,0.556596,0.0050614
1029,0.556596,0.0050614
1032,0.556596,0.0050614
1035,0.556596,0.0050614
1038,0.556596,0.0050614
1041,0.556596,0.0050614
1044,0.556596,0.0050614
1047,0.556596,0.0050614
1050,0.556596,0.0050614
1053,0.558285,0.00234317
1056,0.558285,0.00234317
1059,0.558285,0.00234317
1062,0.558285,0.00234317
1065,0.558285,0.00234317
1068,0.558285,0.00234317
1071,0.558285,0.00234317
1074,0.558285,0.00234317
1077,0.558285,0.00234317
1080,0.558285,0.00234317
1083,0.555517,0.0024553
1086,0.555517,0.0024553
1089,0.555517,0.0024553
1092,0.555517,0.0024553
1095,0.555517,0.0024553
1098,0.555517,0.0024553
1101,0.555517,0.0024553
1104,0.555517,0.0024553
1107,0.555517,0.0024553
1110,0.555517,0.0024553
1113,0.555494,0.00189851
1116,0.555494,0.00189851
1119,0.555494,0.00189851
1122,0.555494,0.00189851
1125,0.555494,0.00189851
1128,0.555494,0.00189851
1131,0.555494,0.00189851
1134,0.555494,0.00189851
1137,0.555494,0.00189851
1140,0.555494,0.00189851
1143,0.55689,0.00335622
1146,0.55689,0.00335622
1149,0.55689,0.00335622
1152,0.55689,0.00335622
1155,0.55689,0.00335622
1158,0.55689,0.00335622
1161,0.55689,0.00335622
1164,0.55689,0.00335622
1167,0.55689,0.00335622
1170,0.55689,0.00335622
1173,0.556472,0.010436
1176,0.556472,0.010436
1179,0.556472,0.010436
1182,0.556472,0.010436
1185,0.556472,0.010436
1188,0.556472,0.010436
1191,0.556472,0.010436
1194,0.556472,0.010436
1197,0.556472,0.010436
1200,0.556472,0.010436
1203,0.551244,0.000815856
1206,0.551244,0.000815856
1209,0.551244,0.000815856
1212,0.551244,0.000815856
1215,0.551244,0.000815856
1218,0.551244,0.000815856
1221,0.551244,0.000815856
1224,0.551244,0.000815856
1227,0.551244,0.000815856
1230,0.551244,0.000815856
1233,0.553421,0.0141054
1236,0.553421,0.0141054
1239,0.553421,0.0141054
1242,0.553421,0.0141054
1245,0.553421,0.0141054
1248,0.553421,0.0141054
1251,0.553421,0.0141054
1254,0.553421,0.0141054
1257,0.553421,0.0141054
1260,0.553421,0.0141054
1263,0.550517,0.00122572
1266,0.550517,0.00122572
1269,0.550517,0.00122572
1272,0.550517,0.00122572
1275,0.550517,0.00122572
1278,0.550517,0.00122572
1281,0.550517,0.00122572
1284,0.550517,0.00122572
1287,0.550517,0.00122572
1290,0.550517,0.00122572
1293,0.553549,0.00460901
1296,0.553549,0.00460901
1299,0.553549,0.00460901
1302,0.553549,0.00460901
1305,0.553549,0.00460901
1308,0.553549,0.00460901
1311,0.553549,0.00460901
1314,0.553549,0.00460901
1317,0.553549,0.00460901
1320,0.553549,0.00460901
1323,0.550374,0.00986761
1326,0.550374,0.00986761
1329,0.550374,0.00986761
1332,0.550374,0.00986761
1335,0.550374,0.00986761
1338,0.550374,0.00986761
1341,0.550374,0.00986761
1344,0.550374,0.00986761
1347,0.550374,0.00986761
1350,0.550374,0.00986761
1353,0.555354,0.03096
1356,0.555354,0.03096
1359,0.555354,0.03096
1362,0.555354,0.03096
1365,0.555354,0.03096
1368,0.555354,0.03096
1371,0.555354,0.03096
1374,0.555354,0.03096
1377,0.555354,0.03096
1380,0.555354,0.03096
1383,0.550061,0.0154123
1386,0.550061,0.0154123
1389,0.550061,0.0154123
1392,0.550061,0.0154123
1395,0.550061,0.0154123
1398,0.550061,0.0154123
1401,0.550061,0.0154123
1404,0.550061,0.0154123
1407,0.550061,0.0154123
1410,0.550061,0.0154123
1413,0.537379,0.025539
1416,0.537379,0.025539
1419,0.537379,0.025539
1422,0.537379,0.025539
1425,0.537379,0.025539
1428,0.537379,0.025539
1431,0.537379,0.025539
1434,0.537379,0.025539
1437,0.537379,0.025539
1440,0.537379,0.025539
1443,0.560134,0.248488
1446,0.560134,0.248488
1449,0.560134,0.248488
1452,0.560134,0.248488
1455,0.560134,0.248488
1458,0.560134,0.248488
1461,0.560134,0.248488
1464,0.560134,0.248488
1467,0.560134,0.248488
1470,0.560134,0.248488
1473,0.558367,0.481351
1476,0.558367,0.481351
1479,0.558367,0.481351
1482,0.558367,0.481351
1485,0.558367,0.481351
1488,0.558367,0.481351
1491,0.558367,0.481351
1494,0.558367,0.481351
1497,0.558367,0.481351
1500,0.558367,0.481351
1503,0.496126,0.66744
1506,0.496126,0.66744
1509,0.496126,0.66744
1512,0.496126,0.66744
1515,0.496126,0.66744
1518,0.496126,0.66744
1521,0.496126,0.66744
1524,0.496126,0.66744
1527,0.496126,0.66744
1530,0.496126,0.66744
1533,0.44308,0.584439
1536,0.44308,0.584439
1539,0.44308,0.584439
1542,0.44308,0.584439
1545,0.44308,0.584439
1548,0.44308,0.584439
1551,0.44308,0.584439
1554,0.44308,0.584439
1557,0.44308,0.584439
1560,0.44308,0.584439
1563,0.448872,0.698856
1566,0.448872,0.698856
1569,0.448872,0.698856
1572,0.448872,0.698856
1575,0.448872,0.698856
1578,0.448872,0.698856
1581,0.448872,0.698856
1584,0.448872,0.698856
1587,0.448872,0.698856
1590,0.448872,0.698856
1593,0.470308,0.707757
1596,0.470308,0.707757
1599,0.470308,0.707757
1602,0.470308,0.707757
1605,0.470308,0.707757
1608,0.470308,0.707757
1611,0.470308,0.707757
1614,0.470308,0.707757
1617,0.470308,0.707757
1620,0.470308,0.707757
1623,0.463155,0.560861
1626,0.463155,0.560861
1629,0.463155,0.560861
1632,0.463155,0.560861
1635,0.463155,0.560861
1638,0.463155,0.560861
1641,0.463155,0.560861
1644,0.463155,0.560861
1647,0.463155,0.560861
1650,0.463155,0.560861
1653,0.425135,0.590514
1656,0.425135,0.590514
1659,0.425135,0.590514
1662,0.425135,0.590514
1665,0.425135,0.590514
1668,0.425135,0.590514
1671,0.425135,0.590514
1674,0.425135,0.590514
1677,0.425135,0.590514
1680,0.425135,0.590514
1683,0.413945,0.547246
1686,0.413945,0.547246
1689,0.413945,0.547246
1692,0.413945,0.547246
1695,0.413945,0.547246
1698,0.413945,0.547246
1701,0.413945,0.547246
1704,0.413945,0.547246
1707,0.413945,0.547246
1710,0.413945,0.547246
1713,0.444742,0.479306
1716,0.444742,0.479306
1719,0.444742,0.479306
1722,0.444742,0.479306
1725,0.444742,0.479306
1728,0.444742,0.479306
1731,0.444742,0.479306
1734,0.444742,0.479306
1737,0.444742,0.479306
1740,0.444742,0.479306
1743,0.394194,0.551654
1746,0.394194,0.551654
1749,0.394194,0.551654
1752,0.394194,0.551654
1755,0.394194,0.551654
1758,0.394194,0.551654
1761,0.394194,0.551654
1764,0.394194,0.551654
1767,0.394194,0.551654
1770,0.394194,0.551654
1773,0.348235,0.408234
1776,0.348235,0.408234
1779,0.348235,0.408234
1782,0.348235,0.408234
1785,0.348235,0.408234
1788,0.348235,0.408234
1791,0.348235,0.408234
1794,0.348235,0.408234
1797,0.348235,0.408234
1800,0.348235,0.408234
1803,0.266406,0.428858
1806,0.266406,0.428858
1809,0.266406,0.428858
1812,0.266406,0.428858
1815,0.266406,0.428858
1818,0.266406,0.428858
1821,0.266406,0.428858
1824,0.266406,0.428858
1827,0.266406,0.428858
1830,0.266406,0.428858
1833,0.229731,0.427304
1836,0.229731,0.427304
1839,0.229731,0.427304
1842,0.229731,0.427304
1845,0.229731,0.427304
1848,0.229731,0.427304
1851,0.229731,0.427304
1854,0.229731,0.427304
1857,0.229731,0.427304
1860,0.229731,0.427304
1863,0.142431,0.298209
1866,0.142431,0.298209
1869,0.142431,0.298209
1872,0.142431,0.298209
1875,0.142431,0.298209
1878,0.142431,0.298209
1881,0.142431,0.298209
1884,0.142431,0.298209
1887,0.142431,0.298209
1890,0.142431,0.298209
1893,0.285449,0.270454
1896,0.285449,0.270454
1899,0.285449,0.270454
1902,0.285449,0.270454
1905,0.285449,0.270454
1908,0.285449,0.270454
1911,0.285449,0.270454
1914,0.285449,0.270454
1917,0.285449,0.270454
1920,0.285449,0.270454
1923,0.300343,0.361173
1926,0.300343,0.361173
1929,0.300343,0.361173
1932,0.300343,0.361173
1935,0.300343,0.361173
1938,0.300343,0.361173
1941,0.300343,0.361173
1944,0.300343,0.361173
1947,0.300343,0.361173
1950,0.300343,0.361173
1953,0.148474,0.217428
1956,0.148474,0.217428
1959,0.148474,0.217428
1962,0.148474,0.217428
1965,0.148474,0.217428
1968,0.148474,0.217428
1971,0.148474,0.217428
1974,0.148474,0.217428
1977,0.148474,0.217428
1980,0.148474,0.217428
1983,0.0022697,0.0867398
1986,0.0022697,0.0867398
1989,0.0022697,0.0867398
1992,0.0022697,0.0867398
1995,0.0022697,0.0867398
1998,0.0022697,0.0867398
2001,0.0022697,0.0867398
2004,0.0022697,0.0867398
2007,0.0022697,0.0867398
2010,0.0022697,0.0867398
2013,0.143683,0.0986993
2016,0.143683,0.0986993
2019,0.143683,0.0986993
2022,0.143683,0.0986993
2025,0.143683,0.0986993
2028,0.143683,0.0986993
2031,0.143683,0.0986993
2034,0.143683,0.0986993
2037,0.143683,0.0986993
2040,0.143683,0.0986993
2043,0.241358,0.225969
2046,0.241358,0.225969
2049,0.241358,0.225969
2052,0.241358,0.225969
2055,0.241358,0.225969
2058,0.241358,0.225969
2061,0.241358,0.225969
2064,0.241358,0.225969
2067,0.241358,0.225969
2070,0.241358,0.225969
2073,0.0368759,0.181905
2076,0.0368759,0.181905
2079,0.0368759,0.181905
2082,0.0368759,0.181905
2085,0.0368759,0.181905
2088,0.0368759,0.181905
2091,0.0368759,0.181905
2094,0.0368759,0.181905
2097,0.0368759,0.181905
2100,0.0368759,0.181905
2103,0.0139469,0.0482051
2106,0.0139469,0.0482051
2109,0.0139469,0.0482051
2112,0.0139469,0.0482051
2115,0.0139469,0.0482051
2118,0.0139469,0.0482051
2121,0.0139469,0.0482051
2124,0.0139469,0.0482051
2127,0.0139469,0.0482051
2130,0.0139469,0.0482051
2133,0.149553,0.178444
2136,0.149553,0.178444
2139,0.149553,0.178444
2142,0.149553,0.178444
2145,0.149553,0.178444
2148,0.149553,0.178444
2151,0.149553,0.178444
2154,0.149553,0.178444
2157,0.149553,0.178444
2160,0.149553,0.178444
2163,0.222261,0.303963
2166,0.222261,0.303963
2169,0.222261,0.303963
2172,0.222261,0.303963
2175,0.222261,0.303963
2178,0.222261,0.303963
2181,0.222261,0.303963
2184,0.222261,0.303963
2187,0.222261,0.303963
2190,0.222261,0.303963
2193,0.0607252,0.236873
2196,0.0607252,0.236873
2199,0.0607252,0.236873
2202,0.0607252,0.236873
2205,0.0607252,0.236873
2208,0.0607252,0.236873
2211,0.0607252,0.236873
2214,0.0607252,0.236873
2217,0.0607252,0.236873
2220,0.0607252,0.236873
2223,0.00440408,0.0497286
2226,0.00440408,0.0497286
2229,0.00440408,0.0497286
2232,0.00440408,0.0497286
2235,0.00440408,0.0497286
2238,0.00440408,0.0497286
2241,0.00440408,0.0497286
2244,0.00440408,0.0497286
2247,0.00440408,0.0497286
2250,0.00440408,0.0497286
2253,0.0081547,0.00945001
2256,0.0081547,0.00945001
2259,0.0081547,0.00945001
2262,0.0081547,0.00945001
2265,0.0081547,0.00945001
2268,0.0081547,0.00945001
2271,0.0081547,0.00945001
2274,0.0081547,0.00945001
2277,0.0081547,0.00945001
2280,0.0081547,0.00945001
2283,0.0657905,0.0859201
2286,0.0657905,0.0859201
2289,0.0657905,0.0859201
2292,0.0657905,0.0859201
2295,0.0657905,0.0859201
2298,0.0657905,0.0859201
2301,0.0657905,0.0859201
2304,0.0657905,0.0859201
2307,0.0657905,0.0859201
2310,0.0657905,0.0859201
2313,0.0685977,0.150732
2316,0.0685977,0.150732
2319,0.0685977,0.150732
2322,0.0685977,0.150732
2325,0.0685977,0.150732
2328,0.0685977,0.150732
2331,0.0685977,0.150732
2334,0.0685977,0.150732
2337,0.0685977,0.150732
2340,0.0685977,0.150732
2343,0.0222833,0.117062
2346,0.0222833,0.117062
2349,0.0222833,0.117062
2352,0.0222833,0.117062
2355,0.0222833,0.117062
2358,0.0222833,0.117062
2361,0.0222833,0.117062
2364,0.0222833,0.117062
2367,0.0222833,0.117062
2370,0.0222833,0.117062
2373,0.013595,0.0644836
2376,0.013595,0.0644836
2379,0.013595,0.0644836
2382,0.013595,0.0644836
2385,0.013595,0.0644836
2388,0.013595,0.0644836
2391,0.013595,0.0644836
2394,0.013595,0.0644836
2397,0.013595,0.0644836
2400,0.013595,0.0644836
2403,0.0631805,0.0648393
2406,0.0631805,0.0648393
2409,0.0631805,0.0648393
2412,0.0631805,0.0648393
2415,0.0631805,0.0648393
2418,0.0631805,0.0648393
2421,0.0631805,0.0648393
2424,0.0631805,0.0648393
2427,0.0631805,0.0648393
2430,0.0631805,0.0648393
2433,0.00718031,0.0618968
2436,0.00718031,0.0618968
2439,0.00718031,0.0618968
2442,0.00718031,0.0618968
2445,0.00718031,0.0618968
2448,0.00718031,0.0618968
2451,0.00718031,0.0618968
2454,0.00718031,0.0618968
2457,0.00718031,0.0618968
2460,0.00718031,0.0618968
2463,0.0594028,0.0284158
2466,0.0594028,0.0284158
2469,0.0594028,0.0284158
2472,0.0594028,0.0284158
2475,0.0594028,0.0284158
2478,0.0594028,0.0284158
2481,0.0594028,0.0284158
2484,0.0594028,0.0284158
2487,0.0594028,0.0284158
2490,0.0594028,0.0284158
2493,0.0195767,0.0415777
2496,0.0195767,0.0415777
2499,0.0195767,0.0415777
2502,0.0195767,0.0415777
2505,0.0195767,0.0415777
2508,0.0195767,0.0415777
2511,0.0195767,0.0415777
2514,0.0195767,0.0415777
2517,0.0195767,0.0415777
2520,0.0195767,0.0415777
2523,0.0606827,0.0395826
2526,0.0606827,0.0395826
2529,0.0606827,0.0395826
2532,0.0606827,0.0395826
2535,0.0606827,0.0395826
2538,0.0606827,0.0395826
2541,0.0606827,0.0395826
2544,0.0606827,0.0395826
2547,0.0606827,0.0395826
2550,0.0606827,0.0395826
2553,0.0641665,0.082011
2556,0.0641665,0.082011
2559,0.0641665,0.082011
2562,0.0641665,0.082011
2565,0.0641665,0.082011
2568,0.0641665,0.082011
2571,0.0641665,0.082011
2574,0.0641665,0.082011
2577,0.0641665,0.082011
2580,0.0641665,0.082011
2583,0.00576899,0.0577943
2586,0.00576899,0.0577943
2589,0.00576899,0.0577943
2592,0.00576899,0.0577943
2595,0.00576899,0.0577943
2598,0.00576899,0.0577943
2601,0.00576899,0.0577943
2604,0.00576899,0.0577943
2607,0.00576899,0.0577943
2610,0.00576899,0.0577943
2613,0.00655005,0
2616,0.00655005,0
2619,0.00655005,0
2622,0.00655005,0
2625,0.00655005,0
2628,0.00655005,0
2631,0.00655005,0
2634,0.00655005,0
2637,0.00655005,0
2640,0.00655005,0
2643,0.0925049,0.0582235
2646,0.0925049,0.0582235
2649,0.0925049,0.0582235
2652,0.0925049,0.0582235
2655,0.0925049,0.0582235
2658,0.0925049,0.0582235
2661,0.0925049,0.0582235
2664,0.0925049,0.0582235
2667,0.0925049,0.0582235
2670,0.0925049,0.0582235
2673,0.141441,0.158663
2676,0.141441,0.158663
2679,0.141441,0.158663
2682,0.141441,0.158663
2685,0.141441,0.158663
2688,0.141441,0.158663
2691,0.141441,0.158663
2694,0.141441,0.158663
2697,0.141441,0.158663
2700,0.141441,0.158663
2703,0.0497402,0.169095
2706,0.0497402,0.169095
2709,0.0497402,0.169095
2712,0.0497402,0.169095
2715,0.0497402,0.169095
2718,0.0497402,0.169095
2721,0.0497402,0.169095
2724,0.0497402,0.169095
2727,0.0497402,0.169095
2730,0.0497402,0.169095
2733,0.0650829,0.0866741
2736,0.0650829,0.0866741
2739,0.0650829,0.0866741
2742,0.0650829,0.0866741
2745,0.0650829,0.0866741
2748,0.0650829,0.0866741
2751,0.0650829,0.0866741
2754,0.0650829,0.0866741
2757,0.0650829,0.0866741
2760,0.0650829,0.0866741
2763,0.102639,0.13655
2766,0.102639,0.13655
2769,0.102639,0.13655
2772,0.102639,0.13655
2775,0.102639,0.13655
2778,0.102639,0.13655
2781,0.102639,0.13655
2784,0.102639,0.13655
2787,0.102639,0.13655
2790,0.102639,0.13655
2793,0.117062,0.127602
2796,0.117062,0.127602
2799,0.117062,0.127602
2802,0.117062,0.127602
2805,0.117062,0.127602
2808,0.117062,0.127602
2811,0.117062,0.127602
2814,0.117062,0.127602
2817,0.117062,0.127602
2820,0.117062,0.127602
2823,0.121586,0.166895
2826,0.121586,0.166895
2829,0.121586,0.166895
2832,0.121586,0.166895
2835,0.121586,0.166895
2838,0.121586,0.166895
2841,0.121586,0.166895
2844,0.121586,0.166895
2847,0.121586,0.166895
2850,0.121586,0.166895
2853,0.122993,0.0115651
2856,0.122993,0.0115651
2859,0.122993,0.0115651
2862,0.122993,0.0115651
2865,0.122993,0.0115651
2868,0.122993,0.0115651
2871,0.122993,0.0115651
2874,0.122993,0.0115651
2877,0.122993,0.0115651
2880,0.122993,0.0115651
2883,0.128298,0.0259411
2886,0.128298,0.0259411
2889,0.128298,0.0259411
2892,0.128298,0.0259411
2895,0.128298,0.0259411
2898,0.128298,0.0259411
2901,0.128298,0.0259411
2904,0.128298,0.0259411
2907,0.128298,0.0259411
2910,0.128298,0.0259411
2913,0.126458,0.0351089
2916,0.126458,0.0351089
2919,0.126458,0.0351089
2922,0.126458,0.0351089
2925,0.126458,0.0351089
2928,0.126458,0.0351089
2931,0.126458,0.0351089
2934,0.126458,0.0351089
2937,0.126458,0.0351089
2940,0.126458,0.0351089
2943,0.133642,0.032874
2946,0.133642,0.032874
2949,0.133642,0.032874
2952,0.133642,0.032874
2955,0.133642,0.032874
2958,0.133642,0.032874
2961,0.133642,0.032874
2964,0.133642,0.032874
2967,0.133642,0.032874
2970,0.133642,0.032874
2973,0.193895,0.0948559
2976,0.193895,0.0948559
2979,0.193895,0.0948559
2982,0.193895,0.0948559
2985,0.193895,0.0948559
2988,0.193895,0.0948559
2991,0.193895,0.0948559
2994,0.193895,0.0948559
2997,0.193895,0.0948559
3000,0.193895,0.0948559
3003,0.286543,0.136399
3006,0.286543,0.136399
3009,0.286543,0.136399
3012,0.286543,0.136399
3015,0.286543,0.136399
3018,0.286543,0.136399
3021,0.286543,0.136399
3024,0.286543,0.136399
3027,0.286543,0.136399
3030,0.286543,0.136399
3033,0.346275,0.264643
3036,0.346275,0.264643
3039,0.346275,0.264643
3042,0.346275,0.264643
3045,0.346275,0.264643
3048,0.346275,0.264643
3051,0.346275,0.264643
3054,0.346275,0.264643
3057,0.346275,0.264643
3060,0.346275,0.264643
3063,0.362863,0.325929
3066,0.362863,0.325929
3069,0.362863,0.325929
3072,0.362863,0.325929
3075,0.362863,0.325929
3078,0.362863,0.325929
3081,0.362863,0.325929
3084,0.362863,0.325929
3087,0.362863,0.325929
3090,0.362863,0.325929
3093,0.398231,0.181433
3096,0.398231,0.181433
3099,0.398231,0.181433
3102,0.398231,0.181433
3105,0.398231,0.181433
3108,0.398231,0.181433
3111,0.398231,0.181433
3114,0.398231,0.181433
3117,0.398231,0.181433
3120,0.398231,0.181433
3123,0.375329,0.119123
3126,0.375329,0.119123
3129,0.375329,0.119123
3132,0.375329,0.119123
3135,0.375329,0.119123
3138,0.375329,0.119123
3141,0.375329,0.119123
3144,0.375329,0.119123
3147,0.375329,0.119123
3150,0.375329,0.119123
3153,0.38909,0.108118
3156,0.38909,0.108118
3159,0.38909,0.108118
3162,0.38909,0.108118
3165,0.38909,0.108118
3168,0.38909,0.108118
3171,0.38909,0.108118
3174,0.38909,0.108118
3177,0.38909,0.108118
3180,0.38909,0.108118
3183,0.39772,0.0424245
3186,0.39772,0.0424245
3189,0.39772,0.0424245
3192,0.39772,0.0424245
3195,0.39772,0.0424245
3198,0.39772,0.0424245
3201,0.39772,0.0424245
3204,0.39772,0.0424245
3207,0.39772,0.0424245
3210,0.39772,0.0424245
3213,0.425123,0.0825291
3216,0.425123,0.0825291
3219,0.425123,0.0825291
3222,0.425123,0.0825291
3225,0.425123,0.0825291
3228,0.425123,0.0825291
3231,0.425123,0.0825291
3234,0.425123,0.0825291
3237,0.425123,0.0825291
3240,0.425123,0.0825291
3243,0.43165,0.0256009
3246,0.43165,0.0256009
3249,0.43165,0.0256009
3252,0.43165,0.0256009
3255,0.43165,0.0256009
3258,0.43165,0.0256009
3261,0.43165,0.0256009
3264,0.43165,0.0256009
3267,0.43165,0.0256009
3270,0.43165,0.0256009
3273,0.435675,0.00176318
3276,0.435675,0.00176318
3279,0.435675,0.00176318
3282,0.435675,0.00176318
3285,0.435675,0.00176318
3288,0.435675,0.00176318
3291,0.435675,0.00176318
3294,0.435675,0.00176318
3297,0.435675,0.00176318
3300,0.435675,0.00176318
3303,0.429616,0.00346449
3306,0.429616,0.00346449
3309,0.429616,0.00346449
3312,0.429616,0.00346449
3315,0.429616,0.00346449
3318,0.429616,0.00346449
3321,0.429616,0.00346449
3324,0.429616,0.00346449
3327,0.429616,0.00346449
3330,0.429616,0.00346449
3333,0.424098,0.0207676
3336,0.424098,0.0207676
3339,0.424098,0.0207676
3342,0.424098,0.0207676
3345,0.424098,0.0207676
3348,0.424098,0.0207676
3351,0.424098,0.0207676
3354,0.424098,0.0207676
3357,0.424098,0.0207676
3360,0.424098,0.0207676
3363,0.424268,0.00808896
3366,0.424268,0.00808896
3369,0.424268,0.00808896
3372,0.424268,0.00808896
3375,0.424268,0.00808896
3378,0.424268,0.00808896
3381,0.424268,0.00808896
3384,0.424268,0.00808896
3387,0.424268,0.00808896
3390,0.424268,0.00808896
3393,0.426936,0.00339489
3396,0.426936,0.00339489
3399,0.426936,0.00339489
3402,0.426936,0.00339489
3405,0.426936,0.00339489
3408,0.426936,0.00339489
3411,0.426936,0.00339489
3414,0.426936,0.00339489
3417,0.426936,0.00339489
3420,0.426936,0.00339489
3423,0.43189,0
3426,0.43189,0
3429,0.43189,0
3432,0.43189,0
3435,0.43189,0
3438,0.43189,0
3441,0.43189,0
3444,0.43189,0
3447,0.43189,0
3450,0.43189,0
3453,0.437214,0
3456,0.437214,0
3459,0.437214,0
3462,0.437214,0
3465,0.437214,0
3468,0.437214,0
3471,0.437214,0
3474,0.437214,0
3477,0.437214,0
3480,0.437214,0
3483,0.43233,0.00213437
3486,0.43233,0.00213437
3489,0.43233,0.00213437
3492,0.43233,0.00213437
3495,0.43233,0.00213437
3498,0.43233,0.00213437
3501,0.43233,0.00213437
3504,0.43233,0.00213437
3507,0.43233,0.00213437
3510,0.43233,0.00213437
3513,0.430498,0
3516,0.430498,0
3519,0.430498,0
3522,0.430498,0
3525,0.430498,0
3528,0.430498,0
3531,0.430498,0
3534,0.430498,0
3537,0.430498,0
3540,0.430498,0
3543,0.428158,0
3546,0.428158,0
3549,0.428158,0
3552,0.428158,0
3555,0.428158,0
3558,0.428158,0
3561,0.428158,0
3564,0.428158,0
3567,0.428158,0
3570,0.428158,0
3573,0.4332,0.00023973
3576,0.4332,0.00023973
3579,0.4332,0.00023973
3582,0.4332,0.00023973
3585,0.4332,0.00023973
3588,0.4332,0.00023973
3591,0.4332,0.00023973
3594,0.4332,0.00023973
3597,0.4332,0.00023973
3600,0.4332,0.00023973
3603,0.429117,6.18659e-05
3606,0.429117,6.18659e-05
3609,0.429117,6.18659e-05
3612,0.429117,6.18659e-05
3615,0.429117,6.18659e-05
3618,0.429117,6.18659e-05
3621,0.429117,6.18659e-05
3624,0.429117,6.18659e-05
3627,0.429117,6.18659e-05
3630,0.429117,6.18659e-05
3633,0.43634,0.000216531
3636,0.43634,0.000216531
3639,0.43634,0.000216531
3642,0.43634,0.000216531
3645,0.43634,0.000216531
3648,0.43634,0.000216531
3651,0.43634,0.000216531
3654,0.43634,0.000216531
3657,0.43634,0.000216531
3660,0.43634,0.000216531
3663,0.434024,8.1199e-05
3666,0.434024,8.1199e-05
3669,0.434024,8.1199e-05
3672,0.434024,8.1199e-05
3675,0.434024,8.1199e-05
3678,0.434024,8.1199e-05
3681,0.434024,8.1199e-05
3684,0.434024,8.1199e-05
3687,0.434024,8.1199e-05
3690,0.434024,8.1199e-05
3693,0.436015,0.000456261
3696,0.436015,0.000456261
3699,0.436015,0.000456261
3702,0.436015,0.000456261
3705,0.436015,0.000456261
3708,0.436015,0.000456261
3711,0.436015,0.000456261
3714,0.436015,0.000456261
3717,0.436015,0.000456261
3720,0.436015,0.000456261
3723,0.434643,0.0118009
3726,0.434643,0.0118009
3729,0.434643,0.0118009
3732,0.434643,0.0118009
3735,0.434643,0.0118009
3738,0.434643,0.0118009
3741,0.434643,0.0118009
3744,0.434643,0.0118009
3747,0.434643,0.0118009
3750,0.434643,0.0118009
3753,0.431248,0.025191
3756,0.431248,0.025191
3759,0.431248,0.025191
3762,0.431248,0.025191
3765,0.431248,0.025191
3768,0.431248,0.025191
3771,0.431248,0.025191
3774,0.431248,0.025191
3777,0.431248,0.025191
3780,0.431248,0.025191
3783,0.436383,0.000344129
3786,0.436383,0.000344129
3789,0.436383,0.000344129
3792,0.436383,0.000344129
3795,0.436383,0.000344129
3798,0.436383,0.000344129
3801,0.436383,0.000344129
3804,0.436383,0.000344129
3807,0.436383,0.000344129
3810,0.436383,0.000344129
3813,0.450519,0.0458581
3816,0.450519,0.0458581
3819,0.450519,0.0458581
3822,0.450519,0.0458581
3825,0.450519,0.0458581
3828,0.450519,0.0458581
3831,0.450519,0.0458581
3834,0.450519,0.0458581
3837,0.450519,0.0458581
3840,0.450519,0.0458581
3843,0.467501,0.00400582
3846,0.467501,0.00400582
3849,0.467501,0.00400582
3852,0.467501,0.00400582
3855,0.467501,0.00400582
3858,0.467501,0.00400582
3861,0.467501,0.00400582
3864,0.467501,0.00400582
3867,0.467501,0.00400582
3870,0.467501,0.00400582
3873,0.463789,0.0023393
3876,0.463789,0.0023393
3879,0.463789,0.0023393
3882,0.463789,0.0023393
3885,0.463789,0.0023393
3888,0.463789,0.0023393
3891,0.463789,0.0023393
3894,0.463789,0.0023393
3897,0.463789,0.0023393
3900,0.463789,0.0023393
3903,0.460564,0.00520447
3906,0.460564,0.00520447
3909,0.460564,0.00520447
3912,0.460564,0.00520447
3915,0.460564,0.00520447
3918,0.460564,0.00520447
3921,0.460564,0.00520447
3924,0.460564,0.00520447
3927,0.460564,0.00520447
3930,0.460564,0.00520447
3933,0.461086,0.00881975
3936,0.461086,0.00881975
3939,0.461086,0.00881975
3942,0.461086,0.00881975
3945,0.461086,0.00881975
3948,0.461086,0.00881975
3951,0.461086,0.00881975
3954,0.461086,0.00881975
3957,0.461086,0.00881975
3960,0.461086,0.00881975
3963,0.461055,0.00329822
3966,0.461055,0.00329822
3969,0.461055,0.00329822
3972,0.461055,0.00329822
3975,0.461055,0.00329822
3978,0.461055,0.00329822
3981,0.461055,0.00329822
3984,0.461055,0.00329822
3987,0.461055,0.00329822
3990,0.461055,0.00329822
3993,0.461345,0
3996,0.461345,0
3999,0.461345,0
4002,0.461345,0
4005,0.461345,0
4008,0.461345,0
4011,0.461345,0
4014,0.461345,0
4017,0.461345,0
4020,0.461345,0
4023,0.460719,8.50656e-05
4026,0.460719,8.50656e-05
4029,0.460719,8.50656e-05
4032,0.460719,8.50656e-05
4035,0.460719,8.50656e-05
4038,0.460719,8.50656e-05
4041,0.460719,8.50656e-05
4044,0.460719,8.50656e-05
4047,0.460719,8.50656e-05
4050,0.460719,8.50656e-05
4053,0.459451,0.00193718
4056,0.459451,0.00193718
4059,0.459451,0.00193718
4062,0.459451,0.00193718
4065,0.459451,0.00193718
4068,0.459451,0.00193718
4071,0.459451,0.00193718
4074,0.459451,0.00193718
4077,0.459451,0.00193718
4080,0.459451,0.00193718
4083,0.462409,0.000158531
4086,0.462409,0.000158531
4089,0.462409,0.000158531
4092,0.462409,0.000158531
4095,0.462409,0.000158531
4098,0.462409,0.000158531
4101,0.462409,0.000158531
4104,0.462409,0.000158531
4107,0.462409,0.000158531
4110,0.462409,0.000158531
4113,0.460557,0.0334037
4116,0.460557,0.0334037
4119,0.460557,0.0334037
4122,0.460557,0.0334037
4125,0.460557,0.0334037
4128,0.460557,0.0334037
4131,0.460557,0.0334037
4134,0.460557,0.0334037
4137,0.460557,0.0334037
4140,0.460557,0.0334037
4143,0.464976,0.0830279
4146,0.464976,0.0830279
4149,0.464976,0.0830279
4152,0.464976,0.0830279
4155,0.464976,0.0830279
4158,0.464976,0.0830279
4161,0.464976,0.0830279
4164,0.464976,0.0830279
4167,0.464976,0.0830279
4170,0.464976,0.0830279
4173,0.500004,0.224063
4176,0.500004,0.224063
4179,0.500004,0.224063
4182,0.500004,0.224063
4185,0.500004,0.224063
4188,0.500004,0.224063
4191,0.500004,0.224063
4194,0.500004,0.224063
4197,0.500004,0.224063
4200,0.500004,0.224063
4203,0.498496,0.262845
4206,0.498496,0.262845
4209,0.498496,0.262845
4212,0.498496,0.262845
4215,0.498496,0.262845
4218,0.498496,0.262845
4221,0.498496,0.262845
4224,0.498496,0.262845
4227,0.498496,0.262845
4230,0.498496,0.262845
4233,0.434384,0.523184
4236,0.434384,0.523184
4239,0.434384,0.523184
4242,0.434384,0.523184
4245,0.434384,0.523184
4248,0.434384,0.523184
4251,0.434384,0.523184
4254,0.434384,0.523184
4257,0.434384,0.523184
4260,0.434384,0.523184
4263,0.404193,0.535082
4266,0.404193,0.535082
4269,0.404193,0.535082
4272,0.404193,0.535082
4275,0.404193,0.535082
4278,0.404193,0.535082
4281,0.404193,0.535082
4284,0.404193,0.535082
4287,0.404193,0.535082
4290,0.404193,0.535082
4293,0.415627,0.473649
4296,0.415627,0.473649
4299,0.415627,0.473649
4302,0.415627,0.473649
4305,0.415627,0.473649
4308,0.415627,0.473649
4311,0.415627,0.473649
4314,0.415627,0.473649
4317,0.415627,0.473649
4320,0.415627,0.473649
4323,0.488284,0.565458
4326,0.488284,0.565458
4329,0.488284,0.565458
4332,0.488284,0.565458
4335,0.488284,0.565458
4338,0.488284,0.565458
4341,0.488284,0.565458
4344,0.488284,0.565458
4347,0.488284,0.565458
4350,0.488284,0.565458
4353,0.472249,0.535217
4356,0.472249,0.535217
4359,0.472249,0.535217
4362,0.472249,0.535217
4365,0.472249,0.535217
4368,0.472249,0.535217
4371,0.472249,0.535217
4374,0.472249,0.535217
4377,0.472249,0.535217
4380,0.472249,0.535217
4383,0.44835,0.620236
4386,0.44835,0.620236
4389,0.44835,0.620236
4392,0.44835,0.620236
4395,0.44835,0.620236
4398,0.44835,0.620236
4401,0.44835,0.620236
4404,0.44835,0.620236
4407,0.44835,0.620236
4410,0.44835,0.620236
4413,0.367,0.483474
4416,0.367,0.483474
4419,0.367,0.483474
4422,0.367,0.483474
4425,0.367,0.483474
4428,0.367,0.483474
4431,0.367,0.483474
4434,0.367,0.483474
4437,0.367,0.483474
4440,0.367,0.483474
4443,0.428313,0.553355
4446,0.428313,0.553355
4449,0.428313,0.553355
4452,0.428313,0.553355
4455,0.428313,0.553355
4458,0.428313,0.553355
4461,0.428313,0.553355
4464,0.428313,0.553355
4467,0.428313,0.553355
4470,0.428313,0.553355
4473,0.48272,0.405086
4476,0.48272,0.405086
4479,0.48272,0.405086
4482,0.48272,0.405086
4485,0.48272,0.405086
4488,0.48272,0.405086
4491,0.48272,0.405086
4494,0.48272,0.405086
4497,0.48272,0.405086
4500,0.48272,0.405086
4503,0.42254,0.529599
4506,0.42254,0.529599
4509,0.42254,0.529599
4512,0.42254,0.529599
4515,0.42254,0.529599
4518,0.42254,0.529599
4521,0.42254,0.529599
4524,0.42254,0.529599
4527,0.42254,0.529599
4530,0.42254,0.529599
4533,0.434507,0.391955
4536,0.434507,0.391955
4539,0.434507,0.391955
4542,0.434507,0.391955
4545,0.434507,0.391955
4548,0.434507,0.391955
4551,0.434507,0.391955
4554,0.434507,0.391955
4557,0.434507,0.391955
4560,0.434507,0.391955
4563,0.37113,0.559577
4566,0.37113,0.559577
4569,0.37113,0.559577
4572,0.37113,0.559577
4575,0.37113,0.559577
4578,0.37113,0.559577
4581,0.37113,0.559577
4584,0.37113,0.559577
4587,0.37113,0.559577
4590,0.37113,0.559577
4593,0.391364,0.60136
4596,0.391364,0.60136
4599,0.391364,0.60136
4602,0.391364,0.60136
4605,0.391364,0.60136
4608,0.391364,0.60136
4611,0.391364,0.60136
4614,0.391364,0.60136
4617,0.391364,0.60136
4620,0.391364,0.60136
4623,0.275636,0.515118
4626,0.275636,0.515118
4629,0.275636,0.515118
4632,0.275636,0.515118
4635,0.275636,0.515118
4638,0.275636,0.515118
4641,0.275636,0.515118
4644,0.275636,0.515118
4647,0.275636,0.515118
4650,0.275636,0.515118
4653,0.314774,0.327676
4656,0.314774,0.327676
4659,0.314774,0.327676
4662,0.314774,0.327676
4665,0.314774,0.327676
4668,0.314774,0.327676
4671,0.314774,0.327676
4674,0.314774,0.327676
4677,0.314774,0.327676
4680,0.314774,0.327676
4683,0.214493,0.45193
4686,0.214493,0.45193
4689,0.214493,0.45193
4692,0.214493,0.45193
4695,0.214493,0.45193
4698,0.214493,0.45193
4701,0.214493,0.45193
4704,0.214493,0.45193
4707,0.214493,0.45193
4710,0.214493,0.45193
4713,0.219434,0.356734
4716,0.219434,0.356734
4719,0.219434,0.356734
4722,0.219434,0.356734
4725,0.219434,0.356734
4728,0.219434,0.356734
4731,0.219434,0.356734
4734,0.219434,0.356734
4737,0.219434,0.356734
4740,0.219434,0.356734
4743,0.25793,0.403195
4746,0.25793,0.403195
4749,0.25793,0.403195
4752,0.25793,0.403195
4755,0.25793,0.403195
4758,0.25793,0.403195
4761,0.25793,0.403195
4764,0.25793,0.403195
4767,0.25793,0.403195
4770,0.25793,0.403195
4773,0.110218,0.351557
4776,0.110218,0.351557
4779,0.110218,0.351557
4782,0.110218,0.351557
4785,0.110218,0.351557
4788,0.110218,0.351557
4791,0.110218,0.351557
4794,0.110218,0.351557
4797,0.110218,0.351557
4800,0.110218,0.351557
4803,0.000827456,0.106564
4806,0.000827456,0.106564
4809,0.000827456,0.106564
4812,0.000827456,0.106564
4815,0.000827456,0.106564
4818,0.000827456,0.106564
4821,0.000827456,0.106564
4824,0.000827456,0.106564
4827,0.000827456,0.106564
4830,0.000827456,0.106564
4833,0.00169358,0.000433061
4836,0.00169358,0.000433061
4839,0.00169358,0.000433061
4842,0.00169358,0.000433061
4845,0.00169358,0.000433061
4848,0.00169358,0.000433061
4851,0.00169358,0.000433061
4854,0.00169358,0.000433061
4857,0.00169358,0.000433061
4860,0.00169358,0.000433061
4863,0.00411021,0.00608992
4866,0.00411021,0.00608992
4869,0.00411021,0.00608992
4872,0.00411021,0.00608992
4875,0.00411021,0.00608992
4878,0.00411021,0.00608992
4881,0.00411021,0.00608992
4884,0.00411021,0.00608992
4887,0.00411021,0.00608992
4890,0.00411021,0.00608992
4893,0.00343742,0.00416821
4896,0.00343742,0.00416821
4899,0.00343742,0.00416821
4902,0.00343742,0.00416821
4905,0.00343742,0.00416821
4908,0.00343742,0.00416821
4911,0.00343742,0.00416821
4914,0.00343742,0.00416821
4917,0.00343742,0.00416821
4920,0.00343742,0.00416821
4923,0.0379392,0.0368295
4926,0.0379392,0.0368295
4929,0.0379392,0.0368295
4932,0.0379392,0.0368295
4935,0.0379392,0.0368295
4938,0.0379392,0.0368295
4941,0.0379392,0.0368295
4944,0.0379392,0.0368295
4947,0.0379392,0.0368295
4950,0.0379392,0.0368295
4953,0.0985214,0.0559925
4956,0.0985214,0.0559925
4959,0.0985214,0.0559925
4962,0.0985214,0.0559925
4965,0.0985214,0.0559925
4968,0.0985214,0.0559925
4971,0.0985214,0.0559925
4974,0.0985214,0.0559925
4977,0.0985214,0.0559925
4980,0.0985214,0.0559925
4983,0.0761762,0.104097
4986,0.0761762,0.104097
4989,0.0761762,0.104097
4992,0.0761762,0.104097
4995,0.0761762,0.104097
4998,0.0761762,0.104097
5001,0.0761762,0.104097
5004,0.0761762,0.104097
5007,0.0761762,0.104097
5010,0.0761762,0.104097
5013,0.0537614,0.0910202
5016,0.0537614,0.0910202
5019,0.0537614,0.0910202
5022,0.0537614,0.0910202
5025,0.0537614,0.0910202
5028,0.0537614,0.0910202
5031,0.0537614,0.0910202
5034,0.0537614,0.0910202
5037,0.0537614,0.0910202
5040,0.0537614,0.0910202
5043,0.0100725,0.0633971
5046,0.0100725,0.0633971
5049,0.0100725,0.0633971
5052,0.0100725,0.0633971
5055,0.0100725,0.0633971
5058,0.0100725,0.0633971
5061,0.0100725,0.0633971
5064,0.0100725,0.0633971
5067,0.0100725,0.0633971
5070,0.0100725,0.0633971
5073,0.161482,0.125035
5076,0.161482,0.125035
5079,0.161482,0.125035
5082,0.161482,0.125035
5085,0.161482,0.125035
5088,0.161482,0.125035
5091,0.161482,0.125035
5094,0.161482,0.125035
5097,0.161482,0.125035
5100,0.161482,0.125035
5103,0.156064,0.181306
5106,0.156064,0.181306
5109,0.156064,0.181306
5112,0.156064,0.181306
5115,0.156064,0.181306
5118,0.156064,0.181306
5121,0.156064,0.181306
5124,0.156064,0.181306
5127,0.156064,0.181306
5130,0.156064,0.181306
5133,0.00109039,0.0812222
5136,0.00109039,0.0812222
5139,0.00109039,0.0812222
5142,0.00109039,0.0812222
5145,0.00109039,0.0812222
5148,0.00109039,0.0812222
5151,0.00109039,0.0812222
5154,0.00109039,0.0812222
5157,0.00109039,0.0812222
5160,0.00109039,0.0812222
5163,0.00228904,0
5166,0.00228904,0
5169,0.00228904,0
5172,0.00228904,0
5175,0.00228904,0
5178,0.00228904,0
5181,0.00228904,0
5184,0.00228904,0
5187,0.00228904,0
5190,0.00228904,0
5193,0.000955054,0
5196,0.000955054,0
5199,0.000955054,0
5202,0.000955054,0
5205,0.000955054,0
5208,0.000955054,0
5211,0.000955054,0
5214,0.000955054,0
5217,0.000955054,0
5220,0.000955054,0
5223,0.00131852,0
5226,0.00131852,0
5229,0.00131852,0
5232,0.00131852,0
5235,0.00131852,0
5238,0.00131852,0
5241,0.00131852,0
5244,0.00131852,0
5247,0.00131852,0
5250,0.00131852,0
5253,0.000819723,0
5256,0.000819723,0
5259,0.000819723,0
5262,0.000819723,0
5265,0.000819723,0
5268,0.000819723,0
5271,0.000819723,0
5274,0.000819723,0
5277,0.000819723,0
5280,0.000819723,0
5283,0.0559654,0.01832
5286,0.0559654,0.01832
5289,0.0559654,0.01832
5292,0.0559654,0.01832
5295,0.0559654,0.01832
5298,0.0559654,0.01832
5301,0.0559654,0.01832
5304,0.0559654,0.01832
5307,0.0559654,0.01832
5310,0.0559654,0.01832
5313,0.123368,0.120318
5316,0.123368,0.120318
5319,0.123368,0.120318
5322,0.123368,0.120318
5325,0.123368,0.120318
5328,0.123368,0.120318
5331,0.123368,0.120318
5334,0.123368,0.120318
5337,0.123368,0.120318
5340,0.123368,0.120318
5343,0.156521,0.183626
5346,0.156521,0.183626
5349,0.156521,0.183626
5352,0.156521,0.183626
5355,0.156521,0.183626
5358,0.156521,0.183626
5361,0.156521,0.183626
5364,0.156521,0.183626
5367,0.156521,0.183626
5370,0.156521,0.183626
5373,0.211891,0.160902
5376,0.211891,0.160902
5379,0.211891,0.160902
5382,0.211891,0.160902
5385,0.211891,0.160902
5388,0.211891,0.160902
5391,0.211891,0.160902
5394,0.211891,0.160902
5397,0.211891,0.160902
5400,0.211891,0.160902
5403,0.24403,0.168623
5406,0.24403,0.168623
5409,0.24403,0.168623
5412,0.24403,0.168623
5415,0.24403,0.168623
5418,0.24403,0.168623
5421,0.24403,0.168623
5424,0.24403,0.168623
5427,0.24403,0.168623
5430,0.24403,0.168623
5433,0.305602,0.243384
5436,0.305602,0.243384
5439,0.305602,0.243384
5442,0.305602,0.243384
5445,0.305602,0.243384
5448,0.305602,0.243384
5451,0.305602,0.243384
5454,0.305602,0.243384
5457,0.305602,0.243384
5460,0.305602,0.243384
5463,0.350261,0.189955
5466,0.350261,0.189955
5469,0.350261,0.189955
5472,0.350261,0.189955
5475,0.350261,0.189955
5478,0.350261,0.189955
5481,0.350261,0.189955
5484,0.350261,0.189955
5487,0.350261,0.189955
5490,0.350261,0.189955
5493,0.350772,0.140923
5496,0.350772,0.140923
5499,0.350772,0.140923
5502,0.350772,0.140923
5505,0.350772,0.140923
5508,0.350772,0.140923
5511,0.350772,0.140923
5514,0.350772,0.140923
5517,0.350772,0.140923
5520,0.350772,0.140923
5523,0.383,0.111165
5526,0.383,0.111165
5529,0.383,0.111165
5532,0.383,0.111165
5535,0.383,0.111165
5538,0.383,0.111165
5541,0.383,0.111165
5544,0.383,0.111165
5547,0.383,0.111165
5550,0.383,0.111165
5553,0.426082,0.169308
5556,0.426082,0.169308
5559,0.426082,0.169308
5562,0.426082,0.169308
5565,0.426082,0.169308
5568,0.426082,0.169308
5571,0.426082,0.169308
5574,0.426082,0.169308
5577,0.426082,0.169308
5580,0.426082,0.169308
5583,0.503109,0.0902546
5586,0.503109,0.0902546
5589,0.503109,0.0902546
5592,0.503109,0.0902546
5595,0.503109,0.0902546
5598,0.503109,0.0902546
5601,0.503109,0.0902546
5604,0.503109,0.0902546
5607,0.503109,0.0902546
5610,0.503109,0.0902546
5613,0.50568,0.166748
5616,0.50568,0.166748
5619,0.50568,0.166748
5622,0.50568,0.166748
5625,0.50568,0.166748
5628,0.50568,0.166748
5631,0.50568,0.166748
5634,0.50568,0.166748
5637,0.50568,0.166748
5640,0.50568,0.166748
5643,0.523961,0.0472926
5646,0.523961,0.0472926
5649,0.523961,0.0472926
5652,0.523961,0.0472926
5655,0.523961,0.0472926
5658,0.523961,0.0472926
5661,0.523961,0.0472926
5664,0.523961,0.0472926
5667,0.523961,0.0472926
5670,0.523961,0.0472926
5673,0.528269,0.066819
5676,0.528269,0.066819
5679,0.528269,0.066819
5682,0.528269,0.066819
5685,0.528269,0.066819
5688,0.528269,0.066819
5691,0.528269,0.066819
5694,0.528269,0.066819
5697,0.528269,0.066819
5700,0.528269,0.066819
5703,0.537576,0.0437276
5706,0.537576,0.0437276
5709,0.537576,0.0437276
5712,0.537576,0.0437276
5715,0.537576,0.0437276
5718,0.537576,0.0437276
5721,0.537576,0.0437276
5724,0.537576,0.0437276
5727,0.537576,0.0437276
5730,0.537576,0.0437276
5733,0.557207,0.00122185
5736,0.557207,0.00122185
5739,0.557207,0.00122185
5742,0.557207,0.00122185
5745,0.557207,0.00122185
5748,0.557207,0.00122185
5751,0.557207,0.00122185
5754,0.557207,0.00122185
5757,0.557207,0.00122185
5760,0.557207,0.00122185
Time(milisec),12790.2
