framenum,queue density,dynamic density
3,0.0646519,0.0501926
6,0.0752444,0.0435407
9,0.0884741,0.0329926
12,0.0923852,0.0643852
15,0.0964,0.0629333
18,0.0991704,0.0510074
21,0.102326,0.0496889
24,0.104089,0.0301037
27,0.109244,0.00792593
30,0.113215,0.0291259
33,0.115067,0.0802815
36,0.116356,0.119896
39,0.118607,0.11957
42,0.11963,0.0977333
45,0.12077,0.0374815
48,0.121244,0.0437778
51,0.121259,0.0543407
54,0.122859,0.0291852
57,0.124993,0.029437
60,0.125615,0.0525778
63,0.125941,0.0244593
66,0.127319,0.0515704
69,0.129037,0.0219111
72,0.130104,0.0439556
75,0.132222,0.000903704
78,0.132133,0.0226519
81,0.137911,0
84,0.142341,0.0310963
87,0.154356,0.0266074
90,0.167585,0.0517185
93,0.17403,0.0755704
96,0.170385,0.0700296
99,0.174533,0.0424
102,0.175763,0.0610519
105,0.176756,0.0491111
108,0.179185,0.0297037
111,0.188207,0.0536741
114,0.197733,0.0796296
117,0.205378,0.103215
120,0.207407,0.122563
123,0.210133,0.126015
126,0.210785,0.064963
129,0.213748,0.0622222
132,0.21677,0.0408889
135,0.219111,0.036563
138,0.22077,0.0706667
141,0.221941,0.0549037
144,0.221926,0.0507111
147,0.220237,0.0225185
150,0.22117,0.0180593
153,0.220104,0.017837
156,0.217452,0
159,0.213689,0
162,0.211926,0.0186963
165,0.209022,0
168,0.207126,0.0164
171,0.204326,0
174,0.201807,0.0191852
177,0.20003,0
180,0.198415,0
183,0.197541,0
186,0.196548,0
189,0.195467,0.0134815
192,0.195378,0.017763
195,0.194,0.0112741
198,0.194281,0.0155704
201,0.194889,0.0108444
204,0.195467,0
207,0.194933,0
210,0.195274,0
213,0.195126,0.0137926
216,0.195126,0.00623704
219,0.195363,0.00943704
222,0.194844,0
225,0.194593,0
228,0.195333,0.00586667
231,0.195496,0
234,0.196785,0
237,0.195659,2.96296e-05
240,0.192474,0
243,0.193674,0.0135111
246,0.193941,0.00942222
249,0.193778,0.0199407
252,0.193141,0.0172741
255,0.193156,0.0104593
258,0.193778,0.0106222
261,0.194237,0
264,0.19397,0.011363
267,0.19403,0
270,0.192652,0.0204148
273,0.192519,0.0179852
276,0.192948,0.012
279,0.193244,0.00257778
282,0.195452,0.00791111
285,0.198548,0.0258815
288,0.1984,0.0275259
291,0.194711,0.0314667
294,0.192015,0
297,0.190652,0.0046963
300,0.190015,0
303,0.190059,0.0140741
306,0.190711,0.00755556
309,0.192222,0.0125333
312,0.193852,0.0130667
315,0.195689,0
318,0.195289,0.012
321,0.194741,0
324,0.194474,0.0096
327,0.194459,0.0198815
330,0.194874,0
333,0.194459,0
336,0.194681,0.0172148
339,0.194711,0
342,0.196296,0.0136444
345,0.196622,0.0258222
348,0.198756,0.0389333
351,0.197274,0.0443556
354,0.195867,0.0474667
357,0.196,0.0388148
360,0.196119,0.0311852
363,0.196015,0.0315407
366,0.195852,0.0314074
369,0.196267,0.0305333
372,0.197319,0.0286074
375,0.197556,0.0421778
378,0.197052,0.0257185
381,0.196415,0.0120444
384,0.197719,0
387,0.202415,0.00628148
390,0.2052,0.014237
393,0.20637,0
396,0.208089,0
399,0.209007,0.00663704
402,0.210444,0
405,0.211081,0.0410074
408,0.213556,0.0547111
411,0.220593,0.0689037
414,0.229037,0.101896
417,0.234607,0.106044
420,0.2388,0.11963
423,0.246119,0.160341
426,0.255793,0.179778
429,0.263185,0.158607
432,0.270104,0.157067
435,0.277659,0.138133
438,0.281585,0.166015
441,0.2844,0.169289
444,0.289822,0.158252
447,0.293363,0.13523
450,0.301719,0.135985
453,0.309437,0.097763
456,0.312696,0.0397481
459,0.314741,0
462,0.316681,0.0152444
465,0.320815,0.0167852
468,0.320281,0.0167111
471,0.319704,0.0127407
474,0.320533,0
477,0.323807,0
480,0.326044,0
483,0.326341,0
486,0.327052,0
489,0.327956,0
492,0.329422,0
495,0.325763,0
498,0.327511,0
501,0.333644,0.0129778
504,0.345067,0.0102815
507,0.355185,0.00419259
510,0.365896,0.0216889
513,0.370222,0.0277037
516,0.372696,0.0717185
519,0.376504,0.0729037
522,0.383393,0.0752741
525,0.386948,0.0849926
528,0.389467,0.0806074
531,0.390933,0.0897185
534,0.394533,0.0807852
537,0.397363,0.0779111
540,0.398993,0.0720593
543,0.400533,0.0484741
546,0.401081,0.0312741
549,0.402993,0.0190815
552,0.402874,0
555,0.401126,0
558,0.399689,0.0142963
561,0.396059,0.0181185
564,0.394578,0.0156444
567,0.393941,0
570,0.389067,0
573,0.393956,0.017763
576,0.400696,0.0165037
579,0.407319,0.021837
582,0.41397,0.0400444
585,0.419393,0.0209185
588,0.423496,0.0394815
591,0.428207,0.022237
594,0.429378,0.000148148
597,0.430904,0.000503704
600,0.435837,0
603,0.440356,0
606,0.444074,0.00967407
609,0.450519,0.00994074
612,0.456607,0
615,0.462711,0.0110963
618,0.46637,0.0123259
621,0.4732,0
624,0.478978,0
627,0.48443,0
630,0.488741,0.0194667
633,0.491274,0
636,0.493304,0.0127556
639,0.493985,0
642,0.493378,0.0226963
645,0.494859,0.0102222
648,0.497526,0.00801481
651,0.503126,0
654,0.50757,0
657,0.510726,0.011363
660,0.513881,0
663,0.519052,0
666,0.522711,0.018637
669,0.526415,0
672,0.524844,0.00954074
675,0.526148,0
678,0.529333,0
681,0.53077,0.00641481
684,0.53163,0
687,0.532548,0
690,0.533437,0.0267407
693,0.535733,0
696,0.532163,0.0124593
699,0.535067,0
702,0.535748,0.0220296
705,0.536681,0
708,0.536874,0.0131407
711,0.537807,0
714,0.539111,0.0205037
717,0.539526,0
720,0.531896,0.0112593
723,0.533511,0
726,0.533333,0.0102519
729,0.533126,0
732,0.53243,0.0108
735,0.531274,0
738,0.528815,0
741,0.527526,0
744,0.527585,0.0115704
747,0.523333,0
750,0.523689,0.0163259
753,0.523141,0
756,0.522652,0
759,0.522889,0
762,0.522681,0.0107111
765,0.521496,0
768,0.519215,0
771,0.511304,0
774,0.511807,0
777,0.512815,0
780,0.514267,0
783,0.514459,0.0133037
786,0.514519,0
789,0.516548,0
792,0.520059,0.0159556
795,0.524756,0
798,0.530726,0
801,0.53443,0
804,0.537852,0.0135407
807,0.539259,0
810,0.541215,0.0237037
813,0.545096,0
816,0.5492,0
819,0.551363,0
822,0.557659,0
825,0.559719,0
828,0.561896,0
831,0.563067,0.0120593
834,0.562163,0.0189037
837,0.561585,0
840,0.561319,0.0170074
843,0.5616,0
846,0.560311,0.0215111
849,0.561333,0
852,0.561156,0.0119704
855,0.561452,0
858,0.561422,0.0121926
861,0.562193,0
864,0.562519,0
867,0.563126,0
870,0.5608,0
873,0.56283,0
876,0.563615,0
879,0.564622,0.0113333
882,0.562815,0.0207852
885,0.561852,0
888,0.561896,0
891,0.562296,0
894,0.563822,0
897,0.564978,0
900,0.565793,0.0163704
903,0.565215,0
906,0.560489,0.0196593
909,0.562296,0.0166519
912,0.562459,0.015437
915,0.560133,0.0133037
918,0.556207,0
921,0.554444,0
924,0.553659,0
927,0.553511,0
930,0.551007,0.0146963
933,0.551333,0
936,0.553748,0
939,0.55637,0
942,0.559778,0.0239111
945,0.560356,0
948,0.559941,0
951,0.559585,0
954,0.558948,0.0113778
957,0.557304,0
960,0.557852,0.0165333
963,0.559422,0.0187704
966,0.5592,0
969,0.560015,0
972,0.561304,0.0226667
975,0.563333,0
978,0.564652,0.0115111
981,0.563274,0
984,0.564356,0.0127259
987,0.563704,0
990,0.563259,0.0205926
993,0.56317,0
996,0.564326,0
999,0.561822,0
1002,0.559363,0.010163
1005,0.555778,5.92593e-05
1008,0.556578,0
1011,0.557896,0.0026963
1014,0.558296,0
1017,0.556444,0
1020,0.556178,0.00785185
1023,0.55637,0
1026,0.556074,0
1029,0.555748,0
1032,0.55603,0
1035,0.556341,0
1038,0.555037,0
1041,0.555956,0
1044,0.55757,0
1047,0.557852,0
1050,0.557259,0
1053,0.557644,0
1056,0.557585,0
1059,0.556859,0
1062,0.552148,0
1065,0.552341,0
1068,0.552237,0
1071,0.552756,0
1074,0.553259,0
1077,0.554504,0
1080,0.554281,0
1083,0.554993,0
1086,0.552148,0
1089,0.554222,0
1092,0.554296,0
1095,0.556474,0
1098,0.557407,0
1101,0.557037,0
1104,0.557807,1.48148e-05
1107,0.557081,0
1110,0.557452,0.0136741
1113,0.554326,0
1116,0.555185,0
1119,0.554089,0
1122,0.554859,0
1125,0.554267,0
1128,0.557674,0.00140741
1131,0.558267,0.000562963
1134,0.557852,0.00251852
1137,0.557052,0.00539259
1140,0.557289,0.0121037
1143,0.556578,0
1146,0.556948,0
1149,0.557393,0.000118519
1152,0.557822,0
1155,0.556237,0.000725926
1158,0.556563,0
1161,0.555541,0
1164,0.558267,0
1167,0.557615,0
1170,0.554637,0
1173,0.555422,5.92593e-05
1176,0.55437,0
1179,0.553289,0
1182,0.551348,0
1185,0.552785,0
1188,0.550519,0
1191,0.549763,0
1194,0.550341,0
1197,0.551052,0
1200,0.550696,0
1203,0.550015,0
1206,0.550385,0.000118519
1209,0.55123,0
1212,0.548859,0
1215,0.549052,0
1218,0.549319,0
1221,0.550385,0
1224,0.550489,1.48148e-05
1227,0.550237,0
1230,0.552133,0.00739259
1233,0.551689,0
1236,0.551867,0
1239,0.552,0
1242,0.554311,0
1245,0.554059,0
1248,0.552933,0
1251,0.553156,0
1254,0.552044,0
1257,0.552059,0
1260,0.551393,0
1263,0.550385,0
1266,0.550326,0
1269,0.551126,4.44444e-05
1272,0.552163,0
1275,0.551778,0
1278,0.552844,0
1281,0.553141,0
1284,0.552281,0
1287,0.550178,0
1290,0.552667,0
1293,0.553096,0
1296,0.553526,0
1299,0.555467,0
1302,0.555037,0.000266667
1305,0.554444,0
1308,0.554059,0
1311,0.551244,0
1314,0.550519,2.96296e-05
1317,0.548919,0
1320,0.549689,0.00914074
1323,0.549778,0
1326,0.54917,0
1329,0.548222,0
1332,0.548859,0
1335,0.548578,0
1338,0.548726,0
1341,0.549274,0
1344,0.550385,0
1347,0.551867,0
1350,0.552504,0.0117481
1353,0.55443,0.00925926
1356,0.556578,0
1359,0.557674,0.00511111
1362,0.557037,0.0105037
1365,0.557926,0
1368,0.555985,0.00765926
1371,0.556089,0
1374,0.554726,0.0130667
1377,0.552844,0
1380,0.551407,0
1383,0.55,0
1386,0.544563,0
1389,0.545793,0
1392,0.546474,0
1395,0.546281,0
1398,0.544948,0
1401,0.545111,0
1404,0.544474,0
1407,0.543793,0
1410,0.543304,0.00792593
1413,0.536978,0
1416,0.538252,0
1419,0.539081,0.0122963
1422,0.540622,0.0117333
1425,0.542667,0
1428,0.544578,0
1431,0.54877,0.0138963
1434,0.552281,0.00976296
1437,0.550978,0.0144593
1440,0.555378,0
1443,0.559896,0
1446,0.561807,0
1449,0.563837,0
1452,0.565022,0.000103704
1455,0.56603,0
1458,0.567007,0
1461,0.564578,0.000148148
1464,0.565274,0.00161481
1467,0.565022,0.000755556
1470,0.562919,0.000711111
1473,0.561748,0.0104148
1476,0.561689,0.0258815
1479,0.553896,0.047037
1482,0.5512,0.0582667
1485,0.545926,0.0501185
1488,0.535556,0.0458074
1491,0.528667,0.0620444
1494,0.51963,0.0679852
1497,0.515526,0.0876889
1500,0.507067,0.114356
1503,0.502548,0.100356
1506,0.497304,0.0583259
1509,0.492044,0.064563
1512,0.476385,0.0345185
1515,0.471719,0.0917037
1518,0.462267,0.0930667
1521,0.456267,0.130163
1524,0.450933,0.13603
1527,0.446696,0.130548
1530,0.448089,0.165259
1533,0.44597,0.187644
1536,0.441096,0.171941
1539,0.441037,0.18523
1542,0.440207,0.235215
1545,0.439185,0.230148
1548,0.441867,0.316
1551,0.438667,0.374667
1554,0.437748,0.344993
1557,0.440311,0.365007
1560,0.444222,0.422622
1563,0.4496,0.454252
1566,0.454904,0.442889
1569,0.458015,0.462044
1572,0.457674,0.51083
1575,0.459407,0.585793
1578,0.463941,0.613837
1581,0.4708,0.593304
1584,0.473541,0.604104
1587,0.473496,0.642252
1590,0.471985,0.652415
1593,0.469956,0.656104
1596,0.473481,0.675052
1599,0.480474,0.698963
1602,0.495126,0.673437
1605,0.503526,0.684015
1608,0.5084,0.706785
1611,0.496607,0.702622
1614,0.494889,0.681541
1617,0.484178,0.688533
1620,0.468933,0.657244
1623,0.461689,0.631215
1626,0.458444,0.582207
1629,0.453244,0.576993
1632,0.452207,0.558637
1635,0.450281,0.490578
1638,0.446933,0.376756
1641,0.439689,0.416237
1644,0.43437,0.437763
1647,0.428533,0.565926
1650,0.424563,0.547481
1653,0.421956,0.524622
1656,0.419556,0.502
1659,0.417067,0.551852
1662,0.411037,0.558681
1665,0.409111,0.546874
1668,0.410741,0.53843
1671,0.409719,0.566163
1674,0.410148,0.604326
1677,0.410593,0.609985
1680,0.414207,0.58923
1683,0.416948,0.548296
1686,0.413807,0.546119
1689,0.424681,0.471763
1692,0.435704,0.517215
1695,0.446919,0.433659
1698,0.458074,0.480178
1701,0.465852,0.461081
1704,0.47317,0.468193
1707,0.474119,0.433674
1710,0.459215,0.486667
1713,0.451733,0.507422
1716,0.450578,0.506637
1719,0.441526,0.47997
1722,0.434548,0.520637
1725,0.431259,0.489126
1728,0.426593,0.493156
1731,0.412311,0.482519
1734,0.403363,0.521496
1737,0.405259,0.465748
1740,0.400385,0.488207
1743,0.394874,0.412785
1746,0.38477,0.474104
1749,0.372933,0.497007
1752,0.369289,0.548207
1755,0.367896,0.525822
1758,0.361289,0.526119
1761,0.349719,0.497748
1764,0.341733,0.471926
1767,0.340178,0.501333
1770,0.34323,0.521244
1773,0.346444,0.512489
1776,0.33963,0.533496
1779,0.330756,0.479007
1782,0.324652,0.492519
1785,0.320133,0.497911
1788,0.310459,0.499659
1791,0.305052,0.435719
1794,0.288652,0.434504
1797,0.275126,0.454711
1800,0.272637,0.449274
1803,0.267274,0.452044
1806,0.261378,0.429393
1809,0.257867,0.449319
1812,0.237496,0.407496
1815,0.229185,0.414667
1818,0.2224,0.383096
1821,0.222207,0.382415
1824,0.22197,0.37963
1827,0.223585,0.352326
1830,0.230993,0.35243
1833,0.22723,0.417215
1836,0.222948,0.401289
1839,0.220607,0.434415
1842,0.211704,0.406267
1845,0.203333,0.371215
1848,0.192489,0.291304
1851,0.170281,0.265911
1854,0.147659,0.222504
1857,0.142652,0.210119
1860,0.142904,0.202607
1863,0.138993,0.221378
1866,0.134504,0.221496
1869,0.152104,0.22917
1872,0.171541,0.286193
1875,0.175467,0.280533
1878,0.187126,0.322919
1881,0.206341,0.334622
1884,0.22557,0.300756
1887,0.24643,0.278533
1890,0.271037,0.284578
1893,0.292133,0.23883
1896,0.307467,0.174681
1899,0.324963,0.199911
1902,0.353274,0.166015
1905,0.375615,0.188311
1908,0.388222,0.186237
1911,0.373363,0.330948
1914,0.350563,0.36237
1917,0.328519,0.288474
1920,0.313985,0.234444
1923,0.303393,0.192207
1926,0.28843,0.2308
1929,0.268652,0.194459
1932,0.246696,0.223852
1935,0.228741,0.22323
1938,0.215585,0.238933
1941,0.205289,0.227793
1944,0.197304,0.257556
1947,0.186015,0.256415
1950,0.173807,0.226119
1953,0.150622,0.197333
1956,0.122059,0.157719
1959,0.097363,0.111644
1962,0.0704148,0.100311
1965,0.0489185,0.0318963
1968,0.0311259,0.0168148
1971,0.0129481,0.0151852
1974,0.00355556,0.0111407
1977,0.00235556,0.0042963
1980,0.00268148,0
1983,0.00262222,0
1986,0.00435556,0
1989,0.0045037,0
1992,0.00405926,0
1995,0.00385185,1.48148e-05
1998,0.00333333,0
2001,0.00722963,0.000251852
2004,0.0341778,0.0148593
2007,0.0684444,0.0439852
2010,0.10597,0.0406074
2013,0.149541,0.0463259
2016,0.189926,0.0659556
2019,0.233081,0.0834074
2022,0.266844,0.112844
2025,0.298637,0.0759407
2028,0.31997,0.0968
2031,0.331081,0.0393037
2034,0.312652,0.0361333
2037,0.290311,0.104415
2040,0.266163,0.0605333
2043,0.242756,0.0197037
2046,0.216504,0.023037
2049,0.193363,0.0304
2052,0.171793,0.042637
2055,0.152919,0.0325926
2058,0.140207,0.0320148
2061,0.131585,0.0945778
2064,0.105926,0.128252
2067,0.0836889,0.0873926
2070,0.0604296,0.0402519
2073,0.0394815,0.0136148
2076,0.0224,0.00691852
2079,0.0111111,0.0101926
2082,0.00797037,0.00405926
2085,0.00768889,0
2088,0.00866667,0
2091,0.00823704,0
2094,0.00820741,0
2097,0.00973333,0
2100,0.00955556,0
2103,0.0150815,0.0117333
2106,0.0228,0.0327407
2109,0.0300593,0.0398074
2112,0.0407407,0.0581185
2115,0.0506222,0.113437
2118,0.060963,0.127378
2121,0.0760296,0.18043
2124,0.102119,0.215704
2127,0.127081,0.253748
2130,0.143126,0.297363
2133,0.156341,0.286563
2136,0.168593,0.2536
2139,0.176356,0.289644
2142,0.184474,0.310059
2145,0.190281,0.29363
2148,0.193037,0.299793
2151,0.195748,0.280044
2154,0.202489,0.286993
2157,0.220474,0.298489
2160,0.226015,0.330074
2163,0.222281,0.26677
2166,0.219852,0.223259
2169,0.214919,0.26283
2172,0.203378,0.2244
2175,0.183526,0.213719
2178,0.164015,0.155467
2181,0.145022,0.140133
2184,0.124593,0.111422
2187,0.104311,0.0849185
2190,0.0836444,0.0551852
2193,0.0618074,0.00896296
2196,0.0456741,0.00197037
2199,0.033037,0.0607111
2202,0.0249185,0.0392296
2205,0.0174519,0.0152296
2208,0.0111556,0.0225333
2211,0.00745185,0.0112148
2214,0.00551111,0.00148148
2217,0.00522963,0
2220,0.00503704,0
2223,0.00496296,2.96296e-05
2226,0.00500741,0.000355556
2229,0.00551111,0.00077037
2232,0.00537778,0
2235,0.00552593,0
2238,0.00607407,0
2241,0.00675556,0
2244,0.00597037,0
2247,0.00682963,0
2250,0.0070963,0.00220741
2253,0.00884444,0
2256,0.00899259,0
2259,0.0104,0
2262,0.0106074,0.0103407
2265,0.0111407,0
2268,0.0236593,0.0114222
2271,0.0409333,0.0269333
2274,0.0548889,0.0654815
2277,0.0604296,0.0356148
2280,0.0637926,0.0573778
2283,0.0663852,0.00798519
2286,0.0704148,0.0312
2289,0.0700148,0.0593778
2292,0.0709778,0.0618519
2295,0.0717481,0.0746815
2298,0.0745185,0.0359259
2301,0.0814222,0.0745037
2304,0.0824593,0.0796444
2307,0.0816889,0.086963
2310,0.0754074,0.049037
2313,0.0684889,0.0368889
2316,0.0613481,2.96296e-05
2319,0.0576148,0.000103704
2322,0.0523111,0.000844444
2325,0.0458074,0.00158519
2328,0.039763,0.0171111
2331,0.0392148,0.0268741
2334,0.0339556,0.0192
2337,0.0309778,0.0275259
2340,0.0268296,0.0165333
2343,0.0233481,0.0201185
2346,0.0200593,0.0138074
2349,0.0162519,0.00552593
2352,0.0149778,0.0137185
2355,0.0108593,0.0123111
2358,0.00894815,0.0142222
2361,0.0111704,0.0138222
2364,0.0118519,0
2367,0.0122815,0.00405926
2370,0.0122667,0.019037
2373,0.0128296,0.0236148
2376,0.0128296,0.00588148
2379,0.0142963,0.00407407
2382,0.0131704,0.0141481
2385,0.0242963,0.0105926
2388,0.0477185,0.0370963
2391,0.0529926,0.0789926
2394,0.0550815,0.0206074
2397,0.0576889,0.0737185
2400,0.0599704,0.0199407
2403,0.0615852,0.0594815
2406,0.0634519,0.0791111
2409,0.067763,0.0653037
2412,0.0701185,0.0566074
2415,0.0592296,0.0417481
2418,0.0495111,0.0627407
2421,0.0356889,0.0416593
2424,0.0209185,0.0763407
2427,0.00964444,0.0267704
2430,0.00134815,0.0166222
2433,0.00724444,0.00274074
2436,0.0335111,0.0369481
2439,0.0413037,0.0152889
2442,0.0463852,0.0562667
2445,0.050163,0.0356296
2448,0.0528148,0.095763
2451,0.0551704,0.0998519
2454,0.0575111,0.0400296
2457,0.0602519,0.0237778
2460,0.0624741,0.0212148
2463,0.0604593,0.00115556
2466,0.0487407,0.00133333
2469,0.0361185,0.0189926
2472,0.0247407,0.000325926
2475,0.0149037,0.000385185
2478,0.0146519,0.0125185
2481,0.0140444,0.0241037
2484,0.0160741,0.00137778
2487,0.0175704,0.012237
2490,0.0187111,0.0112593
2493,0.0199556,0.00208889
2496,0.0206815,0.000192593
2499,0.0227111,2.96296e-05
2502,0.0235111,0.00336296
2505,0.0251556,0.00579259
2508,0.0264889,0.0146667
2511,0.0389037,0.00457778
2514,0.0549778,0.0230074
2517,0.0564741,0.0582667
2520,0.0567556,0.0928741
2523,0.0608148,0.0726667
2526,0.0631556,0.0690815
2529,0.0665926,0.0675852
2532,0.0686815,0.0663259
2535,0.0703852,0.0994667
2538,0.0715852,0.107244
2541,0.0725481,0.121556
2544,0.0772889,0.0996593
2547,0.0788,0.119659
2550,0.0740741,0.117259
2553,0.0651556,0.103244
2556,0.0546963,0.120622
2559,0.0405185,0.0530667
2562,0.0278074,0.0565926
2565,0.0157778,0.0435407
2568,0.00684444,0.0206963
2571,0.00592593,0.00146667
2574,0.00616296,0.00082963
2577,0.00617778,0
2580,0.00666667,0
2583,0.00659259,0
2586,0.00688889,0
2589,0.00647407,0
2592,0.00616296,0
2595,0.00693333,0
2598,0.00665185,0
2601,0.00674074,0
2604,0.00657778,0
2607,0.00691852,0
2610,0.00671111,0
2613,0.00725926,0
2616,0.00731852,0
2619,0.00675556,0
2622,0.00677037,0
2625,0.0105926,0
2628,0.0283407,0.0181778
2631,0.0390667,0.0574222
2634,0.0434222,0.0247407
2637,0.0495704,0.0611556
2640,0.0683259,0.104637
2643,0.0912889,0.127126
2646,0.113244,0.107319
2649,0.134578,0.103822
2652,0.143585,0.0649926
2655,0.148844,0.146326
2658,0.156015,0.185719
2661,0.162993,0.173452
2664,0.159496,0.130163
2667,0.151778,0.229393
2670,0.146133,0.256
2673,0.140148,0.278607
2676,0.138133,0.2924
2679,0.134622,0.2932
2682,0.127422,0.264489
2685,0.126696,0.237496
2688,0.125022,0.243659
2691,0.110548,0.196089
2694,0.0970222,0.18483
2697,0.0795407,0.17717
2700,0.0637778,0.134222
2703,0.0513926,0.109896
2706,0.041837,0.0987111
2709,0.0389778,0.0880148
2712,0.0386074,0.0625926
2715,0.0393037,0
2718,0.0392444,0
2721,0.0401481,0
2724,0.0402667,0
2727,0.0415407,0
2730,0.0516296,0.00811852
2733,0.0633185,0.0216593
2736,0.0752444,0.0420296
2739,0.0788148,0.0605778
2742,0.0822074,0.0357926
2745,0.0848,0.0292444
2748,0.0894519,0.0339407
2751,0.0925333,0.0302074
2754,0.0937778,0.0292593
2757,0.0968444,0.0580889
2760,0.0985778,0.116874
2763,0.100326,0.114652
2766,0.10163,0.110326
2769,0.10323,0.0893481
2772,0.105215,0.086163
2775,0.108207,0.0704444
2778,0.11037,0.0526667
2781,0.112667,0.0509481
2784,0.112741,0.00711111
2787,0.112104,0.000177778
2790,0.112844,0
2793,0.114963,0
2796,0.114459,0
2799,0.1144,4.44444e-05
2802,0.115081,0
2805,0.116504,0
2808,0.117511,0
2811,0.1152,0
2814,0.116252,0
2817,0.116474,0
2820,0.1168,0
2823,0.119111,0
2826,0.119096,0
2829,0.119733,0
2832,0.121452,0
2835,0.122874,0
2838,0.12203,0
2841,0.121081,0
2844,0.119526,0
2847,0.120815,0
2850,0.120385,0
2853,0.121304,0
2856,0.120504,0
2859,0.120756,0
2862,0.118519,0
2865,0.119215,0
2868,0.12,0
2871,0.121111,0
2874,0.122341,0
2877,0.122119,0
2880,0.122593,0.00752593
2883,0.125215,0.0102963
2886,0.125481,0.000192593
2889,0.128044,0.0277185
2892,0.129822,0.0365037
2895,0.127793,0.0284593
2898,0.126933,0.025363
2901,0.126607,0.0213037
2904,0.125215,0.0316
2907,0.12477,0.0319407
2910,0.126193,0.0300296
2913,0.124889,0.028563
2916,0.124859,0.0240296
2919,0.1232,0.00804444
2922,0.123022,0
2925,0.124622,0
2928,0.123867,0.002
2931,0.127733,0
2934,0.130207,0.00118519
2937,0.1284,0.0084
2940,0.128681,0
2943,0.132044,0
2946,0.138756,0
2949,0.147556,0.0225926
2952,0.155007,0.0359852
2955,0.158859,0.0549481
2958,0.165689,0.0629333
2961,0.168222,0.0731852
2964,0.176104,0.0866963
2967,0.182519,0.0976741
2970,0.189719,0.103007
2973,0.197719,0.106207
2976,0.202637,0.0833333
2979,0.209689,0.0904148
2982,0.214726,0.0832148
2985,0.222119,0.0838963
2988,0.225304,0.0825333
2991,0.240993,0.0864593
2994,0.259022,0.0836444
2997,0.271259,0.084563
3000,0.284252,0.0740148
3003,0.29003,0.0550519
3006,0.298222,0.0626667
3009,0.306444,0.0619407
3012,0.315289,0.0901185
3015,0.328326,0.0957926
3018,0.33523,0.115556
3021,0.34037,0.0974963
3024,0.348015,0.0965037
3027,0.349793,0.0844148
3030,0.349911,0.065437
3033,0.348652,0.103126
3036,0.341481,0.0969926
3039,0.345615,0.0736444
3042,0.346622,0.0207704
3045,0.346533,0.00171852
3048,0.34557,0
3051,0.347081,0
3054,0.3476,0
3057,0.351244,0
3060,0.362593,0.0096
3063,0.365215,0.00358519
3066,0.373111,0.0232889
3069,0.381911,0.0486667
3072,0.386622,0.0547556
3075,0.388741,0.0707852
3078,0.391348,0.072237
3081,0.392459,0.0738074
3084,0.39677,0.0923704
3087,0.390281,0.0811704
3090,0.394963,0.125259
3093,0.398133,0.0953778
3096,0.401363,0.11603
3099,0.40277,0.0844593
3102,0.403259,0.0114519
3105,0.401378,0.00143704
3108,0.394178,0.00745185
3111,0.384519,0.0008
3114,0.383304,4.44444e-05
3117,0.378948,0
3120,0.376933,0
3123,0.374667,0
3126,0.374148,0
3129,0.376281,0
3132,0.377348,0
3135,0.381467,0
3138,0.376548,0.00188148
3141,0.379511,0.00232593
3144,0.383156,0
3147,0.384963,0
3150,0.386519,0
3153,0.388593,0
3156,0.390756,0
3159,0.392311,0
3162,0.390459,0
3165,0.391185,0
3168,0.390444,0
3171,0.390563,0
3174,0.39157,0
3177,0.391719,0
3180,0.395067,0
3183,0.395941,0
3186,0.397852,0
3189,0.402044,0
3192,0.407911,0
3195,0.413733,0
3198,0.415467,8.88889e-05
3201,0.419689,0
3204,0.422489,0
3207,0.424607,0
3210,0.427793,0
3213,0.424015,0
3216,0.425393,0
3219,0.425704,0
3222,0.425763,0
3225,0.426637,0
3228,0.42797,0
3231,0.429956,0
3234,0.430933,0
3237,0.427244,0
3240,0.429259,0
3243,0.429215,0
3246,0.42837,0
3249,0.428104,0
3252,0.429007,5.92593e-05
3255,0.428563,0.00333333
3258,0.428593,0
3261,0.426711,0.00262222
3264,0.428326,0
3267,0.429689,0.0141185
3270,0.432148,0
3273,0.433807,0
3276,0.435156,0
3279,0.434963,0
3282,0.434919,0
3285,0.435022,0
3288,0.427644,0
3291,0.426933,0.00302222
3294,0.429141,0.00437037
3297,0.428815,0.00761481
3300,0.429333,0
3303,0.428578,0
3306,0.428785,0
3309,0.427481,0
3312,0.418104,0
3315,0.420919,0
3318,0.420533,0
3321,0.41963,0
3324,0.419289,0
3327,0.421941,0
3330,0.421748,0
3333,0.420948,0
3336,0.417719,0
3339,0.420133,0
3342,0.421748,0
3345,0.421867,0
3348,0.421096,0
3351,0.419837,0
3354,0.4188,0
3357,0.420356,0
3360,0.421852,0
3363,0.42,0
3366,0.422311,0
3369,0.424089,0
3372,0.424963,0
3375,0.426089,0
3378,0.426919,0
3381,0.427185,0
3384,0.427437,0
3387,0.423393,0
3390,0.425393,0.00888889
3393,0.424948,0
3396,0.424681,0
3399,0.425378,0
3402,0.426948,0
3405,0.429037,0
3408,0.430237,0
3411,0.42557,0
3414,0.427481,0
3417,0.428622,0
3420,0.429733,0.0101037
3423,0.429526,0
3426,0.429244,0
3429,0.429793,0
3432,0.430237,0
3435,0.431526,0
3438,0.433481,0
3441,0.433852,0
3444,0.434415,0
3447,0.435007,0
3450,0.4352,0.00487407
3453,0.435807,0
3456,0.436311,0
3459,0.435852,0
3462,0.435422,0
3465,0.436815,0
3468,0.437393,0
3471,0.434178,0
3474,0.431556,0
3477,0.430711,0
3480,0.430756,0.0166074
3483,0.431126,0
3486,0.427333,0
3489,0.428756,0
3492,0.429037,0
3495,0.429333,0
3498,0.429896,0
3501,0.430711,0
3504,0.430178,0
3507,0.430133,0
3510,0.42963,0.00746667
3513,0.428993,0
3516,0.430044,0
3519,0.430207,0.00795556
3522,0.429585,0.00973333
3525,0.430044,0
3528,0.430133,0
3531,0.430119,0
3534,0.429926,0
3537,0.424504,0
3540,0.425807,0.0101185
3543,0.425985,0
3546,0.428948,0
3549,0.430341,0
3552,0.432,0
3555,0.43243,0
3558,0.434889,0
3561,0.433215,0
3564,0.433096,0
3567,0.432,0
3570,0.430548,0.0113037
3573,0.432385,0
3576,0.433111,0
3579,0.434089,0.00718519
3582,0.435304,0
3585,0.43643,0
3588,0.436711,0
3591,0.436963,0
3594,0.43557,0
3597,0.430696,0
3600,0.428178,0.0138815
3603,0.428089,0
3606,0.4284,0
3609,0.429452,0.00728889
3612,0.430978,0
3615,0.431733,0
3618,0.433452,0
3621,0.435185,0.0088
3624,0.437141,0
3627,0.435244,0
3630,0.434919,0.0118519
3633,0.435289,0
3636,0.434193,0
3639,0.43277,0
3642,0.43163,0.00677037
3645,0.4284,0
3648,0.42963,0
3651,0.430593,0
3654,0.431822,0
3657,0.43237,0
3660,0.432726,0.0191852
3663,0.432533,0
3666,0.432681,0
3669,0.43157,0.00651852
3672,0.427985,0.0127704
3675,0.425422,0
3678,0.428356,0
3681,0.431719,0
3684,0.43403,0.00968889
3687,0.435585,0
3690,0.435422,0
3693,0.434607,0
3696,0.431644,0
3699,0.430133,0.0103704
3702,0.429422,0
3705,0.430741,0
3708,0.431541,1.48148e-05
3711,0.431659,0.00853333
3714,0.432089,0
3717,0.4332,0
3720,0.431126,0.0132593
3723,0.432622,0.00742222
3726,0.432696,0
3729,0.432874,0.0100148
3732,0.433289,0
3735,0.432489,0
3738,0.433037,0
3741,0.432741,0
3744,0.43203,0
3747,0.429585,0
3750,0.428933,0.0118963
3753,0.428711,0
3756,0.427793,0
3759,0.427748,0
3762,0.42757,0
3765,0.426252,0
3768,0.423689,0
3771,0.419007,0.00942222
3774,0.421793,0
3777,0.423422,0
3780,0.428785,0
3783,0.432844,0
3786,0.437304,0
3789,0.440119,0
3792,0.441867,0
3795,0.437333,0
3798,0.440993,0
3801,0.443748,0
3804,0.445541,0
3807,0.446578,0
3810,0.446548,0.00859259
3813,0.448726,0
3816,0.449422,0
3819,0.451407,0
3822,0.46083,0
3825,0.462237,0
3828,0.464326,0
3831,0.464815,0
3834,0.465244,0
3837,0.46557,0
3840,0.465615,0.00737778
3843,0.465037,0
3846,0.46317,0
3849,0.463867,0
3852,0.464148,0
3855,0.464504,0
3858,0.464859,0
3861,0.464563,0
3864,0.463511,0.00724444
3867,0.462296,0
3870,0.459733,0
3873,0.461733,0
3876,0.461467,0
3879,0.461407,0
3882,0.460933,0
3885,0.463215,0.00128889
3888,0.463185,0
3891,0.462696,0
3894,0.460815,0
3897,0.458133,0
3900,0.454237,0
3903,0.457378,0
3906,0.459837,0
3909,0.461867,0
3912,0.46357,0
3915,0.463985,0
3918,0.463378,0
3921,0.460622,0
3924,0.460474,0
3927,0.461067,0
3930,0.457674,0
3933,0.460267,0
3936,0.461689,0
3939,0.462415,0
3942,0.459541,0
3945,0.460207,0
3948,0.4612,0
3951,0.462104,0
3954,0.462237,0
3957,0.4612,0
3960,0.46077,0
3963,0.459289,0
3966,0.461852,0
3969,0.462815,0
3972,0.45957,0
3975,0.458948,0
3978,0.458163,0
3981,0.456622,0
3984,0.45157,0
3987,0.454859,0
3990,0.458296,0.0104444
3993,0.460222,0
3996,0.457274,0
3999,0.458681,0.011437
4002,0.457541,0
4005,0.458756,0
4008,0.459333,0
4011,0.45843,0
4014,0.458415,0
4017,0.458993,0
4020,0.456563,0.00765926
4023,0.459378,0
4026,0.460311,0
4029,0.461985,0.00785185
4032,0.460267,0
4035,0.460978,0
4038,0.46043,0
4041,0.459674,0
4044,0.460281,0.0103852
4047,0.458548,0
4050,0.458207,0
4053,0.458637,0
4056,0.458593,0
4059,0.458844,0
4062,0.459215,0
4065,0.458193,0
4068,0.455778,0
4071,0.45957,0
4074,0.460563,0
4077,0.46083,0
4080,0.460859,0.0125778
4083,0.460756,0
4086,0.46003,0
4089,0.458963,0.00663704
4092,0.459778,0
4095,0.454356,0
4098,0.455067,0
4101,0.454978,0.000133333
4104,0.455985,0
4107,0.457496,0
4110,0.459244,0
4113,0.459511,0
4116,0.459007,0
4119,0.458148,0
4122,0.45517,0
4125,0.458667,0
4128,0.458163,0
4131,0.458593,0
4134,0.459422,0.00751111
4137,0.460222,0
4140,0.459689,0.0120593
4143,0.463437,0
4146,0.462104,0
4149,0.468311,0
4152,0.4732,0
4155,0.478104,0
4158,0.478652,0.000207407
4161,0.478489,0.00537778
4164,0.480059,0.00851852
4167,0.483067,0.0108
4170,0.490859,0.0145333
4173,0.497585,0.0200741
4176,0.50403,0.0189333
4179,0.509733,0.0252741
4182,0.510889,0.0230519
4185,0.509215,0.0181778
4188,0.503067,0.0187556
4191,0.501733,0.0104593
4194,0.499748,0.00100741
4197,0.491807,0.00211852
4200,0.492089,0.000755556
4203,0.498074,0.00103704
4206,0.500444,0.00631111
4209,0.499719,0.0122519
4212,0.497126,0.0268296
4215,0.494444,0.0429185
4218,0.489259,0.0488
4221,0.477141,0.068163
4224,0.464296,0.0769037
4227,0.45483,0.156415
4230,0.448607,0.209763
4233,0.440222,0.257674
4236,0.432978,0.294341
4239,0.427704,0.28
4242,0.416963,0.400667
4245,0.392978,0.397215
4248,0.394504,0.412622
4251,0.39037,0.422889
4254,0.39757,0.404622
4257,0.401719,0.468296
4260,0.406444,0.55203
4263,0.408681,0.549985
4266,0.412637,0.51917
4269,0.414385,0.537763
4272,0.412593,0.510622
4275,0.418844,0.489304
4278,0.417452,0.464044
4281,0.419733,0.569985
4284,0.415778,0.587911
4287,0.419719,0.598133
4290,0.42123,0.65163
4293,0.42323,0.722341
4296,0.416859,0.715304
4299,0.42763,0.735511
4302,0.439748,0.719985
4305,0.452074,0.731526
4308,0.454104,0.689541
4311,0.464593,0.67597
4314,0.48163,0.679348
4317,0.493467,0.684652
4320,0.490163,0.619852
4323,0.49197,0.637719
4326,0.483644,0.649867
4329,0.47437,0.650815
4332,0.466459,0.643867
4335,0.45723,0.64803
4338,0.451926,0.547541
4341,0.45197,0.532993
4344,0.456133,0.534785
4347,0.457156,0.544785
4350,0.465259,0.558089
4353,0.472089,0.567437
4356,0.472474,0.574163
4359,0.469244,0.553422
4362,0.463615,0.604193
4365,0.465452,0.525096
4368,0.462222,0.520326
4371,0.459348,0.491467
4374,0.461274,0.476593
4377,0.458415,0.56077
4380,0.455689,0.566726
4383,0.449259,0.503674
4386,0.439793,0.422844
4389,0.426726,0.486267
4392,0.419719,0.498074
4395,0.414889,0.490548
4398,0.408444,0.555911
4401,0.402489,0.53
4404,0.394,0.514533
4407,0.387704,0.527511
4410,0.379496,0.501926
4413,0.369852,0.469348
4416,0.365807,0.436652
4419,0.363274,0.471511
4422,0.356,0.422
4425,0.358948,0.503052
4428,0.364667,0.562489
4431,0.375185,0.538504
4434,0.389496,0.544815
4437,0.40563,0.553674
4440,0.418459,0.513111
4443,0.42843,0.575496
4446,0.435763,0.585407
4449,0.461333,0.535881
4452,0.475481,0.53677
4455,0.4856,0.550978
4458,0.498237,0.585674
4461,0.502919,0.536652
4464,0.496504,0.511674
4467,0.49723,0.53803
4470,0.488356,0.48317
4473,0.483393,0.447215
4476,0.475348,0.440963
4479,0.465704,0.446756
4482,0.455496,0.42403
4485,0.443748,0.426311
4488,0.429348,0.431333
4491,0.423644,0.4288
4494,0.420904,0.467096
4497,0.4168,0.449304
4500,0.417985,0.439719
4503,0.422104,0.4552
4506,0.422267,0.513704
4509,0.417037,0.522607
4512,0.413007,0.5368
4515,0.404519,0.556844
4518,0.39717,0.580237
4521,0.390178,0.570459
4524,0.40363,0.598044
4527,0.420089,0.589985
4530,0.429333,0.591896
4533,0.431319,0.681244
4536,0.421926,0.60757
4539,0.403896,0.615304
4542,0.391926,0.590356
4545,0.373926,0.556326
4548,0.365763,0.573259
4551,0.358652,0.50917
4554,0.349926,0.526178
4557,0.353926,0.566504
4560,0.358311,0.618607
4563,0.368133,0.621319
4566,0.382296,0.629926
4569,0.395481,0.629807
4572,0.396904,0.634785
4575,0.395748,0.644607
4578,0.392,0.625126
4581,0.382444,0.678385
4584,0.377911,0.655393
4587,0.382607,0.679481
4590,0.384889,0.624104
4593,0.386681,0.629259
4596,0.373348,0.555911
4599,0.37123,0.572415
4602,0.360533,0.577096
4605,0.354444,0.596489
4608,0.347363,0.606341
4611,0.335719,0.572978
4614,0.318119,0.611289
4617,0.302237,0.558104
4620,0.283363,0.505037
4623,0.27363,0.484326
4626,0.263422,0.474874
4629,0.257141,0.463111
4632,0.274,0.470519
4635,0.284711,0.491985
4638,0.284,0.504059
4641,0.284933,0.512222
4644,0.287304,0.518711
4647,0.295185,0.506193
4650,0.305185,0.477185
4653,0.31077,0.47243
4656,0.306919,0.349941
4659,0.298563,0.318474
4662,0.284044,0.362711
4665,0.2796,0.279111
4668,0.275689,0.275259
4671,0.260963,0.264741
4674,0.247689,0.237778
4677,0.235644,0.268637
4680,0.221985,0.247778
4683,0.212844,0.295259
4686,0.207333,0.232652
4689,0.213096,0.214904
4692,0.221896,0.26837
4695,0.213541,0.211778
4698,0.208311,0.271378
4701,0.208681,0.340978
4704,0.212696,0.356178
4707,0.216015,0.339348
4710,0.214993,0.355319
4713,0.222504,0.338726
4716,0.235541,0.268178
4719,0.253185,0.306459
4722,0.263778,0.224326
4725,0.271348,0.291141
4728,0.275096,0.286548
4731,0.276119,0.376
4734,0.274622,0.381896
4737,0.270533,0.370044
4740,0.27037,0.325467
4743,0.259881,0.281289
4746,0.249985,0.28917
4749,0.243052,0.209511
4752,0.230356,0.2232
4755,0.212711,0.227348
4758,0.192933,0.2012
4761,0.170296,0.217585
4764,0.157244,0.179037
4767,0.140133,0.193956
4770,0.122844,0.127348
4773,0.111822,0.141244
4776,0.0926815,0.174489
4779,0.0748889,0.156904
4782,0.0592593,0.154459
4785,0.0452296,0.0970667
4788,0.0276593,0.0713037
4791,0.012637,0.0190519
4794,0.00887407,0.00037037
4797,0.00368889,0.000237037
4800,0.00145185,0.000266667
4803,0.000948148,0.0112889
4806,0.000844444,0
4809,0.000874074,0
4812,0.00122963,0
4815,0.0013037,0
4818,0.00162963,0
4821,0.002,0
4824,0.00179259,0
4827,0.00216296,0
4830,0.00188148,0
4833,0.00186667,0
4836,0.00342222,0
4839,0.00417778,0
4842,0.0042963,0
4845,0.00457778,0
4848,0.00475556,0
4851,0.00385185,0
4854,0.00471111,0
4857,0.0046963,0
4860,0.00465185,0
4863,0.00478519,0
4866,0.00425185,0
4869,0.0044,0
4872,0.00488889,0
4875,0.0044,0
4878,0.00442963,0
4881,0.00358519,0
4884,0.0045037,0
4887,0.00453333,0
4890,0.00408889,0.00694815
4893,0.00407407,0
4896,0.0033037,0
4899,0.00318519,0
4902,0.00288889,0
4905,0.00256296,0
4908,0.00293333,0
4911,0.00216296,0
4914,0.00154074,0
4917,0.00832593,0.0004
4920,0.0295852,0.0333037
4923,0.0364889,0.0385481
4926,0.0442963,0.0419111
4929,0.0680296,0.0448889
4932,0.0903111,0.0952593
4935,0.0961333,0.147748
4938,0.100296,0.0828148
4941,0.103674,0.0600296
4944,0.108222,0.0309778
4947,0.111985,0.0244148
4950,0.107748,0.0448593
4953,0.0980148,0.0184741
4956,0.0899704,0.025037
4959,0.0855111,0.0444296
4962,0.0787259,0.0422074
4965,0.0640444,0.0510667
4968,0.0623704,0.0480444
4971,0.0668,0.0946222
4974,0.0704741,0.0702815
4977,0.0741481,0.0702667
4980,0.0709481,0.0965333
4983,0.0736741,0.0757185
4986,0.0771704,0.023763
4989,0.0783111,0.0224889
4992,0.0806815,0.0449185
4995,0.0838667,0.029763
4998,0.0888741,0.0610222
5001,0.0883407,0.0912
5004,0.0830519,0.0835852
5007,0.0798222,0.152459
5010,0.0729185,0.16997
5013,0.0549778,0.155467
5016,0.0363259,0.115067
5019,0.0216741,0.098637
5022,0.0151407,0.0611852
5025,0.012563,0.00995556
5028,0.00877037,0.00115556
5031,0.00660741,0.0216741
5034,0.00791111,0.0398222
5037,0.00823704,0.0263111
5040,0.00897778,0.0321778
5043,0.00980741,0.0298074
5046,0.0112889,0.020163
5049,0.0174222,0.0296
5052,0.0291704,0.0542963
5055,0.039437,0.0596296
5058,0.0544296,0.00651852
5061,0.073763,0.00765926
5064,0.0906519,0.0174519
5067,0.113319,0.0465333
5070,0.14723,0.028563
5073,0.170607,0.0723111
5076,0.193081,0.0554667
5079,0.204593,0.0554667
5082,0.204756,0.0540444
5085,0.204533,0.0708148
5088,0.201704,0.0904593
5091,0.196756,0.104963
5094,0.187748,0.132859
5097,0.178489,0.0850963
5100,0.165185,0.0703259
5103,0.157674,0.144415
5106,0.147022,0.150296
5109,0.122444,0.153556
5112,0.0930222,0.123926
5115,0.0663111,0.046237
5118,0.0438074,0.0326815
5121,0.0238667,0.00103704
5124,0.00988148,0.00699259
5127,0.000933333,0.0108889
5130,0.000918519,0.0111852
5133,0.0010963,0
5136,0.00186667,0
5139,0.00173333,0
5142,0.00162963,0
5145,0.00148148,0
5148,0.00151111,0
5151,0.00140741,0
5154,0.00137778,0
5157,0.0013037,0
5160,0.00228148,0
5163,0.00213333,0
5166,0.00183704,0
5169,0.00165926,0
5172,0.00152593,0
5175,0.00148148,0
5178,0.00142222,0
5181,0.00139259,0
5184,0.0013037,0
5187,0.00106667,0
5190,0.000874074,0
5193,0.000725926,0
5196,0.000118519,0
5199,0.000103704,0
5202,8.88889e-05,0
5205,0,0
5208,0,0
5211,0.000103704,0
5214,0.000133333,0
5217,0.000162963,0
5220,0.00145185,0
5223,0.00124444,0
5226,0.000977778,0
5229,0.000918519,0
5232,0.000903704,0
5235,0.000874074,0
5238,0.0008,0
5241,0.00082963,0
5244,0.00077037,0
5247,0.000992593,0
5250,0.000962963,0
5253,0.000903704,0
5256,0.00082963,0
5259,0.0118519,0.00687407
5262,0.0303852,0.00441481
5265,0.0417185,0.0307556
5268,0.0458963,0.0190667
5271,0.0485185,0.050237
5274,0.0504444,0.0563407
5277,0.0516296,0.0810222
5280,0.0536741,0.0931111
5283,0.0549037,0.102237
5286,0.056,0.137807
5289,0.0604444,0.114444
5292,0.0781333,0.144756
5295,0.0949481,0.164533
5298,0.104207,0.166207
5301,0.11037,0.127141
5304,0.114681,0.0282519
5307,0.116548,0.0345778
5310,0.120015,0.0418667
5313,0.122993,0.0356889
5316,0.123289,0.040237
5319,0.123556,0.0728148
5322,0.123289,0.0867556
5325,0.12403,0.092237
5328,0.124578,0.0839852
5331,0.135096,0.0846074
5334,0.147007,0.094
5337,0.151126,0.0514963
5340,0.1524,0.0263556
5343,0.153274,0.0347111
5346,0.15363,0.0366074
5349,0.154548,0.105881
5352,0.159422,0.110119
5355,0.172252,0.116681
5358,0.186756,0.159378
5361,0.194281,0.15203
5364,0.199719,0.168267
5367,0.201763,0.148148
5370,0.20557,0.152356
5373,0.206815,0.142607
5376,0.209822,0.13963
5379,0.211304,0.136533
5382,0.210533,0.153793
5385,0.21123,0.144756
5388,0.220622,0.142444
5391,0.229689,0.0971111
5394,0.23723,0.0917481
5397,0.240637,0.015437
5400,0.239452,0.0428296
5403,0.239793,0.0417926
5406,0.241644,0.0864889
5409,0.241896,0.0895556
5412,0.243956,0.0892
5415,0.247674,0.0906963
5418,0.257141,0.0943407
5421,0.270193,0.0953185
5424,0.282815,0.082963
5427,0.288044,0.0591407
5430,0.291037,0.0458963
5433,0.302963,0.0362222
5436,0.317763,0.0345926
5439,0.331156,0.0423556
5442,0.342904,0.037037
5445,0.349615,0.0665037
5448,0.357704,0.14403
5451,0.360252,0.151393
5454,0.358993,0.118696
5457,0.35837,0.094563
5460,0.355289,0.0918222
5463,0.350696,0.0798519
5466,0.346015,0.065837
5469,0.340563,0.0523556
5472,0.328889,0.0329185
5475,0.323689,0.0169333
5478,0.321852,0.0108148
5481,0.32643,0.00991111
5484,0.331393,0.0192444
5487,0.338815,0.0306667
5490,0.346904,0.0532741
5493,0.355556,0.0559407
5496,0.364222,0.0716444
5499,0.367585,0.0771556
5502,0.37443,0.0616889
5505,0.378119,0.0454519
5508,0.379911,0.0306815
5511,0.380356,0.030237
5514,0.380489,0.0145481
5517,0.3788,0.00466667
5520,0.378652,0.000488889
5523,0.386281,0.011437
5526,0.393156,0.0237926
5529,0.400459,0.0316741
5532,0.407378,0.0394519
5535,0.411511,0.0520148
5538,0.416933,0.0671407
5541,0.421704,0.0798519
5544,0.423304,0.0945037
5547,0.421333,0.0889333
5550,0.423704,0.0764
5553,0.426311,0.0493481
5556,0.431941,0.0353037
5559,0.438133,0.0359259
5562,0.443778,0.0330222
5565,0.453911,0.0303111
5568,0.464874,0.0238667
5571,0.471659,0.0193778
5574,0.482874,0.0315556
5577,0.493422,0.0409185
5580,0.498637,0.0618667
5583,0.501807,0.0546667
5586,0.502652,0.0597333
5589,0.505007,0.0522222
5592,0.504963,0.0335407
5595,0.499911,0.0273926
5598,0.49923,0.00794074
5601,0.495867,4.44444e-05
5604,0.494222,0.000503704
5607,0.494963,0
5610,0.498756,0
5613,0.504222,0.0105778
5616,0.507378,0.0152296
5619,0.511319,0.0158222
5622,0.512681,0.0148296
5625,0.515052,0.0135259
5628,0.517141,0.00325926
5631,0.519422,0
5634,0.522252,0
5637,0.523452,0
5640,0.521881,0.00859259
5643,0.521896,0
5646,0.525244,0
5649,0.5272,0.00798519
5652,0.526593,1.48148e-05
5655,0.525126,0
5658,0.525674,0
5661,0.526385,0
5664,0.527793,0
5667,0.527778,0
5670,0.524267,0
5673,0.527467,0
5676,0.528178,0
5679,0.528222,0
5682,0.530296,0
5685,0.532074,5.92593e-05
5688,0.534504,0
5691,0.534993,0
5694,0.53357,0.0111259
5697,0.530074,0.000725926
5700,0.531704,0.00994074
5703,0.535081,0
5706,0.536444,0
5709,0.538519,0
5712,0.541052,0.00168889
5715,0.545333,0
5718,0.547467,0
5721,0.554933,0
5724,0.555778,0
5727,0.555689,0
5730,0.555467,0.0137333
5733,0.555674,4.44444e-05
5736,0.555304,0
Time(milisec),45128.4
