framenum,queue density,dynamic density
6,0.0733983,0.0938379
3,0.0648442,0.0291694
9,0.0862707,0.0440794
18,0.0975317,0.0721683
12,0.09063,0.0554488
15,0.0944136,0.0653676
21,0.100339,0.0516428
30,0.111141,0.0662985
27,0.107293,0.0452159
24,0.102351,0.0338989
33,0.11289,0.0909852
42,0.11753,0.103188
39,0.116416,0.11077
45,0.119216,0.0951053
36,0.114476,0.106011
51,0.119814,0.0732151
48,0.119227,0.084764
57,0.124484,0.0361496
54,0.121762,0.0433129
63,0.125064,0.0306985
69,0.127404,0.0294797
60,0.125673,0.0395892
66,0.125561,0.0365122
75,0.130735,0.0191609
72,0.128503,0.0194413
81,0.136433,0.0336297
78,0.131053,0.0249634
87,0.152053,0.0597259
90,0.165172,0.0576808
93,0.171315,0.0600511
84,0.140407,0.0427895
99,0.171932,0.0590641
102,0.173439,0.0434475
105,0.174063,0.042954
96,0.1681,0.0671809
111,0.185877,0.0671285
114,0.194712,0.0779895
117,0.202874,0.100082
108,0.17689,0.0578565
126,0.208541,0.0969522
123,0.20733,0.112359
129,0.211263,0.0866708
120,0.205128,0.111552
135,0.216281,0.103925
138,0.218042,0.0964288
132,0.214699,0.103547
141,0.219249,0.0840686
147,0.217892,0.0800495
150,0.218711,0.0878746
144,0.219189,0.0816983
153,0.218176,0.0711252
159,0.212404,0.0645974
162,0.210209,0.0500688
156,0.215858,0.0642609
165,0.207532,0.0556731
171,0.202728,0.0286236
174,0.200219,0.0125135
177,0.198346,0.0170822
168,0.205868,0.0428942
183,0.196525,0.00846818
189,0.194503,0.00776904
180,0.196892,0.00847939
186,0.194992,0.0119265
201,0.19291,0.0131042
195,0.192091,0.00765688
198,0.192626,0.00710729
192,0.193699,0.00731665
213,0.193744,0.00784755
207,0.192839,0.00860277
210,0.193321,0.00954119
204,0.193527,0.00761949
225,0.193317,0.00764192
219,0.193175,0.00786251
222,0.193213,0.00762697
237,0.194361,0.00849809
216,0.193329,0.0152502
231,0.193807,0.00894299
249,0.192487,0.0091561
228,0.193676,0.00744751
234,0.195105,0.00820273
243,0.191938,0.0112086
240,0.1911,0.00952249
246,0.192435,0.00828498
261,0.192514,0.0121583
258,0.192132,0.0146146
255,0.191687,0.00738021
273,0.191646,0.00751854
252,0.191657,0.00709981
270,0.191788,0.00868876
285,0.198888,0.0211947
264,0.192136,0.00806066
282,0.194876,0.0159194
267,0.19248,0.008528
297,0.189938,0.0114143
276,0.191904,0.0127714
294,0.192779,0.0156278
279,0.192738,0.0137173
309,0.190996,0.00659882
306,0.189033,0.00612027
288,0.199374,0.0242642
321,0.193254,0.00789989
291,0.195729,0.0256961
300,0.188827,0.0102515
318,0.194361,0.00772043
333,0.193317,0.00644927
303,0.188547,0.00750733
312,0.192745,0.00702503
330,0.193445,0.00729048
324,0.193321,0.00574266
345,0.195258,0.0132163
315,0.194312,0.00752976
336,0.193332,0.00705868
342,0.195213,0.0063745
357,0.194768,0.0312444
327,0.19334,0.00684932
348,0.197393,0.0203348
354,0.194364,0.0316183
369,0.194895,0.0303583
339,0.19337,0.00800831
366,0.194622,0.0290386
360,0.194701,0.0296293
381,0.194918,0.0267467
351,0.196028,0.0284553
378,0.195415,0.0275281
372,0.195976,0.0305789
393,0.204066,0.020047
363,0.194521,0.0287582
390,0.203165,0.0329119
384,0.196394,0.0222042
405,0.209319,0.0443037
402,0.208429,0.0170036
375,0.195991,0.0293489
396,0.206268,0.0191796
387,0.200847,0.026743
414,0.228401,0.0827451
417,0.234727,0.10311
408,0.211843,0.0486406
426,0.259354,0.161123
399,0.207596,0.0186973
429,0.267684,0.165266
438,0.288355,0.190151
420,0.239883,0.118139
441,0.291593,0.217888
411,0.219122,0.06831
450,0.307019,0.223107
432,0.275573,0.157093
453,0.313151,0.226461
423,0.248942,0.142101
462,0.320602,0.179981
435,0.284086,0.160637
465,0.324266,0.111492
444,0.296517,0.222906
474,0.323806,0.00835975
477,0.326924,0.00699512
456,0.316672,0.222423
447,0.298039,0.225814
486,0.331014,0.00776904
489,0.331728,0.00809431
468,0.323907,0.0483939
459,0.31926,0.212048
498,0.331089,0.00595576
480,0.328995,0.00815786
501,0.337392,0.00976551
471,0.323398,0.0160989
510,0.36968,0.0342914
492,0.332349,0.00735404
513,0.374181,0.0567461
483,0.330233,0.00806813
522,0.385996,0.0725983
504,0.348515,0.0262009
495,0.330012,0.00599689
525,0.389981,0.0754285
534,0.397017,0.0798813
507,0.358292,0.042225
537,0.399993,0.0789615
516,0.376638,0.069712
546,0.403601,0.0844761
519,0.380253,0.0720487
549,0.405755,0.075993
528,0.392736,0.0771034
558,0.402509,0.0563124
561,0.399631,0.00962344
531,0.393847,0.0766697
540,0.400902,0.0765875
570,0.391334,0.0107077
573,0.396382,0.0110292
543,0.403194,0.0811001
552,0.405575,0.0630197
582,0.41623,0.0255877
585,0.420837,0.0273823
555,0.403328,0.0609933
564,0.397758,0.0109357
594,0.431324,0.0486668
597,0.432225,0.0514559
567,0.396352,0.00795597
609,0.450137,0.0682875
576,0.40301,0.0172429
606,0.444921,0.0641525
621,0.473115,0.0442738
588,0.424856,0.0364449
579,0.409355,0.0236473
618,0.466374,0.0563349
633,0.491236,0.0410099
600,0.436644,0.0532841
591,0.429559,0.0443635
630,0.488556,0.0433092
645,0.494097,0.0180654
603,0.440383,0.064803
642,0.494321,0.0305602
612,0.456358,0.078296
657,0.509926,0.0133435
654,0.506094,0.0128163
615,0.462344,0.0663509
669,0.524683,0.0064904
624,0.478749,0.0399967
666,0.521587,0.00657265
627,0.484028,0.0414922
681,0.529218,0.0079971
636,0.493151,0.0410211
639,0.494631,0.0360486
693,0.534262,0.00704747
678,0.527696,0.00881588
648,0.497678,0.0133621
651,0.502127,0.0138818
705,0.535222,0.00726431
690,0.532964,0.00722319
663,0.518028,0.00951875
660,0.513392,0.0151605
717,0.538483,0.00759332
702,0.534247,0.00613522
675,0.525188,0.00775408
672,0.523759,0.00778399
729,0.531701,0.00568658
687,0.531686,0.00787372
714,0.538311,0.00827002
684,0.530919,0.00742881
741,0.52696,0.0068381
699,0.534366,0.00617635
726,0.532359,0.00575013
753,0.522268,0.00634085
696,0.532284,0.00726805
711,0.536763,0.00681193
765,0.521217,0.00647918
738,0.527909,0.00635581
708,0.535907,0.00643058
777,0.512857,0.00686053
723,0.532235,0.00517811
750,0.522619,0.00647918
789,0.516491,0.00679323
735,0.529685,0.00691287
720,0.531185,0.00689792
801,0.533372,0.0241147
762,0.522339,0.00603428
732,0.531386,0.00578752
747,0.522507,0.00756715
774,0.51196,0.00743255
813,0.543556,0.0059782
744,0.526844,0.00652031
786,0.51411,0.00569032
759,0.522316,0.00590342
825,0.558272,0.00562302
756,0.522152,0.00566041
837,0.559416,0.007369
771,0.511059,0.00666986
798,0.529009,0.025427
768,0.519774,0.00622495
783,0.514215,0.00723066
849,0.559599,0.00638572
810,0.539765,0.00593333
795,0.523767,0.019546
861,0.560735,0.00776156
822,0.55638,0.00649788
780,0.513923,0.00637824
807,0.537933,0.0298386
792,0.519669,0.0119003
873,0.560776,0.00576883
834,0.560747,0.00650535
819,0.550536,0.00607166
804,0.536606,0.0280852
885,0.560653,0.00598941
831,0.561797,0.00720075
846,0.558687,0.0066736
816,0.547523,0.00549964
828,0.56069,0.00777278
897,0.563558,0.00617261
843,0.559475,0.00623243
858,0.560537,0.00716337
909,0.561528,0.00583612
840,0.559143,0.00789615
870,0.55884,0.00785877
921,0.553587,0.0096683
855,0.560646,0.00714093
852,0.559954,0.00775034
933,0.549788,0.0051482
882,0.560414,0.00688296
867,0.561618,0.0071858
864,0.561233,0.00788494
945,0.558275,0.00652779
879,0.562339,0.00662499
894,0.561853,0.00708859
876,0.561285,0.00693157
957,0.555707,0.00650162
891,0.56093,0.00779147
906,0.559737,0.00665116
888,0.56038,0.0073503
969,0.558593,0.00580248
903,0.563779,0.0063072
918,0.555834,0.00798214
900,0.56425,0.00607914
981,0.560803,0.0067895
915,0.559431,0.00837845
930,0.548921,0.00657639
912,0.561681,0.00724188
993,0.561262,0.00654648
927,0.552312,0.00712972
924,0.552637,0.00736152
942,0.5582,0.00661378
1005,0.554353,0.00601558
939,0.554727,0.00689418
936,0.551841,0.0073017
1017,0.554869,0.0057464
954,0.557894,0.00583239
948,0.558627,0.00587725
951,0.558186,0.00670351
1029,0.554312,0.00448645
966,0.558118,0.00565293
963,0.557258,0.00575761
960,0.55638,0.00555198
1041,0.554185,0.00548095
978,0.562623,0.00725683
975,0.561453,0.00712972
972,0.560309,0.00656891
990,0.561292,0.00549216
1053,0.556567,0.00558563
987,0.56155,0.00660256
984,0.561752,0.00858781
1065,0.551048,0.00787372
1002,0.55755,0.00509212
999,0.559662,0.00663621
996,0.561969,0.00645675
1077,0.553187,0.00585482
1014,0.556843,0.00859155
1011,0.55638,0.0109881
1008,0.554537,0.0054473
1089,0.551863,0.0048005
1026,0.554305,0.00533514
1023,0.554679,0.00476312
1101,0.555038,0.0116087
1020,0.554406,0.00995992
1038,0.553636,0.00515568
1035,0.554768,0.00795597
1113,0.553665,0.00678202
1050,0.556365,0.00566041
1032,0.554241,0.00481546
1125,0.553707,0.00599315
1047,0.557165,0.00663247
1044,0.555849,0.00668107
1062,0.551228,0.00560059
1137,0.55546,0.0232249
1059,0.556114,0.00798588
1056,0.556342,0.00739517
1074,0.552091,0.0101431
1149,0.556417,0.0142819
1071,0.551172,0.00548469
1086,0.550364,0.00543608
1161,0.55374,0.00734282
1068,0.5506,0.00472573
1083,0.553725,0.00519681
1173,0.553785,0.00424717
1098,0.555834,0.00919349
1080,0.552806,0.00550338
1095,0.554585,0.00595202
1185,0.551628,0.00673342
1092,0.552899,0.0101656
1110,0.556137,0.00427708
1197,0.550443,0.00587725
1107,0.555905,0.00497996
1104,0.555916,0.00446402
1209,0.550132,0.00532766
1122,0.553703,0.00500613
1119,0.553093,0.00603054
1116,0.554032,0.00497996
1221,0.549007,0.00591464
1134,0.556709,0.0195198
1128,0.55629,0.00925331
1131,0.55706,0.0185515
1233,0.551108,0.00542861
1140,0.555389,0.0217369
1143,0.554802,0.019632
1146,0.555647,0.0218565
1245,0.552555,0.0069054
1152,0.556937,0.00907011
1155,0.555587,0.0130219
1257,0.550271,0.0056305
1158,0.556066,0.00621
1164,0.556514,0.00540991
1167,0.555882,0.00457244
1269,0.549172,0.00558937
1170,0.554024,0.00514073
1176,0.553052,0.00480798
1179,0.551919,0.00634459
1281,0.551071,0.01282
1188,0.549512,0.00598193
1182,0.550551,0.00561928
1191,0.548985,0.00396677
1293,0.551213,0.00528653
1200,0.550016,0.0052828
1194,0.54956,0.00520802
1203,0.549343,0.005795
1305,0.553067,0.0182711
1206,0.549624,0.0058436
1212,0.547351,0.0062586
1215,0.547743,0.00738021
1317,0.547111,0.016798
1224,0.549684,0.00557442
1329,0.54627,0.00591838
1227,0.549325,0.00533888
1218,0.548076,0.00570901
1236,0.549362,0.0142856
1230,0.550779,0.00557068
1239,0.550248,0.00637824
1341,0.547538,0.0066736
1248,0.551508,0.00664742
1242,0.552106,0.00557442
1353,0.552734,0.0058623
1251,0.551647,0.00582117
1260,0.550095,0.00778773
1254,0.549725,0.00603054
1365,0.556462,0.0258719
1263,0.548476,0.00527906
1272,0.550185,0.0123153
1266,0.548783,0.0139043
1377,0.551415,0.0316145
1284,0.550424,0.00759706
1275,0.550308,0.00732039
1278,0.550974,0.00778025
1389,0.54553,0.0122405
1290,0.550663,0.00559685
1296,0.551979,0.00583612
1287,0.548555,0.0140127
1401,0.544962,0.00604175
1302,0.553796,0.0150969
1299,0.554387,0.00720823
1308,0.552817,0.00552207
1413,0.5372,0.00435933
1311,0.54888,0.00795971
1314,0.548555,0.0175981
1320,0.547224,0.00538374
1425,0.543548,0.00659882
1326,0.546734,0.00525289
1323,0.547347,0.00581743
1338,0.546655,0.00499865
1332,0.546846,0.00557068
1437,0.55005,0.0145099
1335,0.546861,0.0056118
1350,0.551254,0.00518933
1449,0.563165,0.0601783
1347,0.550734,0.00613896
1344,0.548704,0.00631468
1362,0.555026,0.026414
1461,0.56333,0.205536
1359,0.556335,0.0176168
1356,0.555064,0.0104572
1374,0.553692,0.0292292
1371,0.555475,0.0317379
1473,0.564287,0.261702
1368,0.555079,0.0290086
1383,0.54925,0.0219724
1386,0.543911,0.0214415
1380,0.550473,0.0235726
1485,0.551362,0.368117
1395,0.545642,0.00924957
1398,0.544565,0.0089729
1392,0.545874,0.0141772
1497,0.519901,0.394101
1407,0.543934,0.00717084
1410,0.543754,0.00681193
1419,0.539997,0.0094552
1404,0.544412,0.00566414
1509,0.496175,0.407811
1422,0.54178,0.00564545
1416,0.538834,0.00687175
1521,0.46154,0.53505
1431,0.549418,0.0188132
1434,0.552675,0.0134294
1533,0.451845,0.604893
1428,0.545407,0.00604923
1443,0.558645,0.035099
1545,0.444547,0.598208
1446,0.561221,0.0252288
1440,0.554428,0.0131079
1455,0.565199,0.117605
1458,0.566201,0.169719
1557,0.443422,0.63481
1452,0.564044,0.0897103
1467,0.565211,0.212318
1470,0.563655,0.247147
1569,0.459383,0.630933
1479,0.556937,0.304895
1482,0.55518,0.334334
1464,0.565349,0.230192
1581,0.470973,0.637338
1476,0.563917,0.256382
1494,0.525509,0.392105
1491,0.534703,0.379008
1593,0.469657,0.621859
1488,0.540999,0.380361
1506,0.502146,0.410667
1503,0.506954,0.398427
1605,0.505477,0.672399
1500,0.512794,0.40135
1518,0.468139,0.516514
1617,0.489734,0.660839
1515,0.477403,0.484148
1512,0.482118,0.459278
1629,0.454601,0.608894
1530,0.453083,0.586069
1527,0.450757,0.583351
1524,0.454993,0.559292
1641,0.439089,0.547276
1542,0.445172,0.594444
1536,0.44488,0.570467
1539,0.446514,0.582633
1653,0.418365,0.578633
1548,0.445056,0.598679
1554,0.441385,0.617287
1665,0.407874,0.565513
1566,0.456149,0.63634
1551,0.440966,0.606478
1560,0.445576,0.650655
1677,0.412428,0.593696
1578,0.464071,0.63339
1563,0.45106,0.632126
1572,0.457674,0.637513
1689,0.42926,0.558249
1575,0.460773,0.635397
1590,0.472764,0.606355
1584,0.474685,0.628391
1701,0.4743,0.564369
1587,0.474248,0.605013
1602,0.496108,0.655721
1596,0.475511,0.63911
1713,0.459641,0.578737
1599,0.48177,0.655295
1614,0.497383,0.659718
1725,0.435268,0.540741
1608,0.51184,0.683967
1611,0.499383,0.675203
1626,0.460497,0.591337
1737,0.410249,0.553389
1620,0.472902,0.64046
1623,0.46526,0.638912
1749,0.378294,0.515385
1638,0.44672,0.536796
1632,0.452847,0.591583
1635,0.451584,0.584899
1650,0.421524,0.572094
1761,0.352003,0.50673
1644,0.432531,0.533824
1647,0.427533,0.578805
1662,0.408525,0.558092
1773,0.346945,0.519512
1656,0.417737,0.547631
1785,0.319405,0.471455
1674,0.410813,0.594642
1659,0.416586,0.547796
1668,0.408177,0.592922
1797,0.278609,0.432049
1686,0.418739,0.577145
1671,0.40971,0.569604
1680,0.41693,0.611541
1809,0.262143,0.45576
1683,0.419793,0.589179
1692,0.440749,0.596496
1698,0.466434,0.592787
1821,0.225339,0.440876
1704,0.480447,0.564762
1695,0.453311,0.577567
1710,0.468285,0.581915
1833,0.228072,0.470225
1716,0.457921,0.612214
1707,0.481176,0.57415
1845,0.205827,0.408854
1728,0.431817,0.550985
1722,0.441493,0.572916
1857,0.146546,0.269998
1719,0.449045,0.586708
1740,0.406192,0.536998
1869,0.148498,0.240182
1734,0.410473,0.545672
1731,0.418231,0.544749
1752,0.373269,0.534463
1881,0.207024,0.348279
1746,0.389413,0.550218
1764,0.346175,0.500385
1743,0.39852,0.511455
1893,0.296895,0.367362
1758,0.36433,0.549179
1776,0.340922,0.519651
1905,0.378155,0.373239
1755,0.370603,0.552305
1770,0.345322,0.533136
1788,0.310586,0.471092
1767,0.343621,0.530504
1782,0.32461,0.496269
1800,0.277723,0.438162
1917,0.334876,0.426052
1779,0.330064,0.504344
1812,0.242007,0.443433
1794,0.290774,0.414963
1929,0.273457,0.328113
1791,0.305595,0.436887
1806,0.26608,0.468793
1824,0.224554,0.428961
1803,0.272649,0.465133
1941,0.207457,0.269202
1836,0.223377,0.462987
1818,0.224315,0.430355
1815,0.232585,0.453117
1953,0.156899,0.226857
1848,0.196679,0.358658
1827,0.224999,0.433683
1830,0.230824,0.423798
1965,0.0542188,0.0848201
1860,0.146075,0.266443
1839,0.221148,0.470973
1842,0.21406,0.458927
1872,0.168335,0.26027
1977,0.00285264,0.0083448
1851,0.174205,0.323701
1884,0.22685,0.334271
1854,0.152281,0.297526
1989,0.00504352,0.00854295
1863,0.138893,0.2453
1896,0.314825,0.366536
1866,0.134414,0.240676
1875,0.17314,0.284205
2001,0.0084121,0.0119676
1908,0.389768,0.388115
1878,0.185092,0.328191
1920,0.31985,0.402775
1887,0.248583,0.328767
1890,0.274317,0.356213
2013,0.152689,0.120966
1932,0.251982,0.321933
1899,0.331545,0.395851
1902,0.357951,0.38339
1944,0.198675,0.30226
1911,0.379068,0.455808
2025,0.298476,0.218079
1914,0.356864,0.485763
1956,0.128219,0.21311
1923,0.308193,0.369482
2037,0.292576,0.254737
1926,0.293186,0.368839
1968,0.0365459,0.0596175
1935,0.233209,0.318213
2049,0.196424,0.20407
1980,0.00321529,0.0094851
1938,0.217963,0.308784
1947,0.1871,0.322348
1992,0.00470703,0.00514073
2061,0.134201,0.157213
1950,0.175794,0.269269
1959,0.103357,0.163991
2073,0.0441915,0.0588062
1962,0.0763893,0.150184
2004,0.0360187,0.0283394
1971,0.0172354,0.0391331
2085,0.00912245,0.00613148
1974,0.00635581,0.0199385
1983,0.00299844,0.00701756
2016,0.193736,0.133322
2097,0.0108796,0.010932
1986,0.00497996,0.0129135
1995,0.00453132,0.00955614
2109,0.0315323,0.0690727
2028,0.318441,0.236103
1998,0.00384713,0.0116984
2007,0.0711551,0.0499903
2121,0.0820048,0.183567
2040,0.269101,0.210411
2019,0.23681,0.161609
2010,0.109028,0.0718243
2133,0.161269,0.284138
2052,0.175159,0.205124
2031,0.333246,0.182516
2145,0.194024,0.286946
2022,0.268892,0.194162
2043,0.244336,0.117392
2157,0.221825,0.314388
2034,0.314452,0.212235
2064,0.111556,0.199288
2055,0.155736,0.197737
2169,0.215952,0.322781
2076,0.026672,0.038232
2067,0.0888205,0.126615
2046,0.219372,0.154184
2181,0.148139,0.208994
2088,0.00949258,0.0172467
2058,0.141364,0.108744
2079,0.0146894,0.0193254
2100,0.0113395,0.0111825
2193,0.066149,0.0897851
2070,0.0654087,0.0762136
2205,0.0186711,0.0225369
2091,0.00927948,0.0075335
2112,0.0434139,0.0956997
2082,0.00927574,0.00680071
2217,0.00545104,0.0124574
2124,0.108542,0.210919
2103,0.0166036,0.0344672
2094,0.00928695,0.0104347
2229,0.00568284,0.0151941
2136,0.172882,0.292472
2115,0.0542449,0.119897
2241,0.007369,0.0135902
2106,0.0240698,0.0469395
2127,0.133835,0.239726
2148,0.196092,0.292584
2118,0.0648666,0.154248
2253,0.00964587,0.0222491
2139,0.182569,0.290718
2130,0.148778,0.276717
2160,0.227433,0.337452
2265,0.0119115,0.0162896
2151,0.198694,0.285839
2172,0.205607,0.30429
2142,0.189339,0.292195
2277,0.0610344,0.0772567
2163,0.223945,0.323705
2184,0.127834,0.19073
2154,0.205031,0.294236
2289,0.0695587,0.0976326
2175,0.187227,0.271696
2196,0.0480686,0.072258
2166,0.220763,0.298779
2301,0.0799635,0.15258
2187,0.107604,0.183025
2208,0.0125733,0.0393723
2178,0.167685,0.256565
2313,0.0696634,0.102414
2199,0.0355028,0.0907609
2325,0.0477284,0.0842182
2220,0.00530897,0.0143155
2190,0.0875232,0.139596
2211,0.00803075,0.0341307
2337,0.0315435,0.0615878
2232,0.00563797,0.014637
2349,0.0170822,0.0402696
2223,0.00502483,0.019961
2202,0.0261934,0.060253
2244,0.0064418,0.0213779
2361,0.0115676,0.049093
2235,0.00612027,0.0189964
2256,0.00977672,0.0257448
2214,0.00584734,0.0239539
2373,0.0130743,0.0515232
2226,0.0051482,0.013822
2247,0.00753724,0.0151268
2268,0.0241521,0.0451636
2385,0.0244773,0.0389835
2238,0.00655396,0.0136725
2280,0.064575,0.124136
2259,0.0112498,0.011919
2397,0.056032,0.117926
2250,0.00759706,0.0252475
2292,0.070213,0.115612
2271,0.0427222,0.0531009
2409,0.0663808,0.102908
2262,0.0111526,0.0287058
2304,0.0810515,0.155134
2283,0.0670687,0.113186
2421,0.0380638,0.0861099
2295,0.0708523,0.127258
2274,0.055804,0.0948697
2316,0.0633375,0.0929705
2433,0.00710355,0.0116274
2328,0.0403108,0.0858931
2286,0.0699438,0.10004
2307,0.0804682,0.118027
2445,0.0491715,0.0570452
2340,0.0278197,0.051568
2298,0.0731404,0.117223
2319,0.0585706,0.112558
2457,0.059696,0.0841097
2352,0.0159306,0.0615653
2331,0.0393013,0.110288
2310,0.0770548,0.155863
2469,0.0380451,0.0694876
2364,0.0118255,0.0231351
2343,0.0233968,0.0496837
2322,0.0537103,0.0676407
2481,0.0141884,0.0388938
2376,0.0132874,0.0296554
2355,0.0113806,0.0485359
2334,0.0348709,0.105144
2367,0.0124649,0.0256214
2493,0.020189,0.0244175
2388,0.0467825,0.0745162
2379,0.0142333,0.0355813
2505,0.025012,0.0240324
2346,0.0207012,0.0854632
2400,0.0584809,0.0719589
2391,0.0515568,0.110815
2517,0.0558974,0.117638
2358,0.00899533,0.0441654
2412,0.0699512,0.11888
2403,0.0606643,0.133995
2370,0.0127191,0.0307285
2529,0.0653639,0.110131
2424,0.0228622,0.0885102
2415,0.0612326,0.0863455
2541,0.0721758,0.165789
2382,0.0132089,0.0404267
2436,0.0324483,0.0438775
2427,0.0108535,0.0384676
2553,0.0663696,0.205827
2394,0.0539271,0.0923237
2439,0.0403145,0.0421315
2448,0.051983,0.105536
2565,0.0173626,0.0585145
2406,0.0625748,0.13856
2460,0.0620065,0.0506146
2451,0.0543945,0.110969
2577,0.00666238,0.0075335
2418,0.0513549,0.0933743
2472,0.0267206,0.036086
2463,0.0616588,0.0491565
2589,0.00689418,0.00632963
2430,0.00152165,0.0170523
2484,0.0161811,0.0154483
2475,0.016641,0.0412567
2601,0.00729048,0.00742508
2442,0.0453468,0.0830405
2496,0.0211349,0.0189478
2487,0.0180654,0.0229183
2613,0.00794102,0.00696148
2454,0.0569891,0.0947501
2508,0.0270533,0.0550375
2499,0.0226678,0.0248774
2625,0.0108236,0.00647918
2466,0.0500987,0.0591688
2520,0.0558488,0.136855
2511,0.0384227,0.050151
2637,0.0482705,0.073847
2532,0.0675921,0.109125
2478,0.0156166,0.0459375
2523,0.0593296,0.104508
2544,0.076752,0.156472
2649,0.130238,0.192121
2490,0.019217,0.0374768
2535,0.0695026,0.135962
2502,0.0232174,0.0113021
2661,0.15934,0.286755
2556,0.0570116,0.183279
2547,0.0786475,0.187534
2568,0.00777651,0.0351962
2673,0.140448,0.35548
2514,0.0544169,0.0716972
2559,0.0429839,0.12878
2685,0.126395,0.332465
2526,0.0618121,0.107267
2580,0.00702503,0.00607166
2571,0.0063072,0.0137024
2697,0.0827825,0.241801
2538,0.0704934,0.157725
2592,0.00667733,0.00709981
2583,0.00686801,0.0064904
2709,0.0390097,0.0811038
2550,0.0754098,0.203924
2604,0.00711476,0.00755219
2595,0.00733909,0.00690913
2721,0.0400042,0.0722879
2562,0.0304107,0.0690689
2616,0.00785129,0.00577257
2607,0.00735404,0.00733909
2574,0.00664742,0.0094552
2628,0.027801,0.0236399
2619,0.00717458,0.00604923
2733,0.0623953,0.0579201
2586,0.00743255,0.00595202
2640,0.0669229,0.100915
2631,0.0381423,0.0474517
2745,0.0833209,0.055946
2598,0.00730544,0.0066063
2652,0.139805,0.231882
2610,0.00734282,0.00665116
2643,0.0889813,0.1333
2757,0.0955427,0.0868951
2664,0.158495,0.284893
2622,0.00718206,0.00579126
2655,0.145989,0.255967
2769,0.101454,0.112823
2676,0.138527,0.358624
2667,0.151788,0.331982
2634,0.0425091,0.0514372
2781,0.11123,0.108516
2679,0.135009,0.372742
2688,0.126641,0.324662
2793,0.11304,0.0696596
2646,0.109914,0.161594
2691,0.112464,0.293889
2700,0.0668406,0.186405
2805,0.114614,0.00749611
2658,0.153089,0.268159
2703,0.0540206,0.146094
2712,0.0384078,0.0797242
2817,0.114233,0.00698017
2670,0.145686,0.355009
2715,0.0395929,0.0780343
2724,0.0407332,0.0719402
2829,0.118237,0.00735404
2682,0.128522,0.350582
2727,0.0420979,0.0696335
2736,0.0740264,0.0520653
2841,0.11953,0.00617261
2694,0.100063,0.224113
2853,0.12113,0.00979542
2739,0.0779745,0.0553927
2748,0.0881363,0.0649825
2706,0.0434588,0.111657
2865,0.118487,0.00694278
2718,0.0394546,0.0759706
2751,0.0909553,0.0633113
2760,0.0974083,0.0940547
2877,0.120955,0.00917479
2763,0.0987468,0.0981336
2772,0.103323,0.127509
2730,0.0514409,0.0717496
2889,0.125823,0.0344709
2775,0.107021,0.126264
2901,0.124993,0.0334203
2742,0.0805804,0.0611802
2784,0.111492,0.10446
2787,0.11058,0.104336
2754,0.0928621,0.0775147
2913,0.123777,0.0299433
2796,0.113085,0.0194637
2766,0.100179,0.0986795
2799,0.112823,0.0096197
2925,0.124435,0.0260551
2778,0.1092,0.115395
2811,0.113619,0.00819899
2808,0.115967,0.00770174
2937,0.127714,0.0297115
2790,0.111286,0.0936995
2823,0.11741,0.00675211
2820,0.115156,0.00729422
2949,0.147593,0.0347064
2802,0.113952,0.00656891
2832,0.119489,0.00616513
2835,0.121243,0.00820647
2961,0.170055,0.0801729
2814,0.114188,0.00611653
2844,0.118723,0.00634459
2847,0.119063,0.00849435
2973,0.200219,0.120383
2856,0.12073,0.00684932
2826,0.117807,0.00615765
2859,0.120028,0.0141099
2985,0.225283,0.141581
2868,0.118921,0.00651657
2838,0.120652,0.00715963
2997,0.274526,0.176026
2871,0.120028,0.0109507
2850,0.119893,0.00821768
2880,0.121459,0.0180467
3009,0.30752,0.25646
2862,0.11753,0.00619878
2883,0.12414,0.0127415
2892,0.127897,0.0408753
2874,0.121059,0.00738395
2895,0.125864,0.0352859
3021,0.341684,0.107006
2904,0.124106,0.029061
2886,0.124383,0.0138145
3033,0.349913,0.121994
2916,0.123991,0.0279319
2898,0.125983,0.0347663
2907,0.124323,0.030291
2928,0.123961,0.0266009
3045,0.34905,0.116988
2919,0.122682,0.0296068
2940,0.128395,0.011605
2910,0.125576,0.0276178
2931,0.127516,0.0301003
3057,0.353211,0.0671734
2922,0.123127,0.0266196
2943,0.131662,0.0182898
2952,0.156028,0.046431
3069,0.382425,0.0826853
2964,0.178206,0.0896206
2934,0.129845,0.0322912
3081,0.392407,0.0700447
2955,0.159691,0.060855
2976,0.206713,0.127568
3093,0.398853,0.105398
2946,0.138695,0.0139491
2988,0.228435,0.15288
2967,0.184606,0.0998609
2958,0.167715,0.0664929
2979,0.21289,0.136624
3000,0.287062,0.194619
3105,0.401874,0.119227
2970,0.192532,0.114199
2991,0.24493,0.157048
2982,0.218199,0.138332
3012,0.317551,0.209409
3117,0.379348,0.0250269
3003,0.293096,0.232832
2994,0.262629,0.168059
3024,0.348721,0.0918227
3129,0.375991,0.00545104
3006,0.300289,0.233613
3015,0.328864,0.171109
3036,0.343812,0.135438
3018,0.33577,0.132406
3141,0.37958,0.0334054
3027,0.350668,0.0925218
3048,0.347397,0.120084
3030,0.350994,0.0966344
3039,0.347016,0.121497
3153,0.388773,0.00916358
3060,0.364431,0.0695549
3042,0.348197,0.122248
3165,0.391196,0.00550338
3051,0.348769,0.126241
3072,0.386926,0.0728749
3054,0.349655,0.119284
3177,0.390882,0.00665864
3063,0.365152,0.0713458
3084,0.396516,0.092204
3066,0.372559,0.0743068
3189,0.40147,0.0173439
3075,0.388624,0.071944
3078,0.391065,0.0782624
3096,0.402199,0.130294
3201,0.418006,0.0058436
3087,0.390437,0.100639
3090,0.395623,0.116476
3099,0.403358,0.135181
3108,0.395125,0.0761986
3213,0.422171,0.00908132
3102,0.40402,0.135203
3111,0.385812,0.0772941
3120,0.377737,0.0145137
3114,0.384608,0.0571275
3225,0.425607,0.00483789
3123,0.374058,0.00805318
3132,0.377127,0.0077167
3126,0.373811,0.00702503
3135,0.380926,0.0283394
3237,0.426306,0.0107226
3144,0.382541,0.0416679
3147,0.38527,0.0446065
3138,0.376896,0.0324557
3249,0.427241,0.00976925
3156,0.390897,0.00698017
3159,0.392232,0.00461731
3150,0.38607,0.0372039
3261,0.424164,0.00779521
3168,0.389992,0.00500613
3171,0.389712,0.00589968
3273,0.430165,0.00518559
3162,0.390396,0.0066063
3183,0.394453,0.00863642
3180,0.393727,0.00477059
3285,0.432285,0.00525289
3174,0.391009,0.00669977
3195,0.412458,0.00793354
3192,0.406618,0.0086925
3297,0.427357,0.0098328
3186,0.396961,0.0198301
3204,0.42151,0.00535383
3207,0.423685,0.0056118
3309,0.426194,0.00486032
3198,0.414556,0.0102702
3216,0.423992,0.0072531
3321,0.418201,0.00508091
3219,0.424216,0.00719702
3210,0.426104,0.00526036
3228,0.426404,0.00507343
3222,0.423842,0.00469208
3231,0.427974,0.00796345
3240,0.428673,0.00581743
3333,0.418279,0.00548095
3243,0.42855,0.00552581
3234,0.428912,0.00557068
3345,0.419334,0.00776904
3252,0.427948,0.00537626
3255,0.426998,0.00795971
3246,0.427637,0.005051
3357,0.418059,0.0108086
3264,0.42539,0.0074662
3369,0.421087,0.0051482
3267,0.426863,0.0121994
3258,0.426661,0.00604549
3381,0.42505,0.00659882
3276,0.431428,0.00780642
3279,0.431686,0.00515942
3270,0.428923,0.00442663
3393,0.423917,0.00570527
3288,0.426276,0.0103188
3291,0.425562,0.00905515
3282,0.43138,0.0103861
3300,0.427667,0.00587725
3405,0.428093,0.00529775
3303,0.426699,0.00973934
3294,0.427652,0.00857286
3312,0.417326,0.00493136
3315,0.420231,0.00558189
3417,0.427338,0.00602306
3306,0.426886,0.00452758
3327,0.419397,0.00532018
3324,0.417487,0.00525662
3429,0.429249,0.00492014
3318,0.4197,0.0090402
3339,0.417561,0.0159381
3441,0.432943,0.00655022
3330,0.420175,0.00774287
3336,0.415475,0.0048192
3351,0.417049,0.0116087
3342,0.419427,0.00740264
3453,0.434087,0.00565293
3348,0.418193,0.0183496
3363,0.417793,0.0174672
3354,0.415999,0.0141473
3465,0.435369,0.00639319
3360,0.420033,0.00980663
3375,0.423771,0.0060941
3477,0.429301,0.0066549
3372,0.422059,0.00925331
3366,0.419573,0.0109731
3387,0.422377,0.00714841
3489,0.427207,0.00677828
3399,0.424523,0.00530523
3384,0.426172,0.00545852
3378,0.424609,0.00898038
3411,0.424512,0.00718206
3390,0.424007,0.00523045
3396,0.423715,0.00623991
3501,0.428643,0.00606419
3423,0.429125,0.00492388
3513,0.426983,0.00520802
3402,0.425888,0.00611653
3408,0.42929,0.00541365
3435,0.430535,0.00540991
3525,0.427824,0.00492388
3447,0.433129,0.0066736
3420,0.428437,0.00499865
3414,0.425888,0.00585856
3537,0.424134,0.00546225
3459,0.434113,0.00510334
3432,0.429626,0.00466591
3426,0.428736,0.00484537
3549,0.429406,0.00649788
3471,0.432109,0.00741012
3444,0.432999,0.00738021
3561,0.431223,0.00567162
3483,0.429357,0.00459487
3438,0.432471,0.00602306
3456,0.434303,0.00513325
3450,0.433503,0.00567162
3573,0.430628,0.00540991
3495,0.427589,0.00591464
3468,0.435313,0.00551833
3462,0.433365,0.0048005
3585,0.434262,0.00535383
3507,0.428075,0.00619878
3474,0.429694,0.00753724
3480,0.429013,0.0054959
3597,0.429219,0.00631468
3519,0.427656,0.00449767
3486,0.425843,0.0054959
3492,0.42714,0.00554077
3609,0.428063,0.00466217
3531,0.427951,0.00522298
3498,0.427918,0.0054473
3504,0.427974,0.00576883
3516,0.427847,0.00474442
3621,0.434457,0.00757089
3543,0.425099,0.00499492
3510,0.427873,0.00499492
3528,0.427742,0.00489771
3633,0.43393,0.0244474
3522,0.42769,0.00414623
3555,0.431118,0.0059782
3540,0.424979,0.00482293
3645,0.427327,0.0148352
3567,0.430505,0.00567536
3552,0.430868,0.0056305
3534,0.427906,0.00578752
3657,0.430782,0.0118966
3579,0.432113,0.00542487
3564,0.431047,0.00595576
3669,0.430292,0.00927574
3546,0.427577,0.00608662
3591,0.434853,0.00575013
3576,0.430946,0.0049351
3681,0.429144,0.00623617
3558,0.433462,0.0058436
3603,0.426,0.00487902
3588,0.434573,0.00477433
3570,0.429477,0.0058623
3693,0.432868,0.00526036
3615,0.430284,0.00957483
3600,0.426919,0.00701382
3582,0.433253,0.00552207
3705,0.429155,0.00495753
3627,0.433559,0.0127041
3612,0.429421,0.00640815
3717,0.432127,0.00459113
3594,0.433645,0.00530897
3624,0.435975,0.00896169
3639,0.432288,0.0185365
3729,0.431727,0.00547347
3651,0.428837,0.0122405
3606,0.427121,0.00544356
3636,0.432905,0.0178935
3741,0.43089,0.00889813
3663,0.431503,0.0123976
3618,0.432086,0.00843079
3753,0.42809,0.00563423
3648,0.428583,0.0148913
3675,0.424048,0.00957857
3630,0.433234,0.0168616
3765,0.425364,0.00438177
3660,0.431163,0.0123228
3687,0.433623,0.00457618
3642,0.43101,0.017056
3777,0.421158,0.00540243
3699,0.428748,0.00608662
3672,0.426426,0.00900655
3654,0.429742,0.00635207
3789,0.438625,0.00507343
3711,0.430505,0.0063259
3684,0.431615,0.00414997
3801,0.441485,0.00502109
3723,0.431574,0.00377983
3666,0.431458,0.0107525
3813,0.446215,0.00492014
3696,0.430109,0.00460235
3678,0.425981,0.00792606
3735,0.431118,0.00786998
3825,0.460508,0.00664742
3708,0.43021,0.00386209
3690,0.433709,0.00479303
3747,0.427611,0.00703251
3837,0.465095,0.00701008
3702,0.427892,0.00274421
3720,0.430856,0.00315921
3759,0.427211,0.00504352
3849,0.463293,0.00704747
3732,0.43166,0.00472199
3714,0.431428,0.00623617
3726,0.431511,0.00502109
3861,0.464314,0.00469582
3744,0.43031,0.00850556
3771,0.417281,0.00749237
3738,0.431398,0.00768679
3873,0.46136,0.00551086
3783,0.431111,0.00427334
3756,0.427286,0.00548469
3750,0.427361,0.00548469
3795,0.435963,0.00671472
3762,0.426695,0.00550338
3885,0.46268,0.0121882
3768,0.422482,0.00627355
3807,0.444424,0.00603802
3774,0.419958,0.0057277
3780,0.426003,0.00444533
3897,0.456766,0.00814665
3786,0.435361,0.00488275
3819,0.44884,0.00552581
3792,0.440379,0.00462104
3798,0.438708,0.0048005
3831,0.463671,0.00884579
3909,0.461693,0.00754471
3804,0.443216,0.00553329
3843,0.465252,0.0060268
3810,0.444174,0.00547347
3921,0.459162,0.00592585
3816,0.447546,0.00506221
3855,0.464598,0.00569405
3933,0.458639,0.00700634
3822,0.459136,0.00483789
3828,0.462557,0.00840836
3867,0.461544,0.00542861
3840,0.465148,0.00576135
3945,0.459282,0.00575013
3834,0.464651,0.00810552
3879,0.460478,0.0100683
3957,0.459805,0.00616887
3846,0.462396,0.00665116
3852,0.46403,0.0064418
3969,0.462033,0.00535757
3891,0.462048,0.00566414
3858,0.464333,0.00569032
3864,0.46268,0.00409389
3903,0.45742,0.00721197
3876,0.461155,0.00422848
3870,0.459267,0.00687549
3981,0.454825,0.00652031
3888,0.462422,0.00537252
3915,0.463331,0.00513325
3882,0.460527,0.0052155
3993,0.459985,0.00535009
3900,0.453012,0.00729422
3894,0.459577,0.00504726
4005,0.458792,0.00543608
3927,0.460026,0.0075821
3912,0.463162,0.0082775
3906,0.459816,0.00565667
4017,0.459166,0.00797093
3939,0.460654,0.00632216
3924,0.459285,0.00551086
4029,0.461667,0.00685305
3918,0.462303,0.006954
3951,0.461218,0.00549964
3936,0.460209,0.00580622
4041,0.460332,0.00821021
3930,0.456418,0.00900655
3963,0.458422,0.00549216
3948,0.460714,0.00750733
4053,0.457786,0.00538748
3942,0.458235,0.00633711
3960,0.459095,0.00504352
3975,0.458583,0.00472199
3972,0.458889,0.00471077
3954,0.461058,0.00561554
4065,0.457065,0.00512577
3987,0.454724,0.00647918
3984,0.450571,0.00901403
4077,0.45985,0.00575761
3966,0.461129,0.00516316
3999,0.458055,0.00596698
3996,0.456754,0.00552955
3978,0.457491,0.00459113
4089,0.458388,0.00519307
4011,0.45816,0.00766061
4008,0.458986,0.00540991
4101,0.454287,0.00726805
3990,0.458362,0.0120237
4023,0.458841,0.00486406
4113,0.458837,0.00804944
4020,0.456556,0.00509212
4002,0.457584,0.00563423
4035,0.461076,0.00687922
4125,0.458635,0.0035256
4032,0.460732,0.00532018
4014,0.458497,0.00682688
4047,0.45819,0.00582117
4044,0.460538,0.0095711
4137,0.460198,0.00783633
4026,0.460542,0.00586603
4056,0.458063,0.00552207
4059,0.458033,0.00639319
4149,0.468232,0.00659882
4038,0.460123,0.00874858
4068,0.454739,0.00554077
4071,0.458579,0.00797467
4161,0.478274,0.0225257
4050,0.457842,0.00589221
4080,0.460687,0.00452384
4173,0.497117,0.0723702
4062,0.458721,0.00566788
4092,0.458908,0.00497622
4083,0.460628,0.00905515
4185,0.509709,0.112045
4074,0.459689,0.00913367
4095,0.452821,0.00677828
4104,0.455225,0.00784007
4197,0.495304,0.154659
4086,0.459596,0.00558189
4107,0.45687,0.00796345
4116,0.457166,0.00716337
4209,0.505716,0.233385
4098,0.454018,0.00586977
4128,0.458366,0.0044042
4119,0.456209,0.00807935
4110,0.458156,0.0074176
4221,0.483037,0.518985
4140,0.459323,0.00841583
4131,0.458807,0.00735778
4122,0.454874,0.00504726
4152,0.473137,0.0100833
4233,0.446514,0.526855
4143,0.46302,0.00770922
4134,0.458863,0.00810552
4245,0.397544,0.541593
4164,0.479347,0.0411894
4155,0.477467,0.0120199
4146,0.461678,0.00569032
4176,0.50338,0.0917704
4257,0.406801,0.575301
4188,0.503529,0.129296
4167,0.481901,0.044872
4158,0.478525,0.021778
4269,0.422074,0.623676
4179,0.51005,0.103327
4200,0.495966,0.167722
4170,0.489034,0.0385872
4281,0.428333,0.645929
4182,0.509908,0.109346
4212,0.502658,0.28022
4191,0.503574,0.116315
4293,0.432116,0.656536
4224,0.472158,0.527225
4203,0.502688,0.159568
4194,0.502247,0.137334
4305,0.459334,0.70579
4236,0.439822,0.521314
4206,0.506442,0.164802
4317,0.498086,0.7227
4215,0.500923,0.357869
4248,0.400644,0.54433
4218,0.495099,0.452821
4260,0.413535,0.623684
4227,0.461054,0.547291
4329,0.479703,0.692016
4230,0.454563,0.542031
4341,0.45536,0.675263
4272,0.421637,0.619026
4239,0.432718,0.514861
4353,0.477127,0.652431
4242,0.420235,0.506363
4251,0.39523,0.563356
4284,0.426819,0.670818
4365,0.469055,0.637999
4254,0.403194,0.569869
4263,0.412746,0.644026
4296,0.426164,0.660002
4377,0.462261,0.575212
4266,0.418126,0.62955
4308,0.462198,0.692499
4275,0.428744,0.630429
4278,0.428348,0.633195
4389,0.431929,0.564358
4320,0.493382,0.692005
4287,0.427693,0.649403
4290,0.430127,0.652072
4332,0.471376,0.672179
4401,0.405676,0.561547
4302,0.446514,0.685066
4344,0.46068,0.676822
4299,0.436853,0.664952
4413,0.375348,0.499091
4314,0.486582,0.714437
4356,0.478723,0.639854
4311,0.47138,0.71363
4425,0.363548,0.498519
4326,0.48915,0.68197
4368,0.465753,0.603914
4323,0.496747,0.656869
4437,0.405183,0.575473
4338,0.456691,0.685859
4380,0.458856,0.568482
4335,0.461648,0.688203
4449,0.461723,0.564725
4350,0.46815,0.664825
4392,0.423166,0.549687
4347,0.461394,0.667083
4461,0.505817,0.585186
4404,0.397264,0.565379
4362,0.470546,0.65276
4359,0.474382,0.660536
4473,0.485475,0.56367
4374,0.46372,0.56524
4416,0.370895,0.502901
4371,0.461417,0.580132
4386,0.445254,0.511826
4428,0.370622,0.562156
4485,0.446735,0.535854
4383,0.453737,0.558148
4398,0.412129,0.556585
4440,0.419689,0.554327
4497,0.418638,0.489057
4395,0.419012,0.545945
4410,0.385865,0.507978
4509,0.419109,0.545418
4452,0.477691,0.576472
4407,0.394191,0.526635
4422,0.361073,0.454448
4464,0.498108,0.61682
4521,0.389061,0.521255
4419,0.368308,0.534725
4434,0.391865,0.541492
4431,0.379356,0.546981
4533,0.433272,0.560799
4476,0.476588,0.561745
4446,0.434427,0.58703
4488,0.432744,0.509186
4545,0.378141,0.521673
4443,0.42665,0.584528
4557,0.3564,0.554757
4458,0.500034,0.578831
4500,0.418421,0.4684
4455,0.486552,0.584472
4467,0.498194,0.559296
4569,0.395327,0.627983
4470,0.489928,0.540341
4512,0.415767,0.549052
4479,0.467664,0.530149
4581,0.384564,0.628294
4524,0.399986,0.506894
4482,0.459356,0.549261
4491,0.427764,0.530448
4593,0.383906,0.606381
4536,0.423536,0.550435
4494,0.422885,0.514117
4503,0.423506,0.476656
4605,0.355267,0.581504
4548,0.370682,0.526829
4506,0.423801,0.508438
4515,0.408417,0.543975
4560,0.361597,0.587138
4617,0.303781,0.550686
4518,0.398558,0.546539
4629,0.259429,0.457603
4527,0.416926,0.532534
4572,0.39938,0.636268
4530,0.427017,0.538699
4584,0.379528,0.62392
4641,0.280672,0.532067
4539,0.406398,0.555176
4542,0.394135,0.558339
4653,0.308615,0.535349
4596,0.371583,0.598549
4551,0.362229,0.535619
4554,0.354433,0.534845
4665,0.278997,0.440397
4608,0.347595,0.591557
4563,0.369209,0.590697
4566,0.382975,0.609982
4620,0.284176,0.543702
4677,0.237326,0.430897
4575,0.399152,0.628443
4578,0.394011,0.616083
4632,0.272126,0.471679
4689,0.215151,0.325417
4587,0.38256,0.613309
4644,0.285118,0.547104
4701,0.211768,0.370577
4590,0.384721,0.605073
4599,0.369467,0.578864
4713,0.224711,0.390407
4602,0.362692,0.572965
4611,0.336252,0.57692
4656,0.309195,0.50332
4725,0.270649,0.36685
4614,0.320534,0.575481
4623,0.274571,0.508292
4668,0.278399,0.362573
4737,0.273528,0.44454
4626,0.266499,0.469107
4635,0.28222,0.48872
4680,0.223863,0.416907
4638,0.280564,0.504685
4749,0.244272,0.360628
4647,0.292838,0.530418
4650,0.30414,0.528395
4692,0.222737,0.36532
4761,0.172897,0.28532
4659,0.299362,0.502542
4662,0.284815,0.446824
4773,0.113847,0.254468
4704,0.215062,0.408368
4671,0.262413,0.365691
4674,0.251084,0.42754
4785,0.0494968,0.172272
4716,0.237098,0.375441
4683,0.214471,0.391398
4686,0.210082,0.360228
4728,0.277405,0.437463
4695,0.216696,0.331313
4698,0.212164,0.339916
4797,0.00578004,0.00931686
4707,0.218793,0.38911
4710,0.218098,0.41152
4740,0.272604,0.431529
4809,0.000998235,0.00575387
4719,0.252927,0.36805
4722,0.262996,0.332487
4752,0.233441,0.342731
4821,0.0023666,0.00732413
4764,0.158237,0.27352
4731,0.278624,0.4565
4734,0.276249,0.44964
4833,0.00214602,0.00432943
4776,0.0954941,0.230241
4746,0.252101,0.38945
4743,0.263018,0.377774
4845,0.00524167,0.0175308
4788,0.0320071,0.0905628
4758,0.196974,0.301276
4800,0.00149548,0.00748116
4755,0.215709,0.298786
4857,0.00501735,0.00797841
4770,0.125179,0.283364
4812,0.00137584,0.00478929
4869,0.00449767,0.00647171
4767,0.143809,0.290737
4824,0.00208246,0.00496501
4782,0.061928,0.166907
4881,0.00382844,0.00936921
4779,0.0775558,0.212733
4836,0.00390695,0.00936921
4794,0.00976551,0.0498033
4893,0.00437055,0.00585482
4848,0.00527158,0.00634459
4791,0.0147604,0.0747891
4905,0.0037088,0.01036
4806,0.000964587,0.00502856
4860,0.0049164,0.0176878
4803,0.00107301,0.00599315
4917,0.00817282,0.0111526
4818,0.00168242,0.00699139
4872,0.00510708,0.00619878
4815,0.00148427,0.00544356
4929,0.0660181,0.0923648
4830,0.00209368,0.00550338
4827,0.0023666,0.00592585
4884,0.00465095,0.00823264
4941,0.10167,0.132332
4839,0.00462104,0.00605671
4842,0.00472947,0.00590716
4896,0.00349195,0.00567162
4851,0.0042883,0.00900281
4854,0.00491266,0.0064231
4953,0.0981224,0.128653
4908,0.00328259,0.00836723
4863,0.00497248,0.00695026
4866,0.00446776,0.0152876
4965,0.0666649,0.115418
4920,0.0285264,0.0371852
4875,0.00479676,0.0204208
4878,0.00478929,0.00720823
4887,0.00472573,0.00648666
4932,0.0871493,0.118046
4977,0.0735591,0.132661
4890,0.00443037,0.0149847
4989,0.0766024,0.124783
4944,0.106273,0.0963166
4902,0.00380601,0.00560806
4899,0.00361159,0.00610905
5001,0.0883457,0.171225
4914,0.00166746,0.00876727
4956,0.0905254,0.129445
4911,0.00229557,0.0129658
4926,0.0431746,0.0630608
5013,0.057464,0.210721
4923,0.0354803,0.0620401
4938,0.0972214,0.157919
5025,0.0127303,0.0479975
4968,0.0638198,0.0941893
4935,0.093363,0.190214
4950,0.107275,0.141237
5037,0.0084607,0.0393312
4947,0.110456,0.12248
4980,0.0710803,0.168919
5049,0.0196656,0.070628
4959,0.0860539,0.107806
4962,0.0790101,0.157452
4992,0.0799859,0.102949
4971,0.0678576,0.146856
5061,0.0812347,0.070856
4974,0.0708635,0.121811
5004,0.083691,0.148498
4983,0.0719515,0.15568
5073,0.177017,0.12777
5016,0.0394882,0.166687
4995,0.083104,0.131053
4986,0.0754023,0.11516
5085,0.210138,0.177405
5028,0.0098029,0.0357944
5007,0.080371,0.215208
4998,0.0884728,0.173566
5040,0.00890187,0.0613672
5097,0.182191,0.181152
5019,0.0247241,0.132395
5010,0.0744527,0.243442
5052,0.0332147,0.0977186
5109,0.127666,0.185919
5022,0.0158185,0.10569
5031,0.00709981,0.0402696
5064,0.0986533,0.0765949
5121,0.0280852,0.0531383
5034,0.00807935,0.0487378
5043,0.0097842,0.0626795
5076,0.198944,0.140097
5133,0.00121508,0.00792232
5046,0.0125135,0.0487416
5055,0.0453692,0.110105
5088,0.207453,0.180767
5145,0.00166746,0.00601932
5067,0.120667,0.113257
5058,0.0614569,0.068553
5100,0.168227,0.162129
5079,0.212,0.148924
5157,0.00147679,0.00648666
5070,0.154136,0.100418
5169,0.00189179,0.00688296
5091,0.200967,0.19746
5112,0.0985486,0.15227
5082,0.211674,0.162462
5103,0.160615,0.201961
5124,0.012349,0.0180804
5181,0.00144688,0.00716711
5094,0.191938,0.195086
5115,0.0711775,0.109937
5136,0.00206751,0.00693157
5127,0.00140949,0.00663621
5193,0.00103562,0.00578378
5106,0.150019,0.199696
5139,0.00182823,0.00738769
5205,0,0.00671098
5118,0.0481733,0.0950978
5148,0.00161886,0.00550712
5151,0.00158147,0.00694652
5163,0.00249372,0.00650909
5130,0.00112161,0.00604175
5217,0.000168242,0.00701756
5160,0.00277038,0.00672968
5175,0.00164129,0.00726431
5229,0.00115152,0.00588847
5142,0.00171981,0.00635207
5187,0.00136837,0.00603054
5172,0.00175345,0.00692409
5241,0.00103562,0.0071185
5154,0.00148427,0.0057464
5199,0.0001159,0.0063745
5184,0.00163755,0.0067222
5211,0.000127116,0.00636702
5166,0.00208246,0.00592585
5253,0.00108796,0.00683062
5178,0.00152165,0.00686427
5196,0.000205629,0.00549964
5265,0.0401089,0.0569817
5223,0.0015067,0.0049837
5190,0.00116648,0.00548842
5208,0,0.00621373
5202,6.35581e-05,0.006539
5277,0.0500837,0.0860875
5235,0.00104684,0.00570527
5220,0.00182449,0.00601932
5289,0.0590566,0.117223
5232,0.0010917,0.00606045
5214,0.000153287,0.00706616
5247,0.00117769,0.00807561
5301,0.109683,0.181234
5226,0.001159,0.00539122
5259,0.0113881,0.0157175
5244,0.00102067,0.00669229
5238,0.00103562,0.00620626
5313,0.122589,0.069196
5256,0.000968326,0.00594455
5271,0.0466067,0.0774361
5325,0.122099,0.0895944
5250,0.0010431,0.00649414
5268,0.0435709,0.0636403
5283,0.0532691,0.101439
5262,0.0291657,0.0231463
5280,0.0517961,0.0903571
5337,0.148984,0.104897
5295,0.0941706,0.169558
5274,0.0485172,0.0807972
5349,0.153227,0.146913
5292,0.0773464,0.141361
5307,0.11664,0.15722
5286,0.0545926,0.126301
5361,0.191269,0.152065
5304,0.114722,0.173487
5319,0.122353,0.107148
5298,0.103693,0.176706
5316,0.122562,0.0867717
5373,0.204395,0.163714
5331,0.133737,0.1036
5310,0.119463,0.139058
5328,0.123213,0.0805243
5385,0.208138,0.185481
5322,0.121729,0.0991468
5343,0.151964,0.117074
5340,0.150315,0.112128
5397,0.237344,0.105114
5334,0.14514,0.107264
5355,0.170395,0.163976
5352,0.157646,0.156641
5409,0.239464,0.102826
5367,0.198877,0.15036
5364,0.196462,0.167532
5421,0.264865,0.107869
5346,0.152435,0.131027
5376,0.206896,0.173727
5379,0.207958,0.180359
5433,0.298087,0.137525
5358,0.183615,0.154846
5388,0.217937,0.183821
5391,0.226895,0.157445
5445,0.348328,0.161452
5370,0.202369,0.15507
5400,0.236705,0.107806
5403,0.236918,0.0725983
5457,0.356351,0.152225
5382,0.208254,0.189725
5412,0.240444,0.10308
5415,0.243719,0.0979131
5469,0.338948,0.119343
5394,0.234436,0.146449
5427,0.282355,0.124559
5481,0.326838,0.0756827
5424,0.277255,0.123198
5406,0.237591,0.101719
5439,0.328173,0.171891
5493,0.359421,0.0978383
5436,0.31336,0.141843
5418,0.2532,0.111399
5451,0.358808,0.152898
5448,0.356456,0.150748
5463,0.349087,0.148083
5430,0.285312,0.132732
5505,0.38207,0.0778362
5460,0.353663,0.148834
5475,0.322752,0.0870147
5442,0.339965,0.163744
5517,0.381849,0.106542
5472,0.32726,0.081803
5487,0.341026,0.0835826
5454,0.357286,0.157946
5529,0.401949,0.0464983
5484,0.333037,0.0833022
5499,0.372379,0.103166
5466,0.344062,0.128309
5541,0.421954,0.0742283
5511,0.384567,0.0938902
5496,0.367867,0.101614
5478,0.32166,0.0735516
5523,0.389188,0.104478
5553,0.427903,0.0850295
5508,0.383879,0.0823301
5490,0.349838,0.0903908
5535,0.412204,0.0505997
5565,0.453771,0.110382
5502,0.378391,0.0866782
5520,0.381505,0.104231
5547,0.422575,0.0835676
5514,0.383457,0.0986608
5577,0.492915,0.111185
5532,0.407975,0.044027
5526,0.395447,0.0696522
5559,0.439347,0.0987094
5589,0.503533,0.0595427
5544,0.423472,0.0795896
5601,0.494979,0.05131
5571,0.470786,0.0997002
5538,0.417438,0.0645825
5556,0.433429,0.0876017
5613,0.503017,0.0517662
5550,0.424433,0.0826105
5583,0.499555,0.105648
5625,0.513957,0.0214527
5568,0.464363,0.0986571
5562,0.444596,0.107847
5637,0.520922,0.0463151
5580,0.497611,0.113014
5595,0.498669,0.0586678
5574,0.482447,0.101214
5649,0.525124,0.0100945
5607,0.493543,0.0446589
5592,0.503032,0.0658985
5586,0.501021,0.0802402
5661,0.524189,0.00591464
5598,0.496983,0.0554637
5619,0.510222,0.028904
5673,0.524335,0.0059109
5604,0.493719,0.0471489
5631,0.517957,0.0422624
5610,0.498643,0.0447337
5685,0.529865,0.0142333
5616,0.505731,0.0433915
5643,0.520193,0.0363178
5622,0.511478,0.0196918
5697,0.527835,0.00814665
5628,0.515953,0.0428157
5655,0.52386,0.00583986
5709,0.535693,0.00914488
5634,0.520406,0.0430811
5667,0.525692,0.00671098
5640,0.519621,0.0426811
5646,0.523038,0.019617
5721,0.551101,0.00805318
5679,0.525876,0.0114255
5652,0.525057,0.00647918
5733,0.551007,0.00767183
5658,0.523703,0.0058436
5691,0.532314,0.00857286
5664,0.5253,0.00700634
5670,0.522133,0.0059595
5676,0.526279,0.0052828
5703,0.532762,0.00714093
5682,0.527741,0.0114442
5715,0.541462,0.00798214
5688,0.53185,0.0128088
5694,0.531372,0.00781016
5727,0.551609,0.00720823
5700,0.530052,0.00706242
5706,0.533947,0.00785503
5712,0.537297,0.00956736
5718,0.543418,0.00563423
5724,0.551897,0.00506969
5730,0.551239,0.00610157
5736,0.55146,0.00495753
Time(milisec),195061
