framenum,queue density,dynamic density
3,0.0629243,0.0273555
6,0.0732976,0.0821586
12,0.0905485,0.0584571
9,0.0862137,0.047885
18,0.0970212,0.072455
15,0.0942246,0.0666004
24,0.101963,0.0352707
21,0.100208,0.0509945
30,0.11085,0.0695663
36,0.114099,0.110239
27,0.107126,0.0481941
42,0.117094,0.105809
33,0.112561,0.0843223
48,0.119026,0.0855697
39,0.115961,0.11167
54,0.121952,0.0460157
60,0.126452,0.0428658
45,0.119059,0.0966054
66,0.126213,0.033935
51,0.119729,0.0747806
72,0.129536,0.0231274
57,0.125017,0.0387077
78,0.131041,0.0261854
63,0.126029,0.0305349
84,0.139762,0.0456441
69,0.128093,0.0293389
90,0.16523,0.0608784
75,0.131181,0.0194513
96,0.168332,0.0678148
81,0.135928,0.0349653
102,0.173649,0.0409339
87,0.152074,0.0619565
108,0.17759,0.0587993
93,0.17136,0.0583209
114,0.195639,0.0696988
99,0.171975,0.0582988
105,0.174249,0.0431823
120,0.206167,0.11287
111,0.18662,0.0681643
126,0.210388,0.0832735
132,0.216033,0.105772
117,0.204096,0.101544
138,0.219396,0.0950231
123,0.208817,0.113242
144,0.22011,0.0812901
129,0.212824,0.0917444
150,0.219849,0.0865853
135,0.217354,0.106644
156,0.216651,0.0636198
141,0.220574,0.0849846
162,0.211142,0.0489632
147,0.219164,0.0797961
168,0.206889,0.0441317
153,0.219047,0.0703501
174,0.20131,0.0135416
159,0.213453,0.0634395
180,0.198131,0.00792994
186,0.196122,0.0121874
165,0.208714,0.056768
192,0.194418,0.00733381
171,0.203919,0.0292837
198,0.193836,0.00680392
177,0.199544,0.0177807
204,0.194569,0.00750676
183,0.197498,0.00837519
210,0.194296,0.00911115
189,0.195599,0.00767603
216,0.194237,0.0159887
195,0.193318,0.0072087
222,0.194127,0.00776435
201,0.19402,0.0126842
228,0.194547,0.00745156
207,0.193925,0.00824272
234,0.195857,0.00838991
213,0.194532,0.00802193
240,0.191875,0.0091921
219,0.194168,0.00815808
246,0.193226,0.00923994
225,0.194057,0.00762083
252,0.1926,0.00740741
231,0.19462,0.00911115
258,0.193104,0.0149215
237,0.194984,0.00819856
264,0.192994,0.00779746
243,0.192828,0.0107119
270,0.192777,0.00855918
249,0.193185,0.00908907
276,0.192927,0.0127946
255,0.192593,0.00818752
282,0.195864,0.0142555
261,0.193373,0.0116134
288,0.200707,0.0243602
294,0.194197,0.0143364
267,0.193226,0.00838991
300,0.189969,0.0106015
273,0.192648,0.00702471
306,0.189884,0.00551232
279,0.19384,0.0115251
312,0.193553,0.00759508
285,0.199912,0.0198672
318,0.194984,0.00773491
291,0.197211,0.0253132
324,0.194237,0.00565951
297,0.191275,0.00954536
330,0.194469,0.00627035
303,0.189502,0.00795202
336,0.194171,0.00691432
309,0.191754,0.00666409
342,0.196177,0.0072271
315,0.195014,0.00756564
348,0.198775,0.0214421
321,0.194248,0.00780114
354,0.195647,0.0319994
327,0.194197,0.00627403
360,0.196077,0.030303
333,0.194296,0.00665673
366,0.19611,0.0289342
339,0.194565,0.00745892
372,0.197012,0.0290777
345,0.196692,0.0152233
378,0.196475,0.0276425
351,0.197303,0.0275064
384,0.197034,0.0243455
357,0.195985,0.033188
390,0.204059,0.0347703
363,0.196074,0.0290887
396,0.207249,0.0197052
369,0.196236,0.0304797
402,0.209759,0.0169675
375,0.19724,0.0292653
408,0.213041,0.0488234
381,0.195816,0.0272746
414,0.229527,0.0820813
387,0.201564,0.0282129
420,0.241593,0.117772
393,0.204865,0.0210778
426,0.261154,0.160001
399,0.208732,0.0186786
432,0.277607,0.154853
405,0.210476,0.0425935
411,0.220309,0.0688856
438,0.290357,0.188512
417,0.23594,0.102762
444,0.298857,0.223186
450,0.309301,0.223028
423,0.250626,0.142514
456,0.319015,0.221321
429,0.269931,0.161425
435,0.285871,0.160726
462,0.322721,0.179625
441,0.293776,0.216964
468,0.326033,0.0504903
447,0.30062,0.225527
474,0.325466,0.00639179
453,0.315751,0.226388
480,0.330673,0.0068996
459,0.321459,0.211878
486,0.332347,0.00741109
465,0.32604,0.114184
492,0.333952,0.00689592
471,0.325267,0.0163014
498,0.333278,0.00528049
477,0.328561,0.00635867
504,0.350823,0.0130816
483,0.331817,0.00781218
510,0.371986,0.0357491
489,0.333212,0.00770179
516,0.378893,0.0688193
495,0.331744,0.00567791
522,0.387548,0.0725874
501,0.339537,0.00923626
528,0.394425,0.0780887
507,0.360652,0.0411547
534,0.398977,0.0800022
513,0.376512,0.0555537
540,0.402366,0.0752295
519,0.382389,0.0722268
546,0.4051,0.0828982
525,0.391783,0.0765469
552,0.407301,0.0628434
531,0.395853,0.0774227
558,0.404269,0.0554764
537,0.401722,0.0780666
564,0.39968,0.0115398
543,0.405067,0.0804916
570,0.393384,0.0105941
549,0.407466,0.0761863
576,0.405671,0.0183511
555,0.405582,0.060952
582,0.41887,0.0255009
561,0.401553,0.00891244
588,0.427528,0.036934
567,0.39865,0.00779011
594,0.434049,0.0482493
573,0.39809,0.0114037
600,0.439834,0.0551747
579,0.411643,0.0246178
606,0.447951,0.0649004
585,0.423635,0.0288974
612,0.45913,0.0810473
591,0.431911,0.0446726
618,0.469025,0.0591709
624,0.481437,0.0388622
597,0.435602,0.0506007
630,0.491557,0.044783
603,0.443392,0.0645765
636,0.496613,0.0438483
609,0.453162,0.0689224
642,0.49733,0.0329893
615,0.464838,0.0673805
648,0.501113,0.0131883
621,0.475866,0.0485952
654,0.509371,0.0126989
627,0.486876,0.0407095
660,0.516921,0.015996
633,0.494221,0.0443635
666,0.525035,0.00695111
639,0.497617,0.0374271
645,0.497566,0.0216519
672,0.527482,0.00649114
651,0.505452,0.0140715
678,0.531442,0.00821328
684,0.53503,0.00685544
657,0.513334,0.0136336
663,0.521422,0.0139501
690,0.537061,0.006079
669,0.528472,0.00660153
696,0.53606,0.00725654
675,0.529367,0.00746996
702,0.538246,0.00468805
708,0.540321,0.00658314
681,0.533488,0.00767235
687,0.535703,0.00676712
714,0.542456,0.00785634
693,0.538544,0.0058619
720,0.534779,0.0065353
699,0.538257,0.00662729
705,0.539475,0.00610108
726,0.53638,0.00565583
711,0.541105,0.00740005
732,0.535486,0.0057883
717,0.542757,0.0071903
723,0.536178,0.00571471
738,0.531998,0.00579198
744,0.530868,0.0065905
729,0.535468,0.00510018
735,0.533863,0.00559695
750,0.526537,0.00633291
756,0.526334,0.00635499
741,0.531085,0.00660889
762,0.526327,0.00570367
747,0.526125,0.00741477
768,0.523472,0.00585086
753,0.526596,0.00664937
774,0.515854,0.00667145
759,0.526397,0.006171
780,0.517956,0.00548656
765,0.525201,0.00639915
786,0.518393,0.00577358
771,0.514898,0.00740741
792,0.523722,0.0117422
777,0.516944,0.00652426
798,0.533124,0.0257695
783,0.518239,0.00664937
804,0.541234,0.0301779
789,0.520288,0.00740373
810,0.544866,0.00604221
795,0.528182,0.0191349
816,0.552082,0.00571839
801,0.538139,0.0248569
822,0.560623,0.00547552
807,0.542669,0.0310279
828,0.565042,0.00637339
813,0.548439,0.0055344
834,0.565086,0.00639915
819,0.554602,0.00608636
840,0.563618,0.00770179
825,0.562411,0.00625931
846,0.563081,0.00723446
831,0.56612,0.0089382
837,0.563853,0.00602013
852,0.564192,0.00750676
843,0.563692,0.00686648
858,0.564832,0.00690328
849,0.563901,0.00745156
864,0.565539,0.00613788
855,0.56467,0.00578094
870,0.563923,0.00785634
861,0.564821,0.00666777
867,0.566179,0.00616364
876,0.565598,0.00672297
873,0.565347,0.00490147
882,0.565587,0.00700631
879,0.566875,0.00728597
888,0.565388,0.00550496
885,0.56587,0.00589134
894,0.566599,0.00621148
891,0.565509,0.00889404
900,0.568737,0.00557487
897,0.568067,0.00523633
906,0.563817,0.00700263
903,0.568174,0.00583614
912,0.565388,0.00622988
909,0.565638,0.00681128
918,0.559931,0.00767971
915,0.563471,0.00776435
924,0.557178,0.00738533
921,0.557907,0.00878365
930,0.554117,0.00643594
927,0.556899,0.00634027
936,0.556336,0.00734853
933,0.554941,0.00623356
942,0.562871,0.00907067
939,0.559441,0.00592813
948,0.563221,0.00687384
954,0.562323,0.00709463
945,0.563081,0.00721974
960,0.561042,0.00556016
951,0.562694,0.00560431
966,0.562433,0.00602013
957,0.560174,0.00631083
972,0.564648,0.0071903
963,0.561627,0.00638075
978,0.567213,0.00621884
969,0.562941,0.00579566
984,0.566348,0.0081728
975,0.565749,0.00741477
990,0.565793,0.00565951
981,0.565447,0.00590973
996,0.566749,0.00636971
987,0.565881,0.00634395
1002,0.561859,0.00531729
993,0.566061,0.00632187
1008,0.558842,0.00473588
1014,0.561745,0.00873949
999,0.564277,0.00671561
1020,0.559287,0.0105794
1005,0.558573,0.00525473
1026,0.558886,0.00551232
1011,0.561311,0.00891244
1017,0.559555,0.00661993
1032,0.559015,0.00477636
1023,0.559471,0.00545712
1038,0.557988,0.00519954
1029,0.558908,0.00414712
1044,0.560317,0.00758036
1035,0.559202,0.00666777
1050,0.561193,0.00678184
1041,0.558529,0.00608636
1056,0.56084,0.00726022
1047,0.561749,0.00641019
1062,0.555659,0.00620044
1053,0.561079,0.00545344
1068,0.555246,0.00465493
1059,0.560328,0.00776803
1074,0.556041,0.010285
1065,0.555489,0.00747732
1080,0.557094,0.00545344
1071,0.555493,0.00636603
1077,0.557226,0.00589134
1086,0.55514,0.00528049
1083,0.557778,0.00573678
1092,0.557355,0.010193
1089,0.556332,0.00533937
1098,0.560347,0.00964104
1095,0.559099,0.00603853
1104,0.560218,0.00451878
1101,0.559607,0.0118747
1110,0.560181,0.00319037
1116,0.558665,0.00716086
1107,0.559857,0.00501923
1122,0.558485,0.00552336
1113,0.55829,0.00806609
1128,0.561002,0.00935033
1119,0.557686,0.00575886
1134,0.561579,0.0200622
1125,0.558393,0.008136
1140,0.55982,0.0216445
1131,0.561782,0.0191643
1146,0.560325,0.02188
1137,0.560089,0.0215819
1152,0.561487,0.00902651
1143,0.559541,0.0197678
1158,0.560681,0.00882412
1149,0.560891,0.0156317
1164,0.561454,0.00522529
1155,0.560038,0.0121838
1170,0.559202,0.00574414
1161,0.558948,0.00652794
1176,0.557837,0.00468805
1167,0.560851,0.00439366
1182,0.555302,0.00464021
1173,0.558912,0.004769
1188,0.554301,0.00615996
1179,0.556601,0.00506706
1194,0.55394,0.00535777
1185,0.556325,0.0062262
1200,0.554279,0.00475428
1191,0.553848,0.00452614
1206,0.554179,0.00457765
1197,0.554724,0.00448566
1212,0.552038,0.00554912
1203,0.553999,0.0050597
1218,0.552958,0.00650218
1209,0.555103,0.00455189
1224,0.554352,0.00500451
1215,0.552512,0.0052069
1221,0.553716,0.00424647
1230,0.555651,0.00543872
1227,0.554176,0.00465125
1236,0.554117,0.0150246
1242,0.557204,0.00511122
1233,0.555916,0.00532465
1239,0.555438,0.00629611
1248,0.556306,0.00623356
1245,0.557311,0.00637707
1254,0.555158,0.00622252
1251,0.556601,0.00503027
1260,0.55479,0.00842303
1257,0.555346,0.00464389
1266,0.55348,0.0144579
1263,0.553039,0.00562639
1272,0.554856,0.0129271
1269,0.553855,0.00607533
1278,0.555467,0.00918842
1275,0.554934,0.00724918
1284,0.555074,0.00730069
1281,0.555666,0.0134202
1290,0.55557,0.00527681
1287,0.553075,0.013825
1296,0.556663,0.00477268
1293,0.555912,0.00477636
1302,0.558271,0.0151313
1299,0.558875,0.00679288
1305,0.557642,0.0158341
1308,0.557502,0.00529153
1311,0.553443,0.00705783
1314,0.553009,0.0171
1317,0.551872,0.0176188
1320,0.552071,0.00526209
1323,0.551964,0.00517746
1326,0.551132,0.00469541
1329,0.550584,0.00535409
1332,0.551088,0.00522897
1335,0.551015,0.00501555
1338,0.551408,0.00532465
1341,0.552542,0.0051885
1344,0.553778,0.00607533
1350,0.555935,0.00564479
1347,0.555489,0.00650586
1353,0.557627,0.00625931
1356,0.559787,0.0099575
1359,0.561064,0.0182149
1362,0.55953,0.0238156
1365,0.560689,0.0244595
1368,0.559246,0.0277566
1371,0.559526,0.0315762
1374,0.557741,0.0277051
1377,0.555729,0.032923
1380,0.55482,0.0210153
1383,0.553488,0.0210704
1386,0.548527,0.0193262
1389,0.550132,0.0112381
1392,0.550845,0.0143585
1395,0.550676,0.00911115
1398,0.549454,0.00865853
1401,0.55004,0.00536145
1404,0.549256,0.00457765
1407,0.54866,0.00578462
1410,0.548174,0.00905963
1413,0.541399,0.00801457
1416,0.543007,0.00636971
1419,0.544321,0.00823168
1422,0.546102,0.00656842
1425,0.547622,0.0058067
1428,0.549499,0.00694743
1431,0.553539,0.0172656
1434,0.556464,0.0121249
1437,0.553999,0.0144064
1440,0.558463,0.0140384
1443,0.562915,0.0303141
1446,0.565219,0.0255524
1449,0.566948,0.0611102
1452,0.567195,0.089853
1455,0.568803,0.117996
1458,0.569112,0.171931
1461,0.56686,0.211886
1464,0.568369,0.228993
1467,0.56803,0.208548
1470,0.566216,0.244731
1473,0.565638,0.255944
1476,0.565002,0.256032
1479,0.557911,0.30289
1485,0.552144,0.362893
1482,0.556133,0.330522
1491,0.534765,0.383805
1488,0.541907,0.37454
1494,0.525985,0.390296
1497,0.519766,0.390631
1500,0.513139,0.392512
1503,0.506515,0.392821
1506,0.50133,0.396964
1509,0.494368,0.404938
1512,0.48189,0.455844
1515,0.475969,0.478604
1518,0.466674,0.508425
1521,0.460518,0.537687
1524,0.453725,0.560148
1527,0.449821,0.575632
1530,0.452422,0.583478
1533,0.451429,0.598646
1536,0.444128,0.562253
1539,0.445824,0.575702
1542,0.444268,0.592077
1545,0.444268,0.59228
1548,0.443918,0.594863
1551,0.441379,0.604519
1554,0.440842,0.613288
1557,0.442295,0.627841
1560,0.444893,0.641361
1563,0.450317,0.635024
1566,0.455094,0.631628
1569,0.457806,0.628044
1572,0.456249,0.632316
1575,0.459392,0.636949
1578,0.463914,0.630656
1581,0.47099,0.636456
1584,0.474604,0.62287
1587,0.472381,0.60517
1590,0.471487,0.600883
1593,0.469346,0.620916
1596,0.473316,0.637144
1599,0.47994,0.653901
1602,0.494077,0.657997
1605,0.502177,0.672146
1608,0.508528,0.676304
1611,0.496701,0.682151
1614,0.495343,0.652076
1617,0.485132,0.654637
1620,0.467233,0.636768
1623,0.459366,0.603363
1626,0.455053,0.598668
1629,0.449416,0.595062
1632,0.448286,0.586963
1635,0.446553,0.571202
1638,0.441935,0.537377
1641,0.433482,0.551519
1644,0.42769,0.553307
1647,0.423046,0.5686
1650,0.417174,0.566621
1653,0.414855,0.568126
1656,0.413744,0.534739
1659,0.411974,0.534956
1662,0.40432,0.546621
1665,0.404221,0.559982
1668,0.405821,0.582499
1671,0.40634,0.564876
1677,0.408364,0.586282
1674,0.407275,0.585101
1683,0.415709,0.585579
1680,0.412165,0.596317
1689,0.425604,0.544097
1686,0.414881,0.570672
1695,0.450446,0.572012
1701,0.471833,0.564634
1692,0.437515,0.569984
1707,0.477647,0.552711
1698,0.463112,0.576792
1713,0.456091,0.572608
1704,0.477128,0.550606
1719,0.44521,0.576836
1710,0.463723,0.571357
1725,0.430848,0.533907
1716,0.454464,0.599599
1731,0.413277,0.540299
1722,0.437158,0.563213
1737,0.406484,0.542393
1728,0.427348,0.543637
1734,0.405487,0.540693
1743,0.394812,0.510099
1740,0.402171,0.526805
1749,0.373524,0.503534
1746,0.38485,0.538268
1755,0.366573,0.53581
1761,0.348799,0.505463
1752,0.36913,0.532781
1767,0.339453,0.533282
1758,0.360196,0.526588
1773,0.343593,0.521183
1764,0.342816,0.494048
1779,0.326794,0.50345
1770,0.342224,0.526765
1785,0.315777,0.468444
1776,0.337201,0.517992
1791,0.300414,0.432614
1782,0.321131,0.492646
1797,0.272816,0.42677
1788,0.306191,0.462185
1803,0.267204,0.461901
1794,0.285003,0.408861
1809,0.258207,0.447447
1800,0.271962,0.437453
1815,0.229931,0.445953
1806,0.261953,0.469467
1821,0.222421,0.439024
1812,0.237865,0.461541
1827,0.223551,0.433221
1818,0.221799,0.431525
1833,0.225873,0.467933
1824,0.221821,0.423529
1839,0.218848,0.467568
1830,0.229276,0.426642
1845,0.203959,0.403304
1836,0.220699,0.459307
1851,0.170219,0.323339
1842,0.212371,0.454336
1857,0.143563,0.260485
1848,0.193744,0.340255
1863,0.138135,0.238443
1854,0.149145,0.295479
1869,0.148457,0.232434
1860,0.143438,0.257335
1875,0.171577,0.285485
1866,0.132237,0.235024
1881,0.204979,0.350897
1872,0.168129,0.251499
1887,0.246748,0.330621
1878,0.184026,0.336167
1893,0.294456,0.352251
1884,0.225221,0.330853
1899,0.327744,0.39196
1890,0.27237,0.35341
1905,0.376151,0.365579
1896,0.311288,0.354602
1911,0.374613,0.455366
1902,0.355927,0.38361
1917,0.331221,0.419367
1908,0.387621,0.386547
1923,0.305455,0.370124
1914,0.352825,0.480635
1929,0.269699,0.314522
1920,0.31623,0.393369
1935,0.229339,0.303549
1926,0.290177,0.364155
1941,0.205041,0.26794
1932,0.247672,0.308381
1947,0.183014,0.316921
1938,0.215345,0.300282
1953,0.151132,0.2388
1944,0.196018,0.303509
1959,0.0984637,0.160888
1950,0.170882,0.273106
1965,0.0504241,0.0813196
1971,0.0157311,0.0275395
1956,0.123034,0.198208
1977,0.00335596,0.00820224
1962,0.0720281,0.153399
1983,0.0034774,0.0117201
1968,0.0333057,0.0556641
1989,0.00560431,0.00871741
1974,0.00559695,0.0213685
1980,0.0036945,0.0150834
1995,0.00500451,0.0104727
1986,0.00562639,0.0108222
2001,0.00889404,0.0110688
1992,0.00524001,0.0050597
2007,0.0720943,0.050299
2013,0.15415,0.121727
1998,0.00429063,0.0105352
2019,0.237961,0.162021
2004,0.0367537,0.0287686
2025,0.298195,0.214852
2010,0.110272,0.0723078
2031,0.329955,0.186492
2016,0.195216,0.131129
2037,0.288988,0.249339
2022,0.269415,0.19409
2043,0.240842,0.122169
2028,0.317304,0.233655
2049,0.193652,0.200758
2034,0.310986,0.202576
2055,0.153326,0.188081
2040,0.265625,0.209512
2061,0.13167,0.154279
2046,0.215867,0.140766
2067,0.0859671,0.120046
2052,0.17238,0.199834
2073,0.0426855,0.0617652
2058,0.139118,0.0954904
2079,0.0143696,0.0152196
2064,0.108204,0.200339
2085,0.0101488,0.00652426
2070,0.0631083,0.068639
2091,0.0101746,0.00961528
2076,0.0253684,0.0346084
2097,0.0117201,0.00918842
2082,0.0102813,0.00776067
2103,0.0175857,0.0323048
2088,0.0106199,0.0176409
2109,0.0327942,0.0636456
2094,0.0100973,0.00996854
2115,0.0556531,0.123045
2100,0.0122058,0.0104874
2121,0.0839469,0.182598
2106,0.0250446,0.0459237
2127,0.136215,0.242446
2112,0.0448419,0.091818
2133,0.163169,0.280687
2118,0.0666924,0.152781
2139,0.183088,0.290203
2124,0.110419,0.208291
2145,0.193851,0.292999
2130,0.150764,0.278096
2151,0.197855,0.286567
2136,0.174289,0.290111
2157,0.220305,0.314497
2142,0.189733,0.288289
2163,0.221313,0.316638
2148,0.195731,0.293551
2169,0.212364,0.317676
2154,0.203772,0.294478
2175,0.18279,0.2649
2160,0.225523,0.328822
2181,0.144192,0.209553
2166,0.217398,0.294475
2187,0.104683,0.179077
2172,0.201619,0.295189
2193,0.0634395,0.0861291
2178,0.163357,0.254409
2199,0.0339387,0.0909643
2184,0.124211,0.188659
2205,0.0179905,0.0164413
2190,0.0846719,0.132115
2211,0.00838255,0.0313886
2196,0.0463138,0.0668175
2217,0.00635131,0.0103255
2202,0.025328,0.0629722
2223,0.0058251,0.0198193
2208,0.0120771,0.038336
2229,0.00621148,0.0140825
2214,0.00661625,0.0234917
2235,0.00643962,0.0194293
2220,0.00618204,0.0137403
2241,0.00772387,0.0117606
2226,0.00592445,0.0144689
2247,0.00790418,0.0138654
2232,0.00629611,0.0148737
2253,0.0101709,0.0212287
2238,0.00702471,0.013284
2259,0.0118636,0.011676
2244,0.00685176,0.0162867
2265,0.0127909,0.0154073
2250,0.00811393,0.0250115
2271,0.043565,0.0530404
2256,0.0103696,0.0257475
2277,0.0620964,0.0735515
2262,0.0120881,0.0266196
2283,0.0680466,0.115078
2268,0.0250041,0.0454674
2289,0.0700999,0.096311
2274,0.0566724,0.0934113
2295,0.0710235,0.134757
2280,0.0654634,0.123987
2301,0.0796968,0.14909
2286,0.0711818,0.104683
2307,0.0801825,0.118169
2292,0.0705672,0.106909
2313,0.0697871,0.0997627
2298,0.0729444,0.112874
2319,0.0583761,0.105856
2304,0.0807124,0.153407
2325,0.0471969,0.0829681
2310,0.0761605,0.15493
2331,0.0393406,0.107567
2316,0.0628544,0.0929771
2337,0.0319405,0.0627514
2322,0.0536145,0.0619713
2343,0.0241431,0.0585454
2328,0.0405512,0.0771504
2349,0.017858,0.0399845
2334,0.0344869,0.102784
2340,0.028143,0.0500561
2355,0.0116428,0.0544387
2346,0.0214826,0.0797446
2361,0.012169,0.0487461
2352,0.0168056,0.0577653
2367,0.013089,0.0257548
2373,0.0132067,0.0481647
2358,0.00967783,0.0435282
2379,0.0143732,0.0349911
2364,0.0125039,0.0218211
2385,0.0241357,0.0386377
2370,0.0129823,0.0374565
2391,0.0521646,0.106033
2376,0.0134055,0.0298835
2397,0.0563485,0.115681
2382,0.0132215,0.0390094
2403,0.0604294,0.130095
2388,0.0470571,0.0741293
2409,0.065835,0.102526
2394,0.0546816,0.0879984
2415,0.0589354,0.0817869
2400,0.0585638,0.0725617
2406,0.0622031,0.135773
2421,0.0358006,0.0837813
2412,0.0687568,0.12179
2427,0.00978823,0.0381962
2418,0.0493275,0.0925613
2433,0.00816544,0.0104028
2439,0.0416588,0.0356019
2424,0.0209564,0.0894556
2445,0.0501923,0.0551747
2430,0.00187669,0.0199444
2451,0.0552814,0.10614
2436,0.0337804,0.0427738
2457,0.0601534,0.0808412
2442,0.0466891,0.0748284
2463,0.0612868,0.0456514
2448,0.0533054,0.105529
2469,0.0373093,0.0680723
2454,0.0576549,0.0903314
2475,0.0160144,0.0372468
2460,0.0625379,0.0505198
2481,0.0150098,0.0339313
2466,0.0493275,0.0585012
2487,0.0189399,0.0228257
2472,0.0258836,0.0354731
2493,0.0209748,0.0288311
2478,0.0157605,0.0486725
2499,0.0229987,0.0224688
2484,0.0172177,0.0154993
2490,0.020191,0.0371364
2505,0.0255524,0.0244926
2496,0.0217733,0.013008
2511,0.0385789,0.0512079
2502,0.023845,0.0102335
2517,0.0562087,0.12586
2508,0.0272672,0.0516642
2523,0.0601571,0.112708
2514,0.054689,0.0705268
2529,0.0658424,0.109437
2520,0.0570992,0.136251
2535,0.069927,0.141624
2526,0.0624092,0.106901
2541,0.0717632,0.176063
2532,0.0680687,0.113532
2547,0.0780519,0.193273
2538,0.0702802,0.159762
2553,0.0650255,0.198771
2559,0.0407352,0.123906
2544,0.076304,0.163533
2565,0.016375,0.0553182
2550,0.0736987,0.201409
2571,0.00675241,0.0134312
2556,0.0549907,0.177535
2577,0.00709095,0.00736325
2562,0.0286361,0.0692168
2583,0.0075546,0.00552704
2568,0.00792626,0.0347261
2589,0.00749204,0.00578094
2574,0.00699527,0.00869533
2595,0.00806241,0.00616732
2580,0.00761716,0.00490147
2601,0.00784898,0.00643226
2586,0.00808817,0.0118894
2592,0.00737061,0.0065905
2607,0.00785266,0.00639179
2598,0.00799617,0.00765027
2613,0.00825744,0.00665673
2604,0.00767603,0.00734853
2619,0.00774963,0.00489779
2610,0.00781954,0.00533569
2625,0.0115545,0.00737061
2616,0.00832367,0.00498611
2631,0.0390204,0.0474508
2622,0.00792258,0.00491251
2637,0.0493901,0.0758882
2628,0.0286876,0.0232857
2643,0.0901327,0.133536
2634,0.0433957,0.0525878
2649,0.131438,0.194101
2640,0.0678847,0.103549
2655,0.146308,0.250152
2646,0.111141,0.163515
2661,0.159011,0.271656
2652,0.140549,0.234402
2667,0.150293,0.327527
2658,0.153403,0.262692
2673,0.138967,0.351368
2664,0.157351,0.266056
2679,0.133977,0.369719
2670,0.144207,0.354945
2685,0.124862,0.319427
2676,0.137458,0.356534
2691,0.110912,0.29403
2682,0.126544,0.3413
2697,0.0806719,0.238115
2688,0.124885,0.314191
2703,0.0526504,0.145204
2694,0.0979044,0.226079
2709,0.0400802,0.0802819
2700,0.0649703,0.168302
2715,0.0405807,0.0787143
2706,0.0434951,0.111045
2721,0.0404776,0.0784861
2712,0.0392044,0.0851576
2727,0.0424242,0.0748615
2718,0.0400581,0.075925
2733,0.0624239,0.0660227
2724,0.0412467,0.0773896
2739,0.078361,0.0555206
2730,0.0512484,0.0769737
2745,0.0836305,0.0576622
2736,0.0743317,0.0586484
2751,0.0908245,0.0627845
2742,0.080775,0.0602602
2757,0.0951887,0.0845026
2748,0.087991,0.0659528
2763,0.0986624,0.0978418
2754,0.0925208,0.0761311
2769,0.101511,0.111262
2760,0.0971868,0.0927416
2775,0.107163,0.12523
2766,0.0998252,0.0981031
2772,0.103494,0.125573
2781,0.110868,0.106776
2778,0.109183,0.113709
2787,0.110129,0.104171
2784,0.111104,0.102125
2793,0.112539,0.0692278
2790,0.110938,0.0946294
2799,0.112094,0.00783794
2796,0.11223,0.0189362
2805,0.114029,0.0064985
2802,0.113363,0.00561903
2811,0.11305,0.00722342
2808,0.115163,0.00663833
2817,0.113646,0.00737797
2823,0.116612,0.00614524
2814,0.113602,0.00642858
2829,0.117569,0.00632187
2820,0.114456,0.00632187
2835,0.120612,0.00703575
2826,0.117013,0.00557855
2841,0.118758,0.00561903
2832,0.119034,0.00633291
2847,0.118276,0.00751412
2838,0.120057,0.00572575
2853,0.120322,0.00953432
2844,0.117926,0.00688488
2850,0.119229,0.0085739
2859,0.119056,0.0143144
2856,0.119895,0.00763923
2865,0.117455,0.00684072
2862,0.116826,0.00677448
2871,0.119321,0.0105168
2868,0.117786,0.00537985
2877,0.120105,0.00847455
2874,0.120145,0.00673401
2883,0.123059,0.0115876
2880,0.120517,0.0172398
2889,0.124932,0.0367795
2895,0.125076,0.0337252
2886,0.123361,0.0130375
2901,0.124318,0.0329709
2892,0.12707,0.0408015
2907,0.123979,0.0296959
2898,0.124995,0.0336185
2913,0.123144,0.0298688
2904,0.123545,0.030844
2919,0.122143,0.0279296
2910,0.125492,0.0275138
2925,0.123394,0.0258799
2916,0.123324,0.0270023
2931,0.126794,0.0292028
2922,0.122029,0.0262626
2928,0.12296,0.031521
2937,0.127254,0.0280584
2934,0.129256,0.0313407
2943,0.131696,0.019996
2940,0.127994,0.0122758
2949,0.147357,0.0363673
2946,0.138684,0.0123052
2955,0.159585,0.0610072
2952,0.155592,0.0466376
2961,0.169774,0.0796416
2958,0.167798,0.0673253
2967,0.18463,0.100138
2964,0.178359,0.0890802
2973,0.200191,0.120546
2970,0.192633,0.112911
2979,0.213019,0.137094
2976,0.206657,0.130415
2985,0.225994,0.143291
2982,0.21841,0.134871
2991,0.245736,0.16254
2988,0.228724,0.152969
2994,0.263248,0.178411
2997,0.275145,0.187713
3000,0.287814,0.198193
3003,0.293864,0.234435
3006,0.30101,0.239852
3009,0.308462,0.258049
3012,0.31839,0.211772
3015,0.329639,0.17284
3018,0.336976,0.133904
3021,0.342761,0.104127
3024,0.349333,0.106272
3027,0.351909,0.104506
3030,0.351725,0.10543
3036,0.345116,0.138978
3033,0.350794,0.117646
3042,0.34888,0.122942
3039,0.348284,0.12137
3048,0.348222,0.119085
3045,0.349348,0.117481
3054,0.350639,0.119909
3051,0.349002,0.126202
3060,0.365182,0.0683998
3057,0.353436,0.0688341
3066,0.373399,0.0682968
3063,0.365682,0.0715019
3072,0.387275,0.0752921
3069,0.382797,0.0873912
3078,0.392063,0.0756306
3084,0.397233,0.0911372
3075,0.389502,0.0701661
3090,0.396405,0.118427
3081,0.393472,0.0719656
3096,0.403006,0.131184
3087,0.391301,0.0837482
3102,0.404787,0.134864
3093,0.399669,0.107247
3108,0.39554,0.0751044
3099,0.403775,0.137396
3114,0.385332,0.05562
3105,0.402285,0.119468
3120,0.379073,0.0120366
3111,0.386451,0.0773564
3126,0.37515,0.00659417
3117,0.380475,0.0239664
3132,0.377936,0.00831999
3123,0.375493,0.00642858
3138,0.377844,0.0330003
3129,0.377038,0.003459
3144,0.383448,0.0421188
3135,0.3817,0.027407
3150,0.387364,0.0378723
3141,0.380611,0.0336369
3156,0.392313,0.00646538
3147,0.386344,0.0436974
3162,0.391389,0.00638443
3153,0.390289,0.0121065
3168,0.390734,0.00519218
3159,0.393601,0.00450038
3174,0.392041,0.00608268
3165,0.392221,0.00640283
3180,0.394734,0.0047138
3171,0.390731,0.00665673
3186,0.398031,0.0204706
3177,0.391996,0.00830527
3192,0.407698,0.00750676
3198,0.415588,0.00965944
3183,0.395555,0.0092289
3204,0.422859,0.00621516
3189,0.402178,0.0167393
3210,0.427517,0.0050597
3195,0.413413,0.00700631
3216,0.424831,0.00507074
3201,0.419194,0.00459237
3222,0.424931,0.00483892
3207,0.425284,0.00548656
3228,0.427573,0.0051885
3213,0.423157,0.00836783
3234,0.430222,0.00531361
3240,0.429718,0.00609004
3219,0.425195,0.00541664
3246,0.429048,0.00476532
3225,0.426358,0.00528785
3252,0.429262,0.00438998
3231,0.42921,0.00806977
3237,0.427499,0.0111277
3258,0.427941,0.00531729
3243,0.429895,0.00511122
3264,0.427116,0.00837887
3270,0.430498,0.00461445
3249,0.428684,0.00616364
3276,0.432941,0.00837887
3255,0.428408,0.00743317
3282,0.432816,0.00906699
3261,0.425556,0.00783794
3288,0.427941,0.0100311
3267,0.42857,0.0118231
3294,0.429324,0.00829792
3273,0.431779,0.00489043
3300,0.429026,0.0058803
3279,0.433008,0.00522162
3306,0.428673,0.00431639
3285,0.433707,0.00440102
3312,0.418675,0.00477636
3291,0.427179,0.00951592
3318,0.421527,0.00892716
3324,0.419047,0.00580302
3297,0.428758,0.0100679
3330,0.421814,0.00723814
3303,0.42875,0.00978087
3336,0.416416,0.00500819
3309,0.427871,0.00528049
3342,0.420673,0.00707623
3315,0.421424,0.00633291
3348,0.41944,0.0168792
3321,0.419676,0.00530993
3354,0.417461,0.0139611
3327,0.420798,0.00469173
3360,0.42107,0.0101341
3333,0.419749,0.00608268
3366,0.420106,0.0117459
3339,0.418649,0.0158268
3372,0.42294,0.00925098
3345,0.42036,0.00668249
3378,0.425659,0.00841935
3351,0.418848,0.0119998
3384,0.427444,0.0057883
3357,0.419128,0.010112
3363,0.41891,0.0172729
3390,0.42507,0.00514434
3369,0.421405,0.00530993
3396,0.425078,0.00505234
3375,0.424805,0.0071903
3402,0.426965,0.00550128
3381,0.426417,0.00687384
3408,0.430292,0.00516642
3387,0.423459,0.00630715
3414,0.427212,0.00605693
3420,0.429317,0.00466965
3393,0.425048,0.00506706
3426,0.43009,0.00440102
3399,0.425998,0.00468805
3405,0.428868,0.00631083
3432,0.430516,0.00430535
3411,0.425368,0.00523633
3438,0.434009,0.00545712
3417,0.428544,0.00565951
3444,0.434756,0.00639915
3423,0.429869,0.00480212
3450,0.435068,0.00535409
3429,0.43045,0.00427959
3456,0.435974,0.00541664
3435,0.431587,0.00463285
3462,0.434785,0.00446726
3441,0.434535,0.00658682
3468,0.43686,0.004114
3447,0.434862,0.00629611
3474,0.431304,0.00583246
3453,0.435775,0.00517746
3480,0.430572,0.00491987
3459,0.435885,0.00478004
3486,0.427403,0.00536513
3465,0.436724,0.00469541
3492,0.428912,0.00464021
3471,0.433758,0.00590606
3498,0.42928,0.00548656
3477,0.430833,0.0057883
3504,0.429707,0.00526945
3483,0.430752,0.00405512
3510,0.429416,0.00383802
3489,0.429037,0.00533201
3516,0.429884,0.00437158
3495,0.429427,0.00560431
3522,0.429781,0.0037497
3501,0.43009,0.00605325
3528,0.429821,0.00482052
3507,0.429666,0.00628507
3534,0.429611,0.00487572
3513,0.429081,0.00505602
3540,0.426097,0.00456293
3519,0.42963,0.00407352
3546,0.429052,0.00540928
3525,0.429858,0.00482788
3552,0.4325,0.00628507
3531,0.429722,0.00484996
3558,0.434671,0.00626667
3537,0.425247,0.00586558
3564,0.432522,0.00558959
3543,0.426443,0.00549024
3570,0.430388,0.0054056
3549,0.430914,0.00668985
3576,0.432036,0.00459605
3555,0.432459,0.00628875
3582,0.434792,0.00431639
3561,0.43222,0.00601645
3588,0.435771,0.00440102
3567,0.431746,0.005424
3594,0.434951,0.00534673
3573,0.431565,0.00575518
3600,0.428743,0.006079
3579,0.433269,0.00423543
3606,0.428857,0.00455925
3585,0.435359,0.00486836
3612,0.43077,0.00645434
3591,0.436055,0.00537617
3618,0.433648,0.00762083
3597,0.430833,0.00522529
3624,0.43696,0.00880941
3603,0.427852,0.00427223
3630,0.435061,0.0171662
3609,0.429505,0.00475428
3636,0.434564,0.0141709
3615,0.431823,0.00915531
3642,0.432938,0.0173723
3621,0.43519,0.00825008
3648,0.429519,0.0152306
3627,0.434895,0.0133539
3654,0.431289,0.00437158
3633,0.435363,0.022708
3660,0.432132,0.0117606
3639,0.434005,0.0176814
3645,0.42854,0.0151718
3666,0.432481,0.00929514
3651,0.43059,0.00895292
3672,0.427944,0.00965576
3657,0.432183,0.0127063
3678,0.427124,0.00821696
3663,0.432423,0.0115803
3684,0.432522,0.00476164
3690,0.435219,0.00407352
3669,0.431734,0.00854814
3675,0.425497,0.00904859
3696,0.431746,0.00429431
3681,0.42999,0.00536145
3702,0.429633,0.00295855
3687,0.434958,0.00425383
3708,0.431543,0.00346268
3693,0.434502,0.00471012
3714,0.433331,0.00360987
3699,0.430498,0.00692536
3720,0.431907,0.00515538
3705,0.430715,0.00448934
3726,0.432846,0.00544608
3711,0.432158,0.00399625
3732,0.433273,0.00486836
3717,0.433714,0.00765395
3738,0.432732,0.00598701
3723,0.43307,0.00426487
3744,0.43186,0.00627771
3729,0.432919,0.00567423
3750,0.42921,0.00620044
3735,0.432684,0.00485732
3756,0.428805,0.00432007
3741,0.432272,0.00707255
3762,0.428585,0.00433111
3747,0.429527,0.00733749
3768,0.423856,0.00612316
3753,0.429501,0.00516642
3774,0.421468,0.00599437
3759,0.428953,0.00551232
3780,0.426855,0.00441942
3765,0.426689,0.00484996
3786,0.436665,0.00513698
3771,0.419061,0.00751412
3792,0.442071,0.00516274
3777,0.422528,0.00634395
3798,0.439778,0.0048058
3783,0.432474,0.00452614
3804,0.444227,0.00547552
3789,0.439918,0.00504499
3810,0.445225,0.00569263
3795,0.437262,0.00455925
3816,0.448389,0.00493459
3822,0.460345,0.00502291
3801,0.442531,0.00542768
3807,0.445169,0.00579566
3828,0.463888,0.00769075
3813,0.447326,0.00488675
3834,0.466118,0.00907067
3819,0.449957,0.00462917
3840,0.46681,0.00560431
3825,0.461861,0.00643962
3846,0.463815,0.00634763
3831,0.464908,0.00873581
3852,0.465239,0.0065905
3837,0.466696,0.0071719
3858,0.4661,0.00545344
3843,0.466755,0.00600173
3864,0.464168,0.00501923
3849,0.464418,0.00682968
3870,0.460845,0.00595389
3855,0.465898,0.00590973
3876,0.462899,0.00462917
3861,0.465798,0.00503027
3882,0.462273,0.0047322
3867,0.463417,0.00462917
3888,0.464359,0.00492355
3873,0.462784,0.00595389
3894,0.460919,0.00570367
3879,0.462291,0.010285
3900,0.454538,0.00735957
3885,0.464429,0.0114846
3906,0.46132,0.00580302
3891,0.46401,0.00575886
3912,0.465276,0.00634027
3897,0.458498,0.00900811
3918,0.464124,0.00535041
3903,0.458869,0.00834943
3924,0.460727,0.00497507
3909,0.463601,0.00831263
3930,0.457736,0.00872845
3915,0.465305,0.00474692
3936,0.461758,0.00572943
3921,0.460573,0.00623724
3927,0.461015,0.00798513
3942,0.459613,0.00748836
3933,0.460069,0.0065721
3948,0.462387,0.00509282
3939,0.462122,0.00651322
3954,0.462939,0.00597229
3945,0.46139,0.00735589
3960,0.460385,0.00493827
3951,0.462968,0.0064433
3966,0.462608,0.00481316
3957,0.461519,0.00542768
3972,0.460569,0.0052069
3978,0.458954,0.00373498
3963,0.460061,0.00514802
3969,0.463406,0.00590973
3984,0.45226,0.00828688
3975,0.460209,0.00458501
3990,0.460084,0.0120071
3981,0.456065,0.00568527
3996,0.45891,0.00505234
3987,0.456234,0.00748836
4002,0.459351,0.00503763
3993,0.461879,0.00529153
4008,0.460768,0.00540192
3999,0.460153,0.00528417
4014,0.460223,0.00579198
4005,0.460658,0.00465125
4020,0.458424,0.0054608
4011,0.460069,0.00720502
4026,0.462556,0.00570735
4017,0.460647,0.00543872
4032,0.462586,0.00577358
4023,0.46118,0.0048426
4038,0.462196,0.010469
4029,0.463598,0.00673401
4044,0.462185,0.0100274
4035,0.462784,0.00569999
4050,0.45898,0.00583614
4041,0.462122,0.00729701
4056,0.459642,0.00510754
4047,0.459631,0.00639547
4062,0.46044,0.00550864
4053,0.459384,0.00563743
4068,0.4564,0.00458869
4074,0.461151,0.0086107
4059,0.459955,0.00506706
4080,0.46231,0.00594653
4065,0.458891,0.00549392
4086,0.461107,0.00504867
4071,0.459944,0.00752516
4092,0.46061,0.00483892
4077,0.461486,0.00560799
4098,0.455668,0.00479844
4083,0.461975,0.00578462
4104,0.456705,0.00745892
4089,0.460315,0.00508178
4110,0.459509,0.00752884
4095,0.454656,0.00709831
4101,0.455808,0.00539456
4116,0.458038,0.00680392
4107,0.458078,0.00651322
4122,0.456477,0.00410664
4113,0.459576,0.00748468
4128,0.459951,0.00604221
4119,0.457526,0.00738533
4125,0.460072,0.00539456
4134,0.460536,0.00863646
4131,0.460525,0.00636971
4140,0.460919,0.00816544
4137,0.461901,0.00733749
4146,0.46323,0.00536145
4143,0.465,0.00754724
4152,0.474207,0.00969623
4149,0.469474,0.00464389
4158,0.479656,0.0190907
4155,0.478766,0.0124487
4164,0.480911,0.0386745
4161,0.479862,0.0232415
4170,0.489901,0.0375706
4167,0.483237,0.0447094
4176,0.503689,0.0902136
4173,0.497857,0.0687936
4182,0.510887,0.106092
4179,0.510445,0.100867
4188,0.50519,0.127449
4185,0.510463,0.109816
4194,0.502548,0.13567
4200,0.495531,0.163887
4191,0.504094,0.114971
4206,0.505172,0.157583
4197,0.494953,0.15111
4212,0.501113,0.2792
4203,0.501901,0.157281
4218,0.494114,0.444242
4209,0.504855,0.23052
4224,0.46999,0.507192
4215,0.49949,0.35235
4230,0.452978,0.538514
4221,0.481658,0.519012
4236,0.437457,0.518706
4227,0.459462,0.5436
4233,0.4444,0.527608
4242,0.419481,0.504694
4239,0.430774,0.510316
4248,0.398572,0.543508
4245,0.396453,0.537491
4254,0.401527,0.567265
4251,0.393513,0.560556
4260,0.410793,0.624158
4257,0.406005,0.569381
4266,0.416452,0.633935
4263,0.411448,0.641648
4272,0.418108,0.613391
4269,0.419878,0.626046
4278,0.424647,0.631981
4275,0.425181,0.623083
4284,0.42432,0.659175
4281,0.426517,0.638641
4290,0.428202,0.646947
4287,0.427046,0.651112
4296,0.423871,0.655841
4293,0.428592,0.655775
4302,0.444754,0.681099
4299,0.434443,0.660996
4308,0.460164,0.690652
4305,0.457806,0.700598
4314,0.485378,0.714563
4311,0.470254,0.687417
4320,0.492355,0.675185
4317,0.497868,0.717212
4326,0.488138,0.681047
4323,0.495623,0.652352
4332,0.469272,0.676359
4329,0.478578,0.688878
4338,0.455804,0.667671
4335,0.459101,0.684712
4344,0.459841,0.669945
4341,0.455046,0.675266
4350,0.466924,0.661879
4347,0.460481,0.668348
4356,0.477062,0.63402
4353,0.475535,0.6478
4362,0.466873,0.647926
4359,0.472587,0.65236
4368,0.463432,0.599132
4374,0.460448,0.555206
4365,0.467035,0.633214
4371,0.45828,0.569888
4380,0.455344,0.561822
4377,0.4581,0.57001
4386,0.439845,0.50476
4383,0.449769,0.554926
4392,0.418726,0.544501
4389,0.426535,0.536542
4398,0.407536,0.548925
4395,0.413641,0.543133
4404,0.391301,0.554831
4401,0.400364,0.553859
4410,0.380063,0.501437
4407,0.388486,0.506478
4416,0.365642,0.506857
4413,0.370297,0.502489
4422,0.356347,0.450579
4419,0.363316,0.527192
4425,0.359611,0.488436
4428,0.365704,0.560413
4431,0.376332,0.52707
4434,0.389119,0.541583
4437,0.402201,0.572416
4440,0.414543,0.551316
4443,0.423451,0.579669
4446,0.430789,0.581428
4449,0.457979,0.555666
4452,0.473228,0.550831
4455,0.481559,0.580107
4458,0.494777,0.562783
4461,0.500951,0.595868
4464,0.494317,0.613343
4467,0.493702,0.557031
4470,0.484525,0.534507
4473,0.480517,0.55631
4476,0.472161,0.554845
4479,0.463189,0.51563
4482,0.455245,0.525341
4485,0.441824,0.522051
4488,0.428143,0.505893
4491,0.424279,0.52877
4494,0.420195,0.502979
4497,0.415172,0.479634
4500,0.415337,0.462711
4503,0.420897,0.47711
4506,0.420883,0.506162
4509,0.415937,0.540549
4512,0.412945,0.548111
4515,0.406281,0.572104
4518,0.395673,0.557248
4521,0.387301,0.523633
4524,0.398248,0.507969
4527,0.414366,0.530978
4530,0.423242,0.533871
4533,0.428489,0.556446
4539,0.402256,0.547162
4536,0.419378,0.545451
4545,0.37352,0.515196
4542,0.390738,0.553723
4551,0.358183,0.527023
4548,0.366775,0.537414
4557,0.35302,0.535324
4554,0.350327,0.51786
4560,0.358672,0.587956
4563,0.367622,0.589987
4569,0.393494,0.625166
4566,0.381134,0.602318
4575,0.395691,0.640441
4572,0.396508,0.636956
4581,0.381417,0.626999
4578,0.391187,0.61986
4587,0.379298,0.614962
4584,0.376689,0.623381
4593,0.381027,0.596162
4590,0.381443,0.596077
4599,0.364961,0.570569
4605,0.350227,0.584041
4596,0.367305,0.572862
4602,0.357822,0.577207
4611,0.3316,0.586182
4608,0.343026,0.590223
4617,0.299362,0.552913
4614,0.315854,0.566937
4623,0.270932,0.491862
4620,0.279892,0.516266
4629,0.25569,0.45378
4626,0.261423,0.467351
4635,0.27934,0.487708
4632,0.270126,0.463727
4641,0.277603,0.525462
4638,0.27778,0.505172
4647,0.289353,0.527725
4644,0.281217,0.546547
4653,0.305779,0.533274
4650,0.30112,0.529116
4659,0.295619,0.502537
4665,0.276271,0.421589
4656,0.305698,0.490968
4671,0.258553,0.355622
4662,0.281194,0.4468
4677,0.23413,0.412081
4668,0.274725,0.366083
4683,0.211069,0.386271
4674,0.24737,0.421766
4689,0.212868,0.322699
4680,0.220298,0.408221
4695,0.214145,0.322754
4686,0.2074,0.352487
4701,0.209461,0.364089
4692,0.221383,0.360302
4707,0.216195,0.387802
4698,0.209799,0.331188
4713,0.223492,0.392092
4704,0.2137,0.403257
4719,0.253099,0.360516
4710,0.215875,0.407135
4725,0.269923,0.361686
4716,0.235977,0.369686
4731,0.276138,0.446571
4722,0.262424,0.332325
4737,0.270192,0.438255
4728,0.275152,0.427628
4734,0.273412,0.446582
4743,0.258277,0.364615
4740,0.268992,0.429762
4749,0.240084,0.351103
4746,0.247495,0.376468
4755,0.210053,0.290041
4752,0.228754,0.337841
4761,0.167817,0.280757
4758,0.191375,0.301959
4767,0.138526,0.301588
4764,0.154522,0.296712
4773,0.109411,0.244047
4770,0.120936,0.277386
4779,0.0740005,0.21112
4776,0.0917591,0.218572
4785,0.0464021,0.170194
4782,0.0598296,0.16215
4791,0.0133171,0.0672849
4788,0.0293573,0.0938235
4797,0.00547184,0.00894556
4794,0.00937609,0.0399698
4803,0.00143144,0.011768
4800,0.00179574,0.00764659
4809,0.00137624,0.00658314
4806,0.00144248,0.00539824
4815,0.00194293,0.00571103
4812,0.00177366,0.00534305
4821,0.00293647,0.0100053
4818,0.00215267,0.00653898
4827,0.00295487,0.00595757
4824,0.00268256,0.0044599
4833,0.00262001,0.00504499
4830,0.00266784,0.00584718
4839,0.00531729,0.00526945
4836,0.00464021,0.0158304
4845,0.00590606,0.0201174
4842,0.0054056,0.00477636
4851,0.00504131,0.00903387
4848,0.00593549,0.00592445
4857,0.00556751,0.00777539
4863,0.00568159,0.00691064
4854,0.00567791,0.00595389
4869,0.00539456,0.00620412
4860,0.0055344,0.0211477
4875,0.00551232,0.0231348
4866,0.00538721,0.0180162
4872,0.00592077,0.0065537
4881,0.00463285,0.00955272
4878,0.0054608,0.00760612
4887,0.00543872,0.00632923
4884,0.0054056,0.00730437
4893,0.00501923,0.0045335
4890,0.00509282,0.0171294
4899,0.0041876,0.005424
4896,0.00394473,0.00514802
4905,0.00432743,0.00902283
4902,0.00440102,0.00614892
4911,0.00301006,0.0118894
4908,0.00394105,0.00694743
4917,0.00889404,0.0120182
4914,0.00237714,0.00737061
4923,0.0361833,0.0496182
4920,0.0293095,0.0395319
4929,0.066674,0.0935254
4926,0.0438189,0.0652168
4932,0.0876782,0.11673
4935,0.0937572,0.194767
4938,0.0974039,0.153241
4941,0.101378,0.133289
4944,0.105742,0.0949937
4947,0.109455,0.123173
4950,0.105032,0.131574
4953,0.0958731,0.126415
4959,0.0834465,0.124075
4956,0.0880389,0.122294
4965,0.0640798,0.113959
4962,0.0764144,0.14951
4971,0.0664275,0.139571
4968,0.0620338,0.0892495
4977,0.0731615,0.128638
4974,0.0698313,0.122165
4983,0.0725506,0.151526
4980,0.0708064,0.163353
4989,0.0769921,0.123667
4986,0.0760501,0.110784
4995,0.0829092,0.129624
4992,0.0799617,0.100131
5001,0.0865706,0.165546
4998,0.0879027,0.174028
5007,0.0779967,0.226465
5004,0.081912,0.130294
5013,0.0544939,0.20131
5010,0.072098,0.238244
5019,0.0222517,0.119656
5016,0.036555,0.158095
5025,0.0122942,0.0460672
5022,0.0149326,0.100701
5031,0.00717558,0.0460231
5028,0.00907803,0.034498
5037,0.00864382,0.0448713
5034,0.00835679,0.053964
5043,0.00993174,0.0670383
5040,0.00914427,0.06695
5049,0.020099,0.0759287
5046,0.0126732,0.0517709
5055,0.0458906,0.100749
5052,0.0336848,0.0910452
5061,0.0825449,0.0666519
5058,0.0622509,0.0663502
5067,0.122368,0.114073
5064,0.100226,0.0781954
5073,0.178414,0.132711
5070,0.155714,0.104208
5079,0.212482,0.150868
5076,0.199621,0.136818
5085,0.20995,0.170473
5091,0.199823,0.192228
5082,0.21158,0.168269
5097,0.180291,0.171916
5088,0.206443,0.184615
5103,0.158076,0.194488
5094,0.190444,0.198896
5109,0.123685,0.185347
5100,0.165958,0.157322
5115,0.068076,0.112094
5106,0.147155,0.199455
5121,0.0261044,0.0484664
5127,0.00129528,0.00681496
5112,0.0947287,0.151228
5133,0.0012916,0.00769075
5118,0.0458244,0.0957958
5139,0.00196133,0.00692536
5124,0.0112454,0.0185351
5145,0.00163382,0.00662361
5130,0.00124009,0.00575886
5151,0.00157863,0.00631451
5136,0.00225571,0.00866589
5157,0.00146455,0.00685176
5142,0.00173686,0.00693272
5163,0.00257953,0.00643962
5148,0.00161175,0.00586558
5169,0.00188405,0.006079
5154,0.00147559,0.00563375
5175,0.00159703,0.0072087
5160,0.00292543,0.00694375
5166,0.00206436,0.00616732
5181,0.001402,0.00797409
5172,0.00174054,0.00659417
5187,0.00142776,0.00563375
5178,0.00147927,0.00723078
5193,0.00111497,0.00473956
5184,0.00168902,0.00700263
5199,0.000202388,0.00610108
5190,0.00120697,0.00498979
5205,0,0.0058251
5196,0.000305422,0.00603485
5211,0.000147191,0.00852974
5202,0.000117753,0.00570367
5217,0.000224467,0.00647642
5208,7.35957e-06,0.00631451
5223,0.00165958,0.0117054
5214,0.000161911,0.00621884
5229,0.0013284,0.00650954
5220,0.00204596,0.00806609
5235,0.00118857,0.00511858
5226,0.00138728,0.0111792
5241,0.00119225,0.00860334
5232,0.00120697,0.00477268
5247,0.00138728,0.00743317
5238,0.00118121,0.0050781
5253,0.00128792,0.00508914
5244,0.00117017,0.00542032
5259,0.011606,0.0153852
5250,0.00127689,0.00599437
5265,0.0404298,0.0573862
5256,0.00114441,0.00539089
5262,0.0295008,0.0235506
5271,0.0468657,0.0832036
5268,0.043863,0.0629501
5277,0.0499273,0.0857537
5274,0.048518,0.079108
5283,0.0527534,0.102305
5280,0.051425,0.090324
5289,0.058527,0.115534
5286,0.054034,0.12505
5295,0.0944822,0.170378
5292,0.0772276,0.141116
5301,0.109978,0.183526
5298,0.103759,0.182959
5307,0.116719,0.166492
5304,0.114732,0.173726
5313,0.121959,0.0683115
5310,0.119461,0.138216
5319,0.121764,0.109812
5325,0.121021,0.0945521
5316,0.121981,0.0856212
5331,0.133102,0.104896
5322,0.121157,0.101371
5337,0.148604,0.108038
5328,0.122272,0.0817611
5343,0.151743,0.1162
5334,0.144619,0.111637
5349,0.152468,0.149605
5340,0.149911,0.110647
5355,0.169859,0.168924
5346,0.151832,0.116329
5361,0.191091,0.142849
5352,0.156755,0.160306
5358,0.183448,0.157171
5367,0.19862,0.150783
5364,0.196122,0.165322
5373,0.204342,0.162279
5379,0.207503,0.176582
5370,0.20198,0.146533
5376,0.206418,0.177487
5385,0.208162,0.183927
5382,0.208191,0.190352
5391,0.22687,0.159721
5388,0.217788,0.18665
5397,0.237633,0.107409
5394,0.2348,0.14941
5403,0.237033,0.0701477
5400,0.236871,0.110346
5409,0.23919,0.102729
5406,0.237953,0.100414
5415,0.243458,0.0978013
5412,0.240761,0.105533
5421,0.264841,0.107196
5418,0.252904,0.110802
5427,0.282148,0.122132
5433,0.297433,0.134945
5424,0.277114,0.121245
5439,0.327953,0.171088
5430,0.284701,0.133355
5436,0.312796,0.143983
5445,0.348115,0.161627
5451,0.358786,0.154124
5442,0.339497,0.169645
5457,0.355905,0.155361
5448,0.356078,0.15419
5463,0.348656,0.147088
5454,0.357311,0.155817
5469,0.338794,0.119957
5460,0.353304,0.148704
5475,0.323151,0.0872661
5466,0.343677,0.128439
5481,0.327199,0.077522
5472,0.327953,0.0846093
5487,0.341429,0.0837777
5478,0.321827,0.0736951
5493,0.360063,0.0996559
5484,0.333466,0.0816875
5499,0.372644,0.103895
5490,0.350367,0.0924693
5505,0.383033,0.075833
5496,0.368483,0.106717
5511,0.38506,0.093047
5502,0.379147,0.0879064
5517,0.382642,0.104131
5508,0.384538,0.0823352
5523,0.389903,0.108178
5514,0.384276,0.0996191
5529,0.403095,0.0441795
5520,0.382013,0.10724
5535,0.413391,0.0547037
5526,0.395978,0.0708027
5541,0.423551,0.0778863
5532,0.409663,0.0453386
5547,0.423617,0.0847822
5553,0.4291,0.0851171
5538,0.418866,0.0656989
5559,0.440842,0.0989862
5544,0.425048,0.0809994
5565,0.455528,0.11411
5550,0.425173,0.0820003
5571,0.473025,0.104723
5556,0.43466,0.08713
5577,0.495299,0.114338
5562,0.446053,0.109234
5583,0.502305,0.106445
5568,0.466288,0.104528
5589,0.505694,0.0606539
5595,0.500657,0.0588066
5574,0.484683,0.103141
5601,0.496756,0.0518482
5580,0.500282,0.117444
5586,0.503398,0.0833839
5607,0.495597,0.0443304
5592,0.505017,0.066468
5613,0.505246,0.0532686
5598,0.499052,0.0568012
5619,0.51244,0.029258
5625,0.515891,0.021122
5604,0.495568,0.0477452
5631,0.520071,0.0420857
5610,0.500591,0.0442421
5637,0.523177,0.0457029
5616,0.50798,0.0459863
5643,0.521705,0.0368015
5622,0.513433,0.0192158
5649,0.526666,0.0114625
5628,0.517974,0.0432816
5655,0.526003,0.00568895
5634,0.522441,0.0423985
5661,0.526036,0.00695479
5640,0.521514,0.0421409
5667,0.527306,0.00694007
5646,0.524822,0.0226712
5673,0.526614,0.00573678
5652,0.526735,0.00599069
5679,0.528012,0.0107707
5658,0.52611,0.00700631
5685,0.531663,0.01441
5664,0.527037,0.00692168
5691,0.534261,0.00873213
5670,0.524498,0.00609004
5697,0.530356,0.00848926
5676,0.528402,0.00527313
5703,0.535052,0.00525105
5682,0.529344,0.0113963
5709,0.537709,0.00666777
5688,0.533591,0.0129344
5715,0.543541,0.00500083
5694,0.533473,0.00817648
5721,0.554157,0.00560799
5700,0.532274,0.00628875
5727,0.554227,0.00575518
5706,0.536016,0.00582142
5733,0.553602,0.00741477
5712,0.539427,0.00799249
5718,0.545554,0.00533937
5724,0.554761,0.00550128
5730,0.553837,0.00735221
5736,0.553936,0.00681864
Time(milisec),170863
