framenum,queue density,dynamic density
3,0.0654596,0.0300492
6,0.0654596,0.0300492
9,0.0654596,0.0300492
12,0.0654596,0.0300492
15,0.0654596,0.0300492
18,0.0654596,0.0300492
21,0.0654596,0.0300492
24,0.0654596,0.0300492
27,0.106972,0.18394
30,0.106972,0.18394
33,0.106972,0.18394
36,0.106972,0.18394
39,0.106972,0.18394
42,0.106972,0.18394
45,0.106972,0.18394
48,0.106972,0.18394
51,0.119917,0.0954381
54,0.119917,0.0954381
57,0.119917,0.0954381
60,0.119917,0.0954381
63,0.119917,0.0954381
66,0.119917,0.0954381
69,0.119917,0.0954381
72,0.119917,0.0954381
75,0.129951,0.084656
78,0.129951,0.084656
81,0.129951,0.084656
84,0.129951,0.084656
87,0.129951,0.084656
90,0.129951,0.084656
93,0.129951,0.084656
96,0.129951,0.084656
99,0.171743,0.0618073
102,0.171743,0.0618073
105,0.171743,0.0618073
108,0.171743,0.0618073
111,0.171743,0.0618073
114,0.171743,0.0618073
117,0.171743,0.0618073
120,0.171743,0.0618073
123,0.206323,0.120874
126,0.206323,0.120874
129,0.206323,0.120874
132,0.206323,0.120874
135,0.206323,0.120874
138,0.206323,0.120874
141,0.206323,0.120874
144,0.206323,0.120874
147,0.217258,0.142718
150,0.217258,0.142718
153,0.217258,0.142718
156,0.217258,0.142718
159,0.217258,0.142718
162,0.217258,0.142718
165,0.217258,0.142718
168,0.217258,0.142718
171,0.202213,0.129471
174,0.202213,0.129471
177,0.202213,0.129471
180,0.202213,0.129471
183,0.202213,0.129471
186,0.202213,0.129471
189,0.202213,0.129471
192,0.202213,0.129471
195,0.191732,0.0681812
198,0.191732,0.0681812
201,0.191732,0.0681812
204,0.191732,0.0681812
207,0.191732,0.0681812
210,0.191732,0.0681812
213,0.191732,0.0681812
216,0.191732,0.0681812
219,0.193013,0.00345504
222,0.193013,0.00345504
225,0.193013,0.00345504
228,0.193013,0.00345504
231,0.193013,0.00345504
234,0.193013,0.00345504
237,0.193013,0.00345504
240,0.193013,0.00345504
243,0.191848,0.00353323
246,0.191848,0.00353323
249,0.191848,0.00353323
252,0.191848,0.00353323
255,0.191848,0.00353323
258,0.191848,0.00353323
261,0.191848,0.00353323
264,0.191848,0.00353323
267,0.192176,0.00169029
270,0.192176,0.00169029
273,0.192176,0.00169029
276,0.192176,0.00169029
279,0.192176,0.00169029
282,0.192176,0.00169029
285,0.192176,0.00169029
288,0.192176,0.00169029
291,0.197544,0.00746483
294,0.197544,0.00746483
297,0.197544,0.00746483
300,0.197544,0.00746483
303,0.197544,0.00746483
306,0.197544,0.00746483
309,0.197544,0.00746483
312,0.197544,0.00746483
315,0.193937,0.0417993
318,0.193937,0.0417993
321,0.193937,0.0417993
324,0.193937,0.0417993
327,0.193937,0.0417993
330,0.193937,0.0417993
333,0.193937,0.0417993
336,0.193937,0.0417993
339,0.193173,0.0057522
342,0.193173,0.0057522
345,0.193173,0.0057522
348,0.193173,0.0057522
351,0.193173,0.0057522
354,0.193173,0.0057522
357,0.193173,0.0057522
360,0.193173,0.0057522
363,0.194097,0.00906204
366,0.194097,0.00906204
369,0.194097,0.00906204
372,0.194097,0.00906204
375,0.194097,0.00906204
378,0.194097,0.00906204
381,0.194097,0.00906204
384,0.194097,0.00906204
387,0.200176,0.0303321
390,0.200176,0.0303321
393,0.200176,0.0303321
396,0.200176,0.0303321
399,0.200176,0.0303321
402,0.200176,0.0303321
405,0.200176,0.0303321
408,0.200176,0.0303321
411,0.220285,0.0542903
414,0.220285,0.0542903
417,0.220285,0.0542903
420,0.220285,0.0542903
423,0.220285,0.0542903
426,0.220285,0.0542903
429,0.220285,0.0542903
432,0.220285,0.0542903
435,0.289799,0.0610515
438,0.289799,0.0610515
441,0.289799,0.0610515
444,0.289799,0.0610515
447,0.289799,0.0610515
450,0.289799,0.0610515
453,0.289799,0.0610515
456,0.289799,0.0610515
459,0.324603,0.0887849
462,0.324603,0.0887849
465,0.324603,0.0887849
468,0.324603,0.0887849
471,0.324603,0.0887849
474,0.324603,0.0887849
477,0.324603,0.0887849
480,0.324603,0.0887849
483,0.335437,0.12825
486,0.335437,0.12825
489,0.335437,0.12825
492,0.335437,0.12825
495,0.335437,0.12825
498,0.335437,0.12825
501,0.335437,0.12825
504,0.335437,0.12825
507,0.363535,0.208736
510,0.363535,0.208736
513,0.363535,0.208736
516,0.363535,0.208736
519,0.363535,0.208736
522,0.363535,0.208736
525,0.363535,0.208736
528,0.363535,0.208736
531,0.399232,0.0587953
534,0.399232,0.0587953
537,0.399232,0.0587953
540,0.399232,0.0587953
543,0.399232,0.0587953
546,0.399232,0.0587953
549,0.399232,0.0587953
552,0.399232,0.0587953
555,0.409389,0.0828614
558,0.409389,0.0828614
561,0.409389,0.0828614
564,0.409389,0.0828614
567,0.409389,0.0828614
570,0.409389,0.0828614
573,0.409389,0.0828614
576,0.409389,0.0828614
579,0.414598,0.154006
582,0.414598,0.154006
585,0.414598,0.154006
588,0.414598,0.154006
591,0.414598,0.154006
594,0.414598,0.154006
597,0.414598,0.154006
600,0.414598,0.154006
603,0.444904,0.0591527
606,0.444904,0.0591527
609,0.444904,0.0591527
612,0.444904,0.0591527
615,0.444904,0.0591527
618,0.444904,0.0591527
621,0.444904,0.0591527
624,0.444904,0.0591527
627,0.487742,0.0683227
630,0.487742,0.0683227
633,0.487742,0.0683227
636,0.487742,0.0683227
639,0.487742,0.0683227
642,0.487742,0.0683227
645,0.487742,0.0683227
648,0.487742,0.0683227
651,0.505642,0.0922101
654,0.505642,0.0922101
657,0.505642,0.0922101
660,0.505642,0.0922101
663,0.505642,0.0922101
666,0.505642,0.0922101
669,0.505642,0.0922101
672,0.505642,0.0922101
675,0.528625,0.0646145
678,0.528625,0.0646145
681,0.528625,0.0646145
684,0.528625,0.0646145
687,0.528625,0.0646145
690,0.528625,0.0646145
693,0.528625,0.0646145
696,0.528625,0.0646145
699,0.537054,0.0340888
702,0.537054,0.0340888
705,0.537054,0.0340888
708,0.537054,0.0340888
711,0.537054,0.0340888
714,0.537054,0.0340888
717,0.537054,0.0340888
720,0.537054,0.0340888
723,0.534872,0.109109
726,0.534872,0.109109
729,0.534872,0.109109
732,0.534872,0.109109
735,0.534872,0.109109
738,0.534872,0.109109
741,0.534872,0.109109
744,0.534872,0.109109
747,0.524772,0.0078632
750,0.524772,0.0078632
753,0.524772,0.0078632
756,0.524772,0.0078632
759,0.524772,0.0078632
762,0.524772,0.0078632
765,0.524772,0.0078632
768,0.524772,0.0078632
771,0.513856,0.000912161
774,0.513856,0.000912161
777,0.513856,0.000912161
780,0.513856,0.000912161
783,0.513856,0.000912161
786,0.513856,0.000912161
789,0.513856,0.000912161
792,0.513856,0.000912161
795,0.525676,0.0111768
798,0.525676,0.0111768
801,0.525676,0.0111768
804,0.525676,0.0111768
807,0.525676,0.0111768
810,0.525676,0.0111768
813,0.525676,0.0111768
816,0.525676,0.0111768
819,0.551895,0.0285004
822,0.551895,0.0285004
825,0.551895,0.0285004
828,0.551895,0.0285004
831,0.551895,0.0285004
834,0.551895,0.0285004
837,0.551895,0.0285004
840,0.551895,0.0285004
843,0.560636,0.00151903
846,0.560636,0.00151903
849,0.560636,0.00151903
852,0.560636,0.00151903
855,0.560636,0.00151903
858,0.560636,0.00151903
861,0.560636,0.00151903
864,0.560636,0.00151903
867,0.562863,0.00710368
870,0.562863,0.00710368
873,0.562863,0.00710368
876,0.562863,0.00710368
879,0.562863,0.00710368
882,0.562863,0.00710368
885,0.562863,0.00710368
888,0.562863,0.00710368
891,0.562595,0.00328006
894,0.562595,0.00328006
897,0.562595,0.00328006
900,0.562595,0.00328006
903,0.562595,0.00328006
906,0.562595,0.00328006
909,0.562595,0.00328006
912,0.562595,0.00328006
915,0.560499,0.00154881
918,0.560499,0.00154881
921,0.560499,0.00154881
924,0.560499,0.00154881
927,0.560499,0.00154881
930,0.560499,0.00154881
933,0.560499,0.00154881
936,0.560499,0.00154881
939,0.555942,0.00123607
942,0.555942,0.00123607
945,0.555942,0.00123607
948,0.555942,0.00123607
951,0.555942,0.00123607
954,0.555942,0.00123607
957,0.555942,0.00123607
960,0.555942,0.00123607
963,0.558715,0.00257267
966,0.558715,0.00257267
969,0.558715,0.00257267
972,0.558715,0.00257267
975,0.558715,0.00257267
978,0.558715,0.00257267
981,0.558715,0.00257267
984,0.558715,0.00257267
987,0.562814,0.0136005
990,0.562814,0.0136005
993,0.562814,0.0136005
996,0.562814,0.0136005
999,0.562814,0.0136005
1002,0.562814,0.0136005
1005,0.562814,0.0136005
1008,0.562814,0.0136005
1011,0.558306,0.00980666
1014,0.558306,0.00980666
1017,0.558306,0.00980666
1020,0.558306,0.00980666
1023,0.558306,0.00980666
1026,0.558306,0.00980666
1029,0.558306,0.00980666
1032,0.558306,0.00980666
1035,0.556329,0.00272159
1038,0.556329,0.00272159
1041,0.556329,0.00272159
1044,0.556329,0.00272159
1047,0.556329,0.00272159
1050,0.556329,0.00272159
1053,0.556329,0.00272159
1056,0.556329,0.00272159
1059,0.556794,0.00517884
1062,0.556794,0.00517884
1065,0.556794,0.00517884
1068,0.556794,0.00517884
1071,0.556794,0.00517884
1074,0.556794,0.00517884
1077,0.556794,0.00517884
1080,0.556794,0.00517884
1083,0.554597,0.00152647
1086,0.554597,0.00152647
1089,0.554597,0.00152647
1092,0.554597,0.00152647
1095,0.554597,0.00152647
1098,0.554597,0.00152647
1101,0.554597,0.00152647
1104,0.554597,0.00152647
1107,0.556943,0.000927053
1110,0.556943,0.000927053
1113,0.556943,0.000927053
1116,0.556943,0.000927053
1119,0.556943,0.000927053
1122,0.556943,0.000927053
1125,0.556943,0.000927053
1128,0.556943,0.000927053
1131,0.55841,0.00769194
1134,0.55841,0.00769194
1137,0.55841,0.00769194
1140,0.55841,0.00769194
1143,0.55841,0.00769194
1146,0.55841,0.00769194
1149,0.55841,0.00769194
1152,0.55841,0.00769194
1155,0.557055,0.0147174
1158,0.557055,0.0147174
1161,0.557055,0.0147174
1164,0.557055,0.0147174
1167,0.557055,0.0147174
1170,0.557055,0.0147174
1173,0.557055,0.0147174
1176,0.557055,0.0147174
1179,0.553086,0.00179826
1182,0.553086,0.00179826
1185,0.553086,0.00179826
1188,0.553086,0.00179826
1191,0.553086,0.00179826
1194,0.553086,0.00179826
1197,0.553086,0.00179826
1200,0.553086,0.00179826
1203,0.551351,0.00125841
1206,0.551351,0.00125841
1209,0.551351,0.00125841
1212,0.551351,0.00125841
1215,0.551351,0.00125841
1218,0.551351,0.00125841
1221,0.551351,0.00125841
1224,0.551351,0.00125841
1227,0.550536,0.00038348
1230,0.550536,0.00038348
1233,0.550536,0.00038348
1236,0.550536,0.00038348
1239,0.550536,0.00038348
1242,0.550536,0.00038348
1245,0.550536,0.00038348
1248,0.550536,0.00038348
1251,0.552885,0.00682817
1254,0.552885,0.00682817
1257,0.552885,0.00682817
1260,0.552885,0.00682817
1263,0.552885,0.00682817
1266,0.552885,0.00682817
1269,0.552885,0.00682817
1272,0.552885,0.00682817
1275,0.551507,0.00736803
1278,0.551507,0.00736803
1281,0.551507,0.00736803
1284,0.551507,0.00736803
1287,0.551507,0.00736803
1290,0.551507,0.00736803
1293,0.551507,0.00736803
1296,0.551507,0.00736803
1299,0.555379,0.00524586
1302,0.555379,0.00524586
1305,0.555379,0.00524586
1308,0.555379,0.00524586
1311,0.555379,0.00524586
1314,0.555379,0.00524586
1317,0.555379,0.00524586
1320,0.555379,0.00524586
1323,0.548689,0.0153578
1326,0.548689,0.0153578
1329,0.548689,0.0153578
1332,0.548689,0.0153578
1335,0.548689,0.0153578
1338,0.548689,0.0153578
1341,0.548689,0.0153578
1344,0.548689,0.0153578
1347,0.55271,0.0308794
1350,0.55271,0.0308794
1353,0.55271,0.0308794
1356,0.55271,0.0308794
1359,0.55271,0.0308794
1362,0.55271,0.0308794
1365,0.55271,0.0308794
1368,0.55271,0.0308794
1371,0.556522,0.0144531
1374,0.556522,0.0144531
1377,0.556522,0.0144531
1380,0.556522,0.0144531
1383,0.556522,0.0144531
1386,0.556522,0.0144531
1389,0.556522,0.0144531
1392,0.556522,0.0144531
1395,0.548183,0.0120256
1398,0.548183,0.0120256
1401,0.548183,0.0120256
1404,0.548183,0.0120256
1407,0.548183,0.0120256
1410,0.548183,0.0120256
1413,0.548183,0.0120256
1416,0.548183,0.0120256
1419,0.541939,0.0377151
1422,0.541939,0.0377151
1425,0.541939,0.0377151
1428,0.541939,0.0377151
1431,0.541939,0.0377151
1434,0.541939,0.0377151
1437,0.541939,0.0377151
1440,0.541939,0.0377151
1443,0.560975,0.257825
1446,0.560975,0.257825
1449,0.560975,0.257825
1452,0.560975,0.257825
1455,0.560975,0.257825
1458,0.560975,0.257825
1461,0.560975,0.257825
1464,0.560975,0.257825
1467,0.568514,0.242035
1470,0.568514,0.242035
1473,0.568514,0.242035
1476,0.568514,0.242035
1479,0.568514,0.242035
1482,0.568514,0.242035
1485,0.568514,0.242035
1488,0.568514,0.242035
1491,0.537743,0.547624
1494,0.537743,0.547624
1497,0.537743,0.547624
1500,0.537743,0.547624
1503,0.537743,0.547624
1506,0.537743,0.547624
1509,0.537743,0.547624
1512,0.537743,0.547624
1515,0.482019,0.65473
1518,0.482019,0.65473
1521,0.482019,0.65473
1524,0.482019,0.65473
1527,0.482019,0.65473
1530,0.482019,0.65473
1533,0.482019,0.65473
1536,0.482019,0.65473
1539,0.451695,0.517344
1542,0.451695,0.517344
1545,0.451695,0.517344
1548,0.451695,0.517344
1551,0.451695,0.517344
1554,0.451695,0.517344
1557,0.451695,0.517344
1560,0.451695,0.517344
1563,0.455202,0.616371
1566,0.455202,0.616371
1569,0.455202,0.616371
1572,0.455202,0.616371
1575,0.455202,0.616371
1578,0.455202,0.616371
1581,0.455202,0.616371
1584,0.455202,0.616371
1587,0.47658,0.648945
1590,0.47658,0.648945
1593,0.47658,0.648945
1596,0.47658,0.648945
1599,0.47658,0.648945
1602,0.47658,0.648945
1605,0.47658,0.648945
1608,0.47658,0.648945
1611,0.50161,0.664481
1614,0.50161,0.664481
1617,0.50161,0.664481
1620,0.50161,0.664481
1623,0.50161,0.664481
1626,0.50161,0.664481
1629,0.50161,0.664481
1632,0.50161,0.664481
1635,0.452041,0.666957
1638,0.452041,0.666957
1641,0.452041,0.666957
1644,0.452041,0.666957
1647,0.452041,0.666957
1650,0.452041,0.666957
1653,0.452041,0.666957
1656,0.452041,0.666957
1659,0.416597,0.580428
1662,0.416597,0.580428
1665,0.416597,0.580428
1668,0.416597,0.580428
1671,0.416597,0.580428
1674,0.416597,0.580428
1677,0.416597,0.580428
1680,0.416597,0.580428
1683,0.42545,0.631893
1686,0.42545,0.631893
1689,0.42545,0.631893
1692,0.42545,0.631893
1695,0.42545,0.631893
1698,0.42545,0.631893
1701,0.42545,0.631893
1704,0.42545,0.631893
1707,0.49053,0.559147
1710,0.49053,0.559147
1713,0.49053,0.559147
1716,0.49053,0.559147
1719,0.49053,0.559147
1722,0.49053,0.559147
1725,0.49053,0.559147
1728,0.49053,0.559147
1731,0.425391,0.544348
1734,0.425391,0.544348
1737,0.425391,0.544348
1740,0.425391,0.544348
1743,0.425391,0.544348
1746,0.425391,0.544348
1749,0.425391,0.544348
1752,0.425391,0.544348
1755,0.37552,0.45238
1758,0.37552,0.45238
1761,0.37552,0.45238
1764,0.37552,0.45238
1767,0.37552,0.45238
1770,0.37552,0.45238
1773,0.37552,0.45238
1776,0.37552,0.45238
1779,0.332715,0.424322
1782,0.332715,0.424322
1785,0.332715,0.424322
1788,0.332715,0.424322
1791,0.332715,0.424322
1794,0.332715,0.424322
1797,0.332715,0.424322
1800,0.332715,0.424322
1803,0.275286,0.434725
1806,0.275286,0.434725
1809,0.275286,0.434725
1812,0.275286,0.434725
1815,0.275286,0.434725
1818,0.275286,0.434725
1821,0.275286,0.434725
1824,0.275286,0.434725
1827,0.226562,0.420804
1830,0.226562,0.420804
1833,0.226562,0.420804
1836,0.226562,0.420804
1839,0.226562,0.420804
1842,0.226562,0.420804
1845,0.226562,0.420804
1848,0.226562,0.420804
1851,0.175719,0.321911
1854,0.175719,0.321911
1857,0.175719,0.321911
1860,0.175719,0.321911
1863,0.175719,0.321911
1866,0.175719,0.321911
1869,0.175719,0.321911
1872,0.175719,0.321911
1875,0.172175,0.252963
1878,0.172175,0.252963
1881,0.172175,0.252963
1884,0.172175,0.252963
1887,0.172175,0.252963
1890,0.172175,0.252963
1893,0.172175,0.252963
1896,0.172175,0.252963
1899,0.338888,0.375538
1902,0.338888,0.375538
1905,0.338888,0.375538
1908,0.338888,0.375538
1911,0.338888,0.375538
1914,0.338888,0.375538
1917,0.338888,0.375538
1920,0.338888,0.375538
1923,0.314029,0.402624
1926,0.314029,0.402624
1929,0.314029,0.402624
1932,0.314029,0.402624
1935,0.314029,0.402624
1938,0.314029,0.402624
1941,0.314029,0.402624
1944,0.314029,0.402624
1947,0.191033,0.239113
1950,0.191033,0.239113
1953,0.191033,0.239113
1956,0.191033,0.239113
1959,0.191033,0.239113
1962,0.191033,0.239113
1965,0.191033,0.239113
1968,0.191033,0.239113
1971,0.0182693,0.10924
1974,0.0182693,0.10924
1977,0.0182693,0.10924
1980,0.0182693,0.10924
1983,0.0182693,0.10924
1986,0.0182693,0.10924
1989,0.0182693,0.10924
1992,0.0182693,0.10924
1995,0.00524213,0.0218584
1998,0.00524213,0.0218584
2001,0.00524213,0.0218584
2004,0.00524213,0.0218584
2007,0.00524213,0.0218584
2010,0.00524213,0.0218584
2013,0.00524213,0.0218584
2016,0.00524213,0.0218584
2019,0.242006,0.130867
2022,0.242006,0.130867
2025,0.242006,0.130867
2028,0.242006,0.130867
2031,0.242006,0.130867
2034,0.242006,0.130867
2037,0.242006,0.130867
2040,0.242006,0.130867
2043,0.248015,0.222314
2046,0.248015,0.222314
2049,0.248015,0.222314
2052,0.248015,0.222314
2055,0.248015,0.222314
2058,0.248015,0.222314
2061,0.248015,0.222314
2064,0.248015,0.222314
2067,0.0917559,0.173143
2070,0.0917559,0.173143
2073,0.0917559,0.173143
2076,0.0917559,0.173143
2079,0.0917559,0.173143
2082,0.0917559,0.173143
2085,0.0917559,0.173143
2088,0.0917559,0.173143
2091,0.0102274,0.0782113
2094,0.0102274,0.0782113
2097,0.0102274,0.0782113
2100,0.0102274,0.0782113
2103,0.0102274,0.0782113
2106,0.0102274,0.0782113
2109,0.0102274,0.0782113
2112,0.0102274,0.0782113
2115,0.0585942,0.128399
2118,0.0585942,0.128399
2121,0.0585942,0.128399
2124,0.0585942,0.128399
2127,0.0585942,0.128399
2130,0.0585942,0.128399
2133,0.0585942,0.128399
2136,0.0585942,0.128399
2139,0.187808,0.289888
2142,0.187808,0.289888
2145,0.187808,0.289888
2148,0.187808,0.289888
2151,0.187808,0.289888
2154,0.187808,0.289888
2157,0.187808,0.289888
2160,0.187808,0.289888
2163,0.226104,0.324309
2166,0.226104,0.324309
2169,0.226104,0.324309
2172,0.226104,0.324309
2175,0.226104,0.324309
2178,0.226104,0.324309
2181,0.226104,0.324309
2184,0.226104,0.324309
2187,0.108938,0.250855
2190,0.108938,0.250855
2193,0.108938,0.250855
2196,0.108938,0.250855
2199,0.108938,0.250855
2202,0.108938,0.250855
2205,0.108938,0.250855
2208,0.108938,0.250855
2211,0.00782597,0.0706348
2214,0.00782597,0.0706348
2217,0.00782597,0.0706348
2220,0.00782597,0.0706348
2223,0.00782597,0.0706348
2226,0.00782597,0.0706348
2229,0.00782597,0.0706348
2232,0.00782597,0.0706348
2235,0.00567029,0.0252985
2238,0.00567029,0.0252985
2241,0.00567029,0.0252985
2244,0.00567029,0.0252985
2247,0.00567029,0.0252985
2250,0.00567029,0.0252985
2253,0.00567029,0.0252985
2256,0.00567029,0.0252985
2259,0.0106406,0.0104433
2262,0.0106406,0.0104433
2265,0.0106406,0.0104433
2268,0.0106406,0.0104433
2271,0.0106406,0.0104433
2274,0.0106406,0.0104433
2277,0.0106406,0.0104433
2280,0.0106406,0.0104433
2283,0.0661633,0.0918155
2286,0.0661633,0.0918155
2289,0.0661633,0.0918155
2292,0.0661633,0.0918155
2295,0.0661633,0.0918155
2298,0.0661633,0.0918155
2301,0.0661633,0.0918155
2304,0.0661633,0.0918155
2307,0.0804749,0.151903
2310,0.0804749,0.151903
2313,0.0804749,0.151903
2316,0.0804749,0.151903
2319,0.0804749,0.151903
2322,0.0804749,0.151903
2325,0.0804749,0.151903
2328,0.0804749,0.151903
2331,0.0382996,0.120361
2334,0.0382996,0.120361
2337,0.0382996,0.120361
2340,0.0382996,0.120361
2343,0.0382996,0.120361
2346,0.0382996,0.120361
2349,0.0382996,0.120361
2352,0.0382996,0.120361
2355,0.0108975,0.0380501
2358,0.0108975,0.0380501
2361,0.0108975,0.0380501
2364,0.0108975,0.0380501
2367,0.0108975,0.0380501
2370,0.0108975,0.0380501
2373,0.0108975,0.0380501
2376,0.0108975,0.0380501
2379,0.0147584,0.0345504
2382,0.0147584,0.0345504
2385,0.0147584,0.0345504
2388,0.0147584,0.0345504
2391,0.0147584,0.0345504
2394,0.0147584,0.0345504
2397,0.0147584,0.0345504
2400,0.0147584,0.0345504
2403,0.0607462,0.0602324
2406,0.0607462,0.0602324
2409,0.0607462,0.0602324
2412,0.0607462,0.0602324
2415,0.0607462,0.0602324
2418,0.0607462,0.0602324
2421,0.0607462,0.0602324
2424,0.0607462,0.0602324
2427,0.0113071,0.0578496
2430,0.0113071,0.0578496
2433,0.0113071,0.0578496
2436,0.0113071,0.0578496
2439,0.0113071,0.0578496
2442,0.0113071,0.0578496
2445,0.0113071,0.0578496
2448,0.0113071,0.0578496
2451,0.0535234,0.0231577
2454,0.0535234,0.0231577
2457,0.0535234,0.0231577
2460,0.0535234,0.0231577
2463,0.0535234,0.0231577
2466,0.0535234,0.0231577
2469,0.0535234,0.0231577
2472,0.0535234,0.0231577
2475,0.0163333,0.029178
2478,0.0163333,0.029178
2481,0.0163333,0.029178
2484,0.0163333,0.029178
2487,0.0163333,0.029178
2490,0.0163333,0.029178
2493,0.0163333,0.029178
2496,0.0163333,0.029178
2499,0.0219365,0.0345914
2502,0.0219365,0.0345914
2505,0.0219365,0.0345914
2508,0.0219365,0.0345914
2511,0.0219365,0.0345914
2514,0.0219365,0.0345914
2517,0.0219365,0.0345914
2520,0.0219365,0.0345914
2523,0.057306,0.0626859
2526,0.057306,0.0626859
2529,0.057306,0.0626859
2532,0.057306,0.0626859
2535,0.057306,0.0626859
2538,0.057306,0.0626859
2541,0.057306,0.0626859
2544,0.057306,0.0626859
2547,0.0787958,0.109571
2550,0.0787958,0.109571
2553,0.0787958,0.109571
2556,0.0787958,0.109571
2559,0.0787958,0.109571
2562,0.0787958,0.109571
2565,0.0787958,0.109571
2568,0.0787958,0.109571
2571,0.00574103,0.0869866
2574,0.00574103,0.0869866
2577,0.00574103,0.0869866
2580,0.00574103,0.0869866
2583,0.00574103,0.0869866
2586,0.00574103,0.0869866
2589,0.00574103,0.0869866
2592,0.00574103,0.0869866
2595,0.00654894,0.00262107
2598,0.00654894,0.00262107
2601,0.00654894,0.00262107
2604,0.00654894,0.00262107
2607,0.00654894,0.00262107
2610,0.00654894,0.00262107
2613,0.00654894,0.00262107
2616,0.00654894,0.00262107
2619,0.00638885,0
2622,0.00638885,0
2625,0.00638885,0
2628,0.00638885,0
2631,0.00638885,0
2634,0.00638885,0
2637,0.00638885,0
2640,0.00638885,0
2643,0.0864579,0.0581028
2646,0.0864579,0.0581028
2649,0.0864579,0.0581028
2652,0.0864579,0.0581028
2655,0.0864579,0.0581028
2658,0.0864579,0.0581028
2661,0.0864579,0.0581028
2664,0.0864579,0.0581028
2667,0.151035,0.163273
2670,0.151035,0.163273
2673,0.151035,0.163273
2676,0.151035,0.163273
2679,0.151035,0.163273
2682,0.151035,0.163273
2685,0.151035,0.163273
2688,0.151035,0.163273
2691,0.112717,0.203952
2694,0.112717,0.203952
2697,0.112717,0.203952
2700,0.112717,0.203952
2703,0.112717,0.203952
2706,0.112717,0.203952
2709,0.112717,0.203952
2712,0.112717,0.203952
2715,0.0385341,0.145678
2718,0.0385341,0.145678
2721,0.0385341,0.145678
2724,0.0385341,0.145678
2727,0.0385341,0.145678
2730,0.0385341,0.145678
2733,0.0385341,0.145678
2736,0.0385341,0.145678
2739,0.077448,0.123279
2742,0.077448,0.123279
2745,0.077448,0.123279
2748,0.077448,0.123279
2751,0.077448,0.123279
2754,0.077448,0.123279
2757,0.077448,0.123279
2760,0.077448,0.123279
2763,0.0987107,0.126161
2766,0.0987107,0.126161
2769,0.0987107,0.126161
2772,0.0987107,0.126161
2775,0.0987107,0.126161
2778,0.0987107,0.126161
2781,0.0987107,0.126161
2784,0.0987107,0.126161
2787,0.110989,0.131578
2790,0.110989,0.131578
2793,0.110989,0.131578
2796,0.110989,0.131578
2799,0.110989,0.131578
2802,0.110989,0.131578
2805,0.110989,0.131578
2808,0.110989,0.131578
2811,0.114292,0.113391
2814,0.114292,0.113391
2817,0.114292,0.113391
2820,0.114292,0.113391
2823,0.114292,0.113391
2826,0.114292,0.113391
2829,0.114292,0.113391
2832,0.114292,0.113391
2835,0.120971,0.00874557
2838,0.120971,0.00874557
2841,0.120971,0.00874557
2844,0.120971,0.00874557
2847,0.120971,0.00874557
2850,0.120971,0.00874557
2853,0.120971,0.00874557
2856,0.120971,0.00874557
2859,0.120614,0.0107523
2862,0.120614,0.0107523
2865,0.120614,0.0107523
2868,0.120614,0.0107523
2871,0.120614,0.0107523
2874,0.120614,0.0107523
2877,0.120614,0.0107523
2880,0.120614,0.0107523
2883,0.124523,0.020559
2886,0.124523,0.020559
2889,0.124523,0.020559
2892,0.124523,0.020559
2895,0.124523,0.020559
2898,0.124523,0.020559
2901,0.124523,0.020559
2904,0.124523,0.020559
2907,0.125726,0.015395
2910,0.125726,0.015395
2913,0.125726,0.015395
2916,0.125726,0.015395
2919,0.125726,0.015395
2922,0.125726,0.015395
2925,0.125726,0.015395
2928,0.125726,0.015395
2931,0.128849,0.0278228
2934,0.128849,0.0278228
2937,0.128849,0.0278228
2940,0.128849,0.0278228
2943,0.128849,0.0278228
2946,0.128849,0.0278228
2949,0.128849,0.0278228
2952,0.128849,0.0278228
2955,0.163776,0.0516469
2958,0.163776,0.0516469
2961,0.163776,0.0516469
2964,0.163776,0.0516469
2967,0.163776,0.0516469
2970,0.163776,0.0516469
2973,0.163776,0.0516469
2976,0.163776,0.0516469
2979,0.217079,0.127501
2982,0.217079,0.127501
2985,0.217079,0.127501
2988,0.217079,0.127501
2991,0.217079,0.127501
2994,0.217079,0.127501
2997,0.217079,0.127501
3000,0.217079,0.127501
3003,0.297923,0.214127
3006,0.297923,0.214127
3009,0.297923,0.214127
3012,0.297923,0.214127
3015,0.297923,0.214127
3018,0.297923,0.214127
3021,0.297923,0.214127
3024,0.297923,0.214127
3027,0.355017,0.283689
3030,0.355017,0.283689
3033,0.355017,0.283689
3036,0.355017,0.283689
3039,0.355017,0.283689
3042,0.355017,0.283689
3045,0.355017,0.283689
3048,0.355017,0.283689
3051,0.354105,0.331617
3054,0.354105,0.331617
3057,0.354105,0.331617
3060,0.354105,0.331617
3063,0.354105,0.331617
3066,0.354105,0.331617
3069,0.354105,0.331617
3072,0.354105,0.331617
3075,0.393845,0.124504
3078,0.393845,0.124504
3081,0.393845,0.124504
3084,0.393845,0.124504
3087,0.393845,0.124504
3090,0.393845,0.124504
3093,0.393845,0.124504
3096,0.393845,0.124504
3099,0.407695,0.156069
3102,0.407695,0.156069
3105,0.407695,0.156069
3108,0.407695,0.156069
3111,0.407695,0.156069
3114,0.407695,0.156069
3117,0.407695,0.156069
3120,0.407695,0.156069
3123,0.37982,0.0946786
3126,0.37982,0.0946786
3129,0.37982,0.0946786
3132,0.37982,0.0946786
3135,0.37982,0.0946786
3138,0.37982,0.0946786
3141,0.37982,0.0946786
3144,0.37982,0.0946786
3147,0.39084,0.0943286
3150,0.39084,0.0943286
3153,0.39084,0.0943286
3156,0.39084,0.0943286
3159,0.39084,0.0943286
3162,0.39084,0.0943286
3165,0.39084,0.0943286
3168,0.39084,0.0943286
3171,0.393715,0.0484972
3174,0.393715,0.0484972
3177,0.393715,0.0484972
3180,0.393715,0.0484972
3183,0.393715,0.0484972
3186,0.393715,0.0484972
3189,0.393715,0.0484972
3192,0.393715,0.0484972
3195,0.416392,0.0723399
3198,0.416392,0.0723399
3201,0.416392,0.0723399
3204,0.416392,0.0723399
3207,0.416392,0.0723399
3210,0.416392,0.0723399
3213,0.416392,0.0723399
3216,0.416392,0.0723399
3219,0.427926,0.0714278
3222,0.427926,0.0714278
3225,0.427926,0.0714278
3228,0.427926,0.0714278
3231,0.427926,0.0714278
3234,0.427926,0.0714278
3237,0.427926,0.0714278
3240,0.427926,0.0714278
3243,0.4321,0.00706645
3246,0.4321,0.00706645
3249,0.4321,0.00706645
3252,0.4321,0.00706645
3255,0.4321,0.00706645
3258,0.4321,0.00706645
3261,0.4321,0.00706645
3264,0.4321,0.00706645
3267,0.43054,0.00177964
3270,0.43054,0.00177964
3273,0.43054,0.00177964
3276,0.43054,0.00177964
3279,0.43054,0.00177964
3282,0.43054,0.00177964
3285,0.43054,0.00177964
3288,0.43054,0.00177964
3291,0.429535,0.000975454
3294,0.429535,0.000975454
3297,0.429535,0.000975454
3300,0.429535,0.000975454
3303,0.429535,0.000975454
3306,0.429535,0.000975454
3309,0.429535,0.000975454
3312,0.429535,0.000975454
3315,0.423652,0.0138797
3318,0.423652,0.0138797
3321,0.423652,0.0138797
3324,0.423652,0.0138797
3327,0.423652,0.0138797
3330,0.423652,0.0138797
3333,0.423652,0.0138797
3336,0.423652,0.0138797
3339,0.42077,0.0224243
3342,0.42077,0.0224243
3345,0.42077,0.0224243
3348,0.42077,0.0224243
3351,0.42077,0.0224243
3354,0.42077,0.0224243
3357,0.42077,0.0224243
3360,0.42077,0.0224243
3363,0.42051,0.00927053
3366,0.42051,0.00927053
3369,0.42051,0.00927053
3372,0.42051,0.00927053
3375,0.42051,0.00927053
3378,0.42051,0.00927053
3381,0.42051,0.00927053
3384,0.42051,0.00927053
3387,0.426087,0.00364864
3390,0.426087,0.00364864
3393,0.426087,0.00364864
3396,0.426087,0.00364864
3399,0.426087,0.00364864
3402,0.426087,0.00364864
3405,0.426087,0.00364864
3408,0.426087,0.00364864
3411,0.428027,0
3414,0.428027,0
3417,0.428027,0
3420,0.428027,0
3423,0.428027,0
3426,0.428027,0
3429,0.428027,0
3432,0.428027,0
3435,0.433682,0.00336196
3438,0.433682,0.00336196
3441,0.433682,0.00336196
3444,0.433682,0.00336196
3447,0.433682,0.00336196
3450,0.433682,0.00336196
3453,0.433682,0.00336196
3456,0.433682,0.00336196
3459,0.438347,0
3462,0.438347,0
3465,0.438347,0
3468,0.438347,0
3471,0.438347,0
3474,0.438347,0
3477,0.438347,0
3480,0.438347,0
3483,0.43334,0.00169401
3486,0.43334,0.00169401
3489,0.43334,0.00169401
3492,0.43334,0.00169401
3495,0.43334,0.00169401
3498,0.43334,0.00169401
3501,0.43334,0.00169401
3504,0.43334,0.00169401
3507,0.431605,0
3510,0.431605,0
3513,0.431605,0
3516,0.431605,0
3519,0.431605,0
3522,0.431605,0
3525,0.431605,0
3528,0.431605,0
3531,0.431832,6.70159e-05
3534,0.431832,6.70159e-05
3537,0.431832,6.70159e-05
3540,0.431832,6.70159e-05
3543,0.431832,6.70159e-05
3546,0.431832,6.70159e-05
3549,0.431832,6.70159e-05
3552,0.431832,6.70159e-05
3555,0.435078,0
3558,0.435078,0
3561,0.435078,0
3564,0.435078,0
3567,0.435078,0
3570,0.435078,0
3573,0.435078,0
3576,0.435078,0
3579,0.435711,0
3582,0.435711,0
3585,0.435711,0
3588,0.435711,0
3591,0.435711,0
3594,0.435711,0
3597,0.435711,0
3600,0.435711,0
3603,0.430074,1.86155e-05
3606,0.430074,1.86155e-05
3609,0.430074,1.86155e-05
3612,0.430074,1.86155e-05
3615,0.430074,1.86155e-05
3618,0.430074,1.86155e-05
3621,0.430074,1.86155e-05
3624,0.430074,1.86155e-05
3627,0.437662,0.000152647
3630,0.437662,0.000152647
3633,0.437662,0.000152647
3636,0.437662,0.000152647
3639,0.437662,0.000152647
3642,0.437662,0.000152647
3645,0.437662,0.000152647
3648,0.437662,0.000152647
3651,0.433113,0.00274021
3654,0.433113,0.00274021
3657,0.433113,0.00274021
3660,0.433113,0.00274021
3663,0.433113,0.00274021
3666,0.433113,0.00274021
3669,0.433113,0.00274021
3672,0.433113,0.00274021
3675,0.427502,0.0034327
3678,0.427502,0.0034327
3681,0.427502,0.0034327
3684,0.427502,0.0034327
3687,0.427502,0.0034327
3690,0.427502,0.0034327
3693,0.427502,0.0034327
3696,0.427502,0.0034327
3699,0.432673,0.000197325
3702,0.432673,0.000197325
3705,0.432673,0.000197325
3708,0.432673,0.000197325
3711,0.432673,0.000197325
3714,0.432673,0.000197325
3717,0.432673,0.000197325
3720,0.432673,0.000197325
3723,0.435395,0.00797117
3726,0.435395,0.00797117
3729,0.435395,0.00797117
3732,0.435395,0.00797117
3735,0.435395,0.00797117
3738,0.435395,0.00797117
3741,0.435395,0.00797117
3744,0.435395,0.00797117
3747,0.43127,0.0155551
3750,0.43127,0.0155551
3753,0.43127,0.0155551
3756,0.43127,0.0155551
3759,0.43127,0.0155551
3762,0.43127,0.0155551
3765,0.43127,0.0155551
3768,0.43127,0.0155551
3771,0.421143,0.00547669
3774,0.421143,0.00547669
3777,0.421143,0.00547669
3780,0.421143,0.00547669
3783,0.421143,0.00547669
3786,0.421143,0.00547669
3789,0.421143,0.00547669
3792,0.421143,0.00547669
3795,0.439204,0.0227407
3798,0.439204,0.0227407
3801,0.439204,0.0227407
3804,0.439204,0.0227407
3807,0.439204,0.0227407
3810,0.439204,0.0227407
3813,0.439204,0.0227407
3816,0.439204,0.0227407
3819,0.451624,0.0527713
3822,0.451624,0.0527713
3825,0.451624,0.0527713
3828,0.451624,0.0527713
3831,0.451624,0.0527713
3834,0.451624,0.0527713
3837,0.451624,0.0527713
3840,0.451624,0.0527713
3843,0.469405,0.00550275
3846,0.469405,0.00550275
3849,0.469405,0.00550275
3852,0.469405,0.00550275
3855,0.469405,0.00550275
3858,0.469405,0.00550275
3861,0.469405,0.00550275
3864,0.469405,0.00550275
3867,0.465098,0.00247959
3870,0.465098,0.00247959
3873,0.465098,0.00247959
3876,0.465098,0.00247959
3879,0.465098,0.00247959
3882,0.465098,0.00247959
3885,0.465098,0.00247959
3888,0.465098,0.00247959
3891,0.466241,0.0015637
3894,0.466241,0.0015637
3897,0.466241,0.0015637
3900,0.466241,0.0015637
3903,0.466241,0.0015637
3906,0.466241,0.0015637
3909,0.466241,0.0015637
3912,0.466241,0.0015637
3915,0.467179,0.00253171
3918,0.467179,0.00253171
3921,0.467179,0.00253171
3924,0.467179,0.00253171
3927,0.467179,0.00253171
3930,0.467179,0.00253171
3933,0.467179,0.00253171
3936,0.467179,0.00253171
3939,0.464197,0.00321676
3942,0.464197,0.00321676
3945,0.464197,0.00321676
3948,0.464197,0.00321676
3951,0.464197,0.00321676
3954,0.464197,0.00321676
3957,0.464197,0.00321676
3960,0.464197,0.00321676
3963,0.461974,0.00131053
3966,0.461974,0.00131053
3969,0.461974,0.00131053
3972,0.461974,0.00131053
3975,0.461974,0.00131053
3978,0.461974,0.00131053
3981,0.461974,0.00131053
3984,0.461974,0.00131053
3987,0.45821,0.000941946
3990,0.45821,0.000941946
3993,0.45821,0.000941946
3996,0.45821,0.000941946
3999,0.45821,0.000941946
4002,0.45821,0.000941946
4005,0.45821,0.000941946
4008,0.45821,0.000941946
4011,0.461695,0.00286679
4014,0.461695,0.00286679
4017,0.461695,0.00286679
4020,0.461695,0.00286679
4023,0.461695,0.00286679
4026,0.461695,0.00286679
4029,0.461695,0.00286679
4032,0.461695,0.00286679
4035,0.464215,0.000528681
4038,0.464215,0.000528681
4041,0.464215,0.000528681
4044,0.464215,0.000528681
4047,0.464215,0.000528681
4050,0.464215,0.000528681
4053,0.464215,0.000528681
4056,0.464215,0.000528681
4059,0.461825,0.00129192
4062,0.461825,0.00129192
4065,0.461825,0.00129192
4068,0.461825,0.00129192
4071,0.461825,0.00129192
4074,0.461825,0.00129192
4077,0.461825,0.00129192
4080,0.461825,0.00129192
4083,0.464424,0.000145201
4086,0.464424,0.000145201
4089,0.464424,0.000145201
4092,0.464424,0.000145201
4095,0.464424,0.000145201
4098,0.464424,0.000145201
4101,0.464424,0.000145201
4104,0.464424,0.000145201
4107,0.460712,0.024956
4110,0.460712,0.024956
4113,0.460712,0.024956
4116,0.460712,0.024956
4119,0.460712,0.024956
4122,0.460712,0.024956
4125,0.460712,0.024956
4128,0.460712,0.024956
4131,0.462815,0.0101604
4134,0.462815,0.0101604
4137,0.462815,0.0101604
4140,0.462815,0.0101604
4143,0.462815,0.0101604
4146,0.462815,0.0101604
4149,0.462815,0.0101604
4152,0.462815,0.0101604
4155,0.481275,0.237404
4158,0.481275,0.237404
4161,0.481275,0.237404
4164,0.481275,0.237404
4167,0.481275,0.237404
4170,0.481275,0.237404
4173,0.481275,0.237404
4176,0.481275,0.237404
4179,0.515177,0.346885
4182,0.515177,0.346885
4185,0.515177,0.346885
4188,0.515177,0.346885
4191,0.515177,0.346885
4194,0.515177,0.346885
4197,0.515177,0.346885
4200,0.515177,0.346885
4203,0.509049,0.29694
4206,0.509049,0.29694
4209,0.509049,0.29694
4212,0.509049,0.29694
4215,0.509049,0.29694
4218,0.509049,0.29694
4221,0.509049,0.29694
4224,0.509049,0.29694
4227,0.46837,0.513841
4230,0.46837,0.513841
4233,0.46837,0.513841
4236,0.46837,0.513841
4239,0.46837,0.513841
4242,0.46837,0.513841
4245,0.46837,0.513841
4248,0.46837,0.513841
4251,0.402229,0.460168
4254,0.402229,0.460168
4257,0.402229,0.460168
4260,0.402229,0.460168
4263,0.402229,0.460168
4266,0.402229,0.460168
4269,0.402229,0.460168
4272,0.402229,0.460168
4275,0.436236,0.529105
4278,0.436236,0.529105
4281,0.436236,0.529105
4284,0.436236,0.529105
4287,0.436236,0.529105
4290,0.436236,0.529105
4293,0.436236,0.529105
4296,0.436236,0.529105
4299,0.443314,0.573965
4302,0.443314,0.573965
4305,0.443314,0.573965
4308,0.443314,0.573965
4311,0.443314,0.573965
4314,0.443314,0.573965
4317,0.443314,0.573965
4320,0.443314,0.573965
4323,0.502902,0.524332
4326,0.502902,0.524332
4329,0.502902,0.524332
4332,0.502902,0.524332
4335,0.502902,0.524332
4338,0.502902,0.524332
4341,0.502902,0.524332
4344,0.502902,0.524332
4347,0.466516,0.546522
4350,0.466516,0.546522
4353,0.466516,0.546522
4356,0.466516,0.546522
4359,0.466516,0.546522
4362,0.466516,0.546522
4365,0.466516,0.546522
4368,0.466516,0.546522
4371,0.466557,0.524924
4374,0.466557,0.524924
4377,0.466557,0.524924
4380,0.466557,0.524924
4383,0.466557,0.524924
4386,0.466557,0.524924
4389,0.466557,0.524924
4392,0.466557,0.524924
4395,0.424624,0.554586
4398,0.424624,0.554586
4401,0.424624,0.554586
4404,0.424624,0.554586
4407,0.424624,0.554586
4410,0.424624,0.554586
4413,0.424624,0.554586
4416,0.424624,0.554586
4419,0.37208,0.541235
4422,0.37208,0.541235
4425,0.37208,0.541235
4428,0.37208,0.541235
4431,0.37208,0.541235
4434,0.37208,0.541235
4437,0.37208,0.541235
4440,0.37208,0.541235
4443,0.429806,0.528316
4446,0.429806,0.528316
4449,0.429806,0.528316
4452,0.429806,0.528316
4455,0.429806,0.528316
4458,0.429806,0.528316
4461,0.429806,0.528316
4464,0.429806,0.528316
4467,0.501286,0.470258
4470,0.501286,0.470258
4473,0.501286,0.470258
4476,0.501286,0.470258
4479,0.501286,0.470258
4482,0.501286,0.470258
4485,0.501286,0.470258
4488,0.501286,0.470258
4491,0.431701,0.446922
4494,0.431701,0.446922
4497,0.431701,0.446922
4500,0.431701,0.446922
4503,0.431701,0.446922
4506,0.431701,0.446922
4509,0.431701,0.446922
4512,0.431701,0.446922
4515,0.410547,0.506309
4518,0.410547,0.506309
4521,0.410547,0.506309
4524,0.410547,0.506309
4527,0.410547,0.506309
4530,0.410547,0.506309
4533,0.410547,0.506309
4536,0.410547,0.506309
4539,0.408238,0.529831
4542,0.408238,0.529831
4545,0.408238,0.529831
4548,0.408238,0.529831
4551,0.408238,0.529831
4554,0.408238,0.529831
4557,0.408238,0.529831
4560,0.408238,0.529831
4563,0.37224,0.531358
4566,0.37224,0.531358
4569,0.37224,0.531358
4572,0.37224,0.531358
4575,0.37224,0.531358
4578,0.37224,0.531358
4581,0.37224,0.531358
4584,0.37224,0.531358
4587,0.383182,0.596494
4590,0.383182,0.596494
4593,0.383182,0.596494
4596,0.383182,0.596494
4599,0.383182,0.596494
4602,0.383182,0.596494
4605,0.383182,0.596494
4608,0.383182,0.596494
4611,0.336308,0.378357
4614,0.336308,0.378357
4617,0.336308,0.378357
4620,0.336308,0.378357
4623,0.336308,0.378357
4626,0.336308,0.378357
4629,0.336308,0.378357
4632,0.336308,0.378357
4635,0.28287,0.477511
4638,0.28287,0.477511
4641,0.28287,0.477511
4644,0.28287,0.477511
4647,0.28287,0.477511
4650,0.28287,0.477511
4653,0.28287,0.477511
4656,0.28287,0.477511
4659,0.30063,0.500069
4662,0.30063,0.500069
4665,0.30063,0.500069
4668,0.30063,0.500069
4671,0.30063,0.500069
4674,0.30063,0.500069
4677,0.30063,0.500069
4680,0.30063,0.500069
4683,0.214715,0.493222
4686,0.214715,0.493222
4689,0.214715,0.493222
4692,0.214715,0.493222
4695,0.214715,0.493222
4698,0.214715,0.493222
4701,0.214715,0.493222
4704,0.214715,0.493222
4707,0.221625,0.385468
4710,0.221625,0.385468
4713,0.221625,0.385468
4716,0.221625,0.385468
4719,0.221625,0.385468
4722,0.221625,0.385468
4725,0.221625,0.385468
4728,0.221625,0.385468
4731,0.282271,0.47384
4734,0.282271,0.47384
4737,0.282271,0.47384
4740,0.282271,0.47384
4743,0.282271,0.47384
4746,0.282271,0.47384
4749,0.282271,0.47384
4752,0.282271,0.47384
4755,0.218256,0.331152
4758,0.218256,0.331152
4761,0.218256,0.331152
4764,0.218256,0.331152
4767,0.218256,0.331152
4770,0.218256,0.331152
4773,0.218256,0.331152
4776,0.218256,0.331152
4779,0.0789484,0.260502
4782,0.0789484,0.260502
4785,0.0789484,0.260502
4788,0.0789484,0.260502
4791,0.0789484,0.260502
4794,0.0789484,0.260502
4797,0.0789484,0.260502
4800,0.0789484,0.260502
4803,0.00126586,0.100081
4806,0.00126586,0.100081
4809,0.00126586,0.100081
4812,0.00126586,0.100081
4815,0.00126586,0.100081
4818,0.00126586,0.100081
4821,0.00126586,0.100081
4824,0.00126586,0.100081
4827,0.00221897,3.35079e-05
4830,0.00221897,3.35079e-05
4833,0.00221897,3.35079e-05
4836,0.00221897,3.35079e-05
4839,0.00221897,3.35079e-05
4842,0.00221897,3.35079e-05
4845,0.00221897,3.35079e-05
4848,0.00221897,3.35079e-05
4851,0.00370077,0.00382363
4854,0.00370077,0.00382363
4857,0.00370077,0.00382363
4860,0.00370077,0.00382363
4863,0.00370077,0.00382363
4866,0.00370077,0.00382363
4869,0.00370077,0.00382363
4872,0.00370077,0.00382363
4875,0.00424434,0.00331356
4878,0.00424434,0.00331356
4881,0.00424434,0.00331356
4884,0.00424434,0.00331356
4887,0.00424434,0.00331356
4890,0.00424434,0.00331356
4893,0.00424434,0.00331356
4896,0.00424434,0.00331356
4899,0.00367843,0.00644842
4902,0.00367843,0.00644842
4905,0.00367843,0.00644842
4908,0.00367843,0.00644842
4911,0.00367843,0.00644842
4914,0.00367843,0.00644842
4917,0.00367843,0.00644842
4920,0.00367843,0.00644842
4923,0.0348222,0.0343605
4926,0.0348222,0.0343605
4929,0.0348222,0.0343605
4932,0.0348222,0.0343605
4935,0.0348222,0.0343605
4938,0.0348222,0.0343605
4941,0.0348222,0.0343605
4944,0.0348222,0.0343605
4947,0.111019,0.0729394
4950,0.111019,0.0729394
4953,0.111019,0.0729394
4956,0.111019,0.0729394
4959,0.111019,0.0729394
4962,0.111019,0.0729394
4965,0.111019,0.0729394
4968,0.111019,0.0729394
4971,0.0682408,0.120644
4974,0.0682408,0.120644
4977,0.0682408,0.120644
4980,0.0682408,0.120644
4983,0.0682408,0.120644
4986,0.0682408,0.120644
4989,0.0682408,0.120644
4992,0.0682408,0.120644
4995,0.0837215,0.106972
4998,0.0837215,0.106972
5001,0.0837215,0.106972
5004,0.0837215,0.106972
5007,0.0837215,0.106972
5010,0.0837215,0.106972
5013,0.0837215,0.106972
5016,0.0837215,0.106972
5019,0.0251496,0.0589219
5022,0.0251496,0.0589219
5025,0.0251496,0.0589219
5028,0.0251496,0.0589219
5031,0.0251496,0.0589219
5034,0.0251496,0.0589219
5037,0.0251496,0.0589219
5040,0.0251496,0.0589219
5043,0.0100747,0.0745775
5046,0.0100747,0.0745775
5049,0.0100747,0.0745775
5052,0.0100747,0.0745775
5055,0.0100747,0.0745775
5058,0.0100747,0.0745775
5061,0.0100747,0.0745775
5064,0.0100747,0.0745775
5067,0.128209,0.141344
5070,0.128209,0.141344
5073,0.128209,0.141344
5076,0.128209,0.141344
5079,0.128209,0.141344
5082,0.128209,0.141344
5085,0.128209,0.141344
5088,0.128209,0.141344
5091,0.206569,0.23441
5094,0.206569,0.23441
5097,0.206569,0.23441
5100,0.206569,0.23441
5103,0.206569,0.23441
5106,0.206569,0.23441
5109,0.206569,0.23441
5112,0.206569,0.23441
5115,0.0727569,0.133466
5118,0.0727569,0.133466
5121,0.0727569,0.133466
5124,0.0727569,0.133466
5127,0.0727569,0.133466
5130,0.0727569,0.133466
5133,0.0727569,0.133466
5136,0.0727569,0.133466
5139,0.00189506,0.0271191
5142,0.00189506,0.0271191
5145,0.00189506,0.0271191
5148,0.00189506,0.0271191
5151,0.00189506,0.0271191
5154,0.00189506,0.0271191
5157,0.00189506,0.0271191
5160,0.00189506,0.0271191
5163,0.00271414,0
5166,0.00271414,0
5169,0.00271414,0
5172,0.00271414,0
5175,0.00271414,0
5178,0.00271414,0
5181,0.00271414,0
5184,0.00271414,0
5187,0.00160094,0
5190,0.00160094,0
5193,0.00160094,0
5196,0.00160094,0
5199,0.00160094,0
5202,0.00160094,0
5205,0.00160094,0
5208,0.00160094,0
5211,0.00015637,0
5214,0.00015637,0
5217,0.00015637,0
5220,0.00015637,0
5223,0.00015637,0
5226,0.00015637,0
5229,0.00015637,0
5232,0.00015637,0
5235,0.00127703,0
5238,0.00127703,0
5241,0.00127703,0
5244,0.00127703,0
5247,0.00127703,0
5250,0.00127703,0
5253,0.00127703,0
5256,0.00127703,0
5259,0.0111693,0.00906576
5262,0.0111693,0.00906576
5265,0.0111693,0.00906576
5268,0.0111693,0.00906576
5271,0.0111693,0.00906576
5274,0.0111693,0.00906576
5277,0.0111693,0.00906576
5280,0.0111693,0.00906576
5283,0.0527378,0.035779
5286,0.0527378,0.035779
5289,0.0527378,0.035779
5292,0.0527378,0.035779
5295,0.0527378,0.035779
5298,0.0527378,0.035779
5301,0.0527378,0.035779
5304,0.0527378,0.035779
5307,0.118469,0.129899
5310,0.118469,0.129899
5313,0.118469,0.129899
5316,0.118469,0.129899
5319,0.118469,0.129899
5322,0.118469,0.129899
5325,0.118469,0.129899
5328,0.118469,0.129899
5331,0.133816,0.219034
5334,0.133816,0.219034
5337,0.133816,0.219034
5340,0.133816,0.219034
5343,0.133816,0.219034
5346,0.133816,0.219034
5349,0.133816,0.219034
5352,0.133816,0.219034
5355,0.170883,0.12898
5358,0.170883,0.12898
5361,0.170883,0.12898
5364,0.170883,0.12898
5367,0.170883,0.12898
5370,0.170883,0.12898
5373,0.170883,0.12898
5376,0.170883,0.12898
5379,0.208483,0.22326
5382,0.208483,0.22326
5385,0.208483,0.22326
5388,0.208483,0.22326
5391,0.208483,0.22326
5394,0.208483,0.22326
5397,0.208483,0.22326
5400,0.208483,0.22326
5403,0.237139,0.250617
5406,0.237139,0.250617
5409,0.237139,0.250617
5412,0.237139,0.250617
5415,0.237139,0.250617
5418,0.237139,0.250617
5421,0.237139,0.250617
5424,0.237139,0.250617
5427,0.281649,0.218803
5430,0.281649,0.218803
5433,0.281649,0.218803
5436,0.281649,0.218803
5439,0.281649,0.218803
5442,0.281649,0.218803
5445,0.281649,0.218803
5448,0.281649,0.218803
5451,0.362753,0.241816
5454,0.362753,0.241816
5457,0.362753,0.241816
5460,0.362753,0.241816
5463,0.362753,0.241816
5466,0.362753,0.241816
5469,0.362753,0.241816
5472,0.362753,0.241816
5475,0.32703,0.206275
5478,0.32703,0.206275
5481,0.32703,0.206275
5484,0.32703,0.206275
5487,0.32703,0.206275
5490,0.32703,0.206275
5493,0.32703,0.206275
5496,0.32703,0.206275
5499,0.379299,0.143582
5502,0.379299,0.143582
5505,0.379299,0.143582
5508,0.379299,0.143582
5511,0.379299,0.143582
5514,0.379299,0.143582
5517,0.379299,0.143582
5520,0.379299,0.143582
5523,0.395457,0.0955982
5526,0.395457,0.0955982
5529,0.395457,0.0955982
5532,0.395457,0.0955982
5535,0.395457,0.0955982
5538,0.395457,0.0955982
5541,0.395457,0.0955982
5544,0.395457,0.0955982
5547,0.426686,0.177417
5550,0.426686,0.177417
5553,0.426686,0.177417
5556,0.426686,0.177417
5559,0.426686,0.177417
5562,0.426686,0.177417
5565,0.426686,0.177417
5568,0.426686,0.177417
5571,0.474074,0.0707427
5574,0.474074,0.0707427
5577,0.474074,0.0707427
5580,0.474074,0.0707427
5583,0.474074,0.0707427
5586,0.474074,0.0707427
5589,0.474074,0.0707427
5592,0.474074,0.0707427
5595,0.500806,0.154062
5598,0.500806,0.154062
5601,0.500806,0.154062
5604,0.500806,0.154062
5607,0.500806,0.154062
5610,0.500806,0.154062
5613,0.500806,0.154062
5616,0.500806,0.154062
5619,0.512083,0.129303
5622,0.512083,0.129303
5625,0.512083,0.129303
5628,0.512083,0.129303
5631,0.512083,0.129303
5634,0.512083,0.129303
5637,0.512083,0.129303
5640,0.512083,0.129303
5643,0.52176,0.0659101
5646,0.52176,0.0659101
5649,0.52176,0.0659101
5652,0.52176,0.0659101
5655,0.52176,0.0659101
5658,0.52176,0.0659101
5661,0.52176,0.0659101
5664,0.52176,0.0659101
5667,0.527337,0.0541339
5670,0.527337,0.0541339
5673,0.527337,0.0541339
5676,0.527337,0.0541339
5679,0.527337,0.0541339
5682,0.527337,0.0541339
5685,0.527337,0.0541339
5688,0.527337,0.0541339
5691,0.533636,0.0206893
5694,0.533636,0.0206893
5697,0.533636,0.0206893
5700,0.533636,0.0206893
5703,0.533636,0.0206893
5706,0.533636,0.0206893
5709,0.533636,0.0206893
5712,0.533636,0.0206893
5715,0.542285,0.0314528
5718,0.542285,0.0314528
5721,0.542285,0.0314528
5724,0.542285,0.0314528
5727,0.542285,0.0314528
5730,0.542285,0.0314528
5733,0.542285,0.0314528
5736,0.542285,0.0314528
Time(milisec),17553.4
