framenum,queue density,dynamic density
3,0.063138,0.025459
6,0.063138,0.025459
9,0.0887675,0.146686
12,0.0887675,0.146686
15,0.0968511,0.0805097
18,0.0968511,0.0805097
21,0.102957,0.0556492
24,0.102957,0.0556492
27,0.110079,0.0682594
30,0.110079,0.0682594
33,0.115503,0.0818923
36,0.115503,0.0818923
39,0.118685,0.0517968
42,0.118685,0.0517968
45,0.121511,0.067998
48,0.121511,0.067998
51,0.121852,0.102196
54,0.121852,0.102196
57,0.124689,0.0841878
60,0.124689,0.0841878
63,0.125333,0.0643237
66,0.125333,0.0643237
69,0.128878,0.0102957
72,0.128878,0.0102957
75,0.132132,0.0156784
78,0.132132,0.0156784
81,0.137739,0.0240423
84,0.137739,0.0240423
87,0.154815,0.0574371
90,0.154815,0.0574371
93,0.174936,0.106783
96,0.174936,0.106783
99,0.175505,0.108836
102,0.175505,0.108836
105,0.177149,0.0784528
108,0.177149,0.0784528
111,0.189425,0.108367
114,0.189425,0.108367
117,0.207085,0.102726
120,0.207085,0.102726
123,0.211578,0.10315
126,0.211578,0.10315
129,0.215013,0.115647
132,0.215013,0.115647
135,0.220218,0.132272
138,0.220218,0.132272
141,0.223013,0.11087
144,0.223013,0.11087
147,0.22129,0.0764566
150,0.22129,0.0764566
153,0.221207,0.0993511
156,0.221207,0.0993511
159,0.215085,0.0882523
162,0.215085,0.0882523
165,0.21032,0.0951768
168,0.21032,0.0951768
171,0.205706,0.0767899
174,0.205706,0.0767899
177,0.201009,0.0642706
180,0.201009,0.0642706
183,0.198971,0.0545166
186,0.198971,0.0545166
189,0.196967,0.0143451
192,0.196967,0.0143451
195,0.194532,0.00992072
198,0.194532,0.00992072
201,0.195517,0.00240537
204,0.195517,0.00240537
207,0.195403,0.00623501
210,0.195403,0.00623501
213,0.196009,0.00664033
216,0.196009,0.00664033
219,0.195721,0.000746232
222,0.195721,0.000746232
225,0.196115,0.00142807
228,0.196115,0.00142807
231,0.196725,0.00208718
234,0.196725,0.00208718
237,0.196615,0.000734868
240,0.196615,0.000734868
243,0.193922,0.00280689
246,0.193922,0.00280689
249,0.19452,0.0114548
252,0.19452,0.0114548
255,0.193869,0.0012917
258,0.193869,0.0012917
261,0.194831,0.00161747
264,0.194831,0.00161747
267,0.194611,0.000882599
270,0.194611,0.000882599
273,0.193592,0
276,0.193592,0
279,0.193842,0.0120988
282,0.193842,0.0120988
285,0.198668,0.00896236
288,0.198668,0.00896236
291,0.194494,0.0141254
294,0.194494,0.0141254
297,0.190524,0.00930328
300,0.190524,0.00930328
303,0.190657,0.00159095
306,0.190657,0.00159095
309,0.193119,0
312,0.193119,0
315,0.196585,0.000795476
318,0.196585,0.000795476
321,0.195244,0
324,0.195244,0
327,0.195278,0.000125003
330,0.195278,0.000125003
333,0.195373,0
336,0.195373,0
339,0.195804,0
342,0.195804,0
345,0.197789,0.00877675
348,0.197789,0.00877675
351,0.198755,0.0210043
354,0.198755,0.0210043
357,0.197354,0.0200043
360,0.197354,0.0200043
363,0.197592,0.0146671
366,0.197592,0.0146671
369,0.197823,0.0219286
372,0.197823,0.0219286
375,0.198376,0.0206483
378,0.198376,0.0206483
381,0.19738,0.0170914
384,0.19738,0.0170914
387,0.203199,0.00692821
390,0.203199,0.00692821
393,0.206918,0.0194399
396,0.206918,0.0194399
399,0.210672,0.0439254
402,0.210672,0.0439254
405,0.212415,0.0131178
408,0.212415,0.0131178
411,0.221786,0.0216445
414,0.221786,0.0216445
417,0.23515,0.0402511
420,0.23515,0.0402511
423,0.24695,0.0768505
426,0.24695,0.0768505
429,0.262783,0.0444709
432,0.262783,0.0444709
435,0.276541,0.079862
438,0.276541,0.079862
441,0.28367,0.115162
444,0.28367,0.115162
447,0.291553,0.178387
450,0.291553,0.178387
453,0.306955,0.182009
456,0.306955,0.182009
459,0.313315,0.239003
462,0.313315,0.239003
465,0.318872,0.227767
468,0.318872,0.227767
471,0.318705,0.212187
474,0.318705,0.212187
477,0.322599,0.148243
480,0.322599,0.148243
483,0.325778,0.114886
486,0.325778,0.114886
489,0.327664,0.0102957
492,0.327664,0.0102957
495,0.325827,0.000503801
498,0.325827,0.000503801
501,0.333395,0.004413
504,0.333395,0.004413
507,0.354509,0.0312167
510,0.354509,0.0312167
513,0.370415,0.0623388
516,0.370415,0.0623388
519,0.37684,0.0660927
522,0.37684,0.0660927
525,0.386166,0.0684071
528,0.386166,0.0684071
531,0.389961,0.0699867
534,0.389961,0.0699867
537,0.396056,0.0635358
540,0.396056,0.0635358
543,0.399344,0.0852333
546,0.399344,0.0852333
549,0.401893,0.113734
552,0.401893,0.113734
555,0.399439,0.0852371
558,0.399439,0.0852371
561,0.395753,0.0653426
564,0.395753,0.0653426
567,0.392768,0.0618918
570,0.392768,0.0618918
573,0.392351,0.0133564
576,0.392351,0.0133564
579,0.406052,0.0350805
582,0.406052,0.0350805
585,0.419007,0.0403382
588,0.419007,0.0403382
591,0.42778,0.0468876
594,0.42778,0.0468876
597,0.431159,0.0665283
600,0.431159,0.0665283
603,0.439243,0.0736535
606,0.439243,0.0736535
609,0.449576,0.0764035
612,0.449576,0.0764035
615,0.461785,0.0851083
618,0.461785,0.0851083
621,0.473619,0.0842674
624,0.473619,0.0842674
627,0.484858,0.0898168
630,0.484858,0.0898168
633,0.492649,0.0826423
636,0.492649,0.0826423
639,0.495888,0.053081
642,0.495888,0.053081
645,0.495354,0.054331
648,0.495354,0.054331
651,0.503241,0.0582667
654,0.503241,0.0582667
657,0.511957,0.0626911
660,0.511957,0.0626911
663,0.520313,0.0677291
666,0.520313,0.0677291
669,0.527472,0.0713239
672,0.527472,0.0713239
675,0.528006,0.075896
678,0.528006,0.075896
681,0.53248,0.0832219
684,0.53248,0.0832219
687,0.535355,0.0828848
690,0.535355,0.0828848
693,0.538355,0.0505619
696,0.538355,0.0505619
699,0.537969,0.000511377
702,0.537969,0.000511377
705,0.538753,0.000515165
708,0.538753,0.000515165
711,0.540541,0
714,0.540541,0
717,0.542011,0.00115155
720,0.542011,0.00115155
723,0.53551,7.57596e-06
726,0.53551,7.57596e-06
729,0.534923,0
732,0.534923,0
735,0.532726,0
738,0.532726,0
741,0.530245,0.00245461
744,0.530245,0.00245461
747,0.525514,0
750,0.525514,0
753,0.525465,0.000261371
756,0.525465,0.000261371
759,0.525412,0
762,0.525412,0
765,0.523699,0
768,0.523699,0
771,0.514078,0.00175762
774,0.514078,0.00175762
777,0.515783,0
780,0.515783,0
783,0.516915,0.00121215
786,0.516915,0.00121215
789,0.519196,0.00173868
792,0.519196,0.00173868
795,0.527514,0.0120155
798,0.527514,0.0120155
801,0.537935,0.0218415
804,0.537935,0.0218415
807,0.542272,0.0268151
810,0.542272,0.0268151
813,0.548408,0.03291
816,0.548408,0.03291
819,0.555284,0.000446982
822,0.555284,0.000446982
825,0.563613,0.0015455
828,0.563613,0.0015455
831,0.567023,0.00168565
834,0.567023,0.00168565
837,0.564916,3.40918e-05
840,0.564916,3.40918e-05
843,0.565076,0.00290159
846,0.565076,0.00290159
849,0.564932,0.0015455
852,0.564932,0.0015455
855,0.566079,0.00118564
858,0.566079,0.00118564
861,0.565886,0.0007879
864,0.565886,0.0007879
867,0.566712,0.00215915
870,0.566712,0.00215915
873,0.56639,0.00423875
876,0.56639,0.00423875
879,0.567973,7.95476e-05
882,0.567973,7.95476e-05
885,0.566617,0.001072
888,0.566617,0.001072
891,0.566371,0
894,0.566371,0
897,0.568841,0
900,0.568841,0
903,0.569121,0.000981087
906,0.569121,0.000981087
909,0.5665,0.00147731
912,0.5665,0.00147731
915,0.564432,0.000670472
918,0.564432,0.000670472
921,0.558534,8.71235e-05
924,0.558534,8.71235e-05
927,0.557636,0.000109851
930,0.557636,0.000109851
933,0.555526,0
936,0.555526,0
939,0.56006,0.000708352
942,0.56006,0.000708352
945,0.56403,0.000151519
948,0.56403,0.000151519
951,0.563799,0.000208339
954,0.563799,0.000208339
957,0.561269,0.000162883
960,0.561269,0.000162883
963,0.562257,2.27279e-05
966,0.562257,2.27279e-05
969,0.563723,0
972,0.563723,0
975,0.566947,0.000185611
978,0.566947,0.000185611
981,0.566113,3.78798e-05
984,0.566113,3.78798e-05
987,0.567007,0.000928055
990,0.567007,0.000928055
993,0.56689,0.00128791
996,0.56689,0.00128791
999,0.565106,0.000359858
1002,0.565106,0.000359858
1005,0.558977,0.000174247
1008,0.558977,0.000174247
1011,0.561424,0.00474634
1014,0.561424,0.00474634
1017,0.559977,0.00507589
1020,0.559977,0.00507589
1023,0.560159,0.015114
1026,0.560159,0.015114
1029,0.559473,0.0161482
1032,0.559473,0.0161482
1035,0.559988,0.0181293
1038,0.559988,0.0181293
1041,0.559666,0.000121215
1044,0.559666,0.000121215
1047,0.562962,0.00687897
1050,0.562962,0.00687897
1053,0.562019,0.016383
1056,0.562019,0.016383
1059,0.56153,0.00762141
1062,0.56153,0.00762141
1065,0.55614,0.0072805
1068,0.55614,0.0072805
1071,0.556019,0.00397738
1074,0.556019,0.00397738
1077,0.558038,0.000481073
1080,0.558038,0.000481073
1083,0.558594,0.000439406
1086,0.558594,0.000439406
1089,0.558053,0.00391298
1092,0.558053,0.00391298
1095,0.56039,0.00190914
1098,0.56039,0.00190914
1101,0.561004,0.000659108
1104,0.561004,0.000659108
1107,0.561344,0.00193566
1110,0.561344,0.00193566
1113,0.559041,0.000541681
1116,0.559041,0.000541681
1119,0.558064,0.000397738
1122,0.558064,0.000397738
1125,0.55889,0.000761384
1128,0.55889,0.000761384
1131,0.562507,0.00521984
1134,0.562507,0.00521984
1137,0.560519,0.0298341
1140,0.560519,0.0298341
1143,0.560007,0.0108223
1146,0.560007,0.0108223
1149,0.561492,0.00246597
1152,0.561492,0.00246597
1155,0.560996,0.00483346
1158,0.560996,0.00483346
1161,0.559458,0.00962526
1164,0.559458,0.00962526
1167,0.56167,0.00510241
1170,0.56167,0.00510241
1173,0.559481,0.00621607
1176,0.559481,0.00621607
1179,0.55717,0.00294326
1182,0.55717,0.00294326
1185,0.557068,0.0100912
1188,0.557068,0.0100912
1191,0.554,0.011542
1194,0.554,0.011542
1197,0.555363,0.0104813
1200,0.555363,0.0104813
1203,0.554462,0.00379556
1206,0.554462,0.00379556
1209,0.555333,5.30317e-05
1212,0.555333,5.30317e-05
1215,0.552587,3.78798e-06
1218,0.552587,3.78798e-06
1221,0.553973,0
1224,0.553973,0
1227,0.554325,1.51519e-05
1230,0.554325,1.51519e-05
1233,0.556318,0.00651911
1236,0.556318,0.00651911
1239,0.555178,0.009076
1242,0.555178,0.009076
1245,0.55739,0.00548121
1248,0.55739,0.00548121
1251,0.556625,0.00888281
1254,0.556625,0.00888281
1257,0.555344,0.0108526
1260,0.555344,0.0108526
1263,0.553814,0.0148262
1266,0.553814,0.0148262
1269,0.554507,0.0163868
1272,0.554507,0.0163868
1275,0.555803,0.0108867
1278,0.555803,0.0108867
1281,0.556666,0.0218301
1284,0.556666,0.0218301
1287,0.553776,0.0117427
1290,0.553776,0.0117427
1293,0.556537,0.00935631
1296,0.556537,0.00935631
1299,0.559602,0.00565924
1302,0.559602,0.00565924
1305,0.55842,0.0184134
1308,0.55842,0.0184134
1311,0.554515,0.00443572
1314,0.554515,0.00443572
1317,0.552795,0.0177921
1320,0.552795,0.0177921
1323,0.553034,0
1326,0.553034,0
1329,0.551621,0.00105685
1332,0.551621,0.00105685
1335,0.552094,7.57596e-06
1338,0.552094,7.57596e-06
1341,0.55284,7.57596e-05
1344,0.55284,7.57596e-05
1347,0.556019,0.00753808
1350,0.556019,0.00753808
1353,0.55814,0.0307357
1356,0.55814,0.0307357
1359,0.561985,0.0386753
1362,0.561985,0.0386753
1365,0.561299,0.0404821
1368,0.561299,0.0404821
1371,0.559905,0.0326751
1374,0.559905,0.0326751
1377,0.555901,0.0274591
1380,0.555901,0.0274591
1383,0.553321,0.0254855
1386,0.553321,0.0254855
1389,0.549617,0.0150193
1392,0.549617,0.0150193
1395,0.549931,0.0148716
1398,0.549931,0.0148716
1401,0.549265,0.0131519
1404,0.549265,0.0131519
1407,0.547609,0.0172088
1410,0.547609,0.0172088
1413,0.540912,0.0160989
1416,0.540912,0.0160989
1419,0.543719,0.0151102
1422,0.543719,0.0151102
1425,0.547128,0.0130458
1428,0.547128,0.0130458
1431,0.552867,0.0354972
1434,0.552867,0.0354972
1437,0.553909,0.116488
1440,0.553909,0.116488
1443,0.562973,0.165391
1446,0.562973,0.165391
1449,0.567136,0.241362
1452,0.567136,0.241362
1455,0.568735,0.336952
1458,0.568735,0.336952
1461,0.565935,0.372881
1464,0.565935,0.372881
1467,0.565954,0.382355
1470,0.565954,0.382355
1473,0.562041,0.473081
1476,0.562041,0.473081
1479,0.553011,0.501778
1482,0.553011,0.501778
1485,0.545083,0.503229
1488,0.545083,0.503229
1491,0.528044,0.496157
1494,0.528044,0.496157
1497,0.512756,0.481176
1500,0.512756,0.481176
1503,0.501366,0.576322
1506,0.501366,0.576322
1509,0.490797,0.643763
1512,0.490797,0.643763
1515,0.471312,0.675544
1518,0.471312,0.675544
1521,0.456175,0.649369
1524,0.456175,0.649369
1527,0.446402,0.644797
1530,0.446402,0.644797
1533,0.446929,0.669904
1536,0.446929,0.669904
1539,0.441909,0.682416
1542,0.441909,0.682416
1545,0.441731,0.629278
1548,0.441731,0.629278
1551,0.439042,0.579595
1554,0.439042,0.579595
1557,0.440807,0.540215
1560,0.440807,0.540215
1563,0.450622,0.564015
1566,0.450622,0.564015
1569,0.45672,0.563208
1572,0.45672,0.563208
1575,0.458315,0.57794
1578,0.458315,0.57794
1581,0.471982,0.635915
1584,0.471982,0.635915
1587,0.472607,0.607088
1590,0.472607,0.607088
1593,0.469853,0.566568
1596,0.469853,0.566568
1599,0.480551,0.532116
1602,0.480551,0.532116
1605,0.501165,0.483498
1608,0.501165,0.483498
1611,0.497365,0.533264
1614,0.497365,0.533264
1617,0.484096,0.487157
1620,0.484096,0.487157
1623,0.461217,0.47541
1626,0.461217,0.47541
1629,0.452789,0.524571
1632,0.452789,0.524571
1635,0.451709,0.564356
1638,0.451709,0.564356
1641,0.438735,0.578413
1644,0.438735,0.578413
1647,0.428072,0.536154
1650,0.428072,0.536154
1653,0.421379,0.490759
1656,0.421379,0.490759
1659,0.417625,0.514847
1662,0.417625,0.514847
1665,0.408988,0.488108
1668,0.408988,0.488108
1671,0.410488,0.406806
1674,0.410488,0.406806
1677,0.408541,0.51848
1680,0.408541,0.51848
1683,0.412594,0.470725
1686,0.412594,0.470725
1689,0.420886,0.522165
1692,0.420886,0.522165
1695,0.444148,0.467493
1698,0.444148,0.467493
1701,0.463573,0.576163
1704,0.463573,0.576163
1707,0.469327,0.544033
1710,0.469327,0.544033
1713,0.448372,0.405734
1716,0.448372,0.405734
1719,0.439243,0.428106
1722,0.439243,0.428106
1725,0.428087,0.452239
1728,0.428087,0.452239
1731,0.409053,0.44555
1734,0.409053,0.44555
1737,0.403469,0.431799
1740,0.403469,0.431799
1743,0.394185,0.466653
1746,0.394185,0.466653
1749,0.371741,0.516105
1752,0.371741,0.516105
1755,0.366013,0.496915
1758,0.366013,0.496915
1761,0.349274,0.495695
1764,0.349274,0.495695
1767,0.340142,0.468944
1770,0.340142,0.468944
1773,0.346225,0.490653
1776,0.346225,0.490653
1779,0.329433,0.437822
1782,0.329433,0.437822
1785,0.318618,0.422492
1788,0.318618,0.422492
1791,0.302607,0.418333
1794,0.302607,0.418333
1797,0.272272,0.428992
1800,0.272272,0.428992
1803,0.265181,0.403174
1806,0.265181,0.403174
1809,0.256495,0.421159
1812,0.256495,0.421159
1815,0.228756,0.411337
1818,0.228756,0.411337
1821,0.221601,0.417348
1824,0.221601,0.417348
1827,0.224964,0.411412
1830,0.224964,0.411412
1833,0.228055,0.435477
1836,0.228055,0.435477
1839,0.219744,0.378109
1842,0.219744,0.378109
1845,0.204718,0.317334
1848,0.204718,0.317334
1851,0.169266,0.309607
1854,0.169266,0.309607
1857,0.142754,0.281576
1860,0.142754,0.281576
1863,0.140239,0.258685
1866,0.140239,0.258685
1869,0.153103,0.244044
1872,0.153103,0.244044
1875,0.175982,0.295932
1878,0.175982,0.295932
1881,0.20479,0.324467
1884,0.20479,0.324467
1887,0.242139,0.304936
1890,0.242139,0.304936
1893,0.287849,0.3679
1896,0.287849,0.3679
1899,0.320058,0.465724
1902,0.320058,0.465724
1905,0.372745,0.457766
1908,0.372745,0.457766
1911,0.369836,0.444803
1914,0.369836,0.444803
1917,0.326422,0.352248
1920,0.326422,0.352248
1923,0.301697,0.308887
1926,0.301697,0.308887
1929,0.26703,0.305057
1932,0.26703,0.305057
1935,0.228192,0.31924
1938,0.228192,0.31924
1941,0.205172,0.241533
1944,0.205172,0.241533
1947,0.183164,0.0945555
1950,0.183164,0.0945555
1953,0.147466,0.125996
1956,0.147466,0.125996
1959,0.0943927,0.0759187
1962,0.0943927,0.0759187
1965,0.0470656,0.0834909
1968,0.0470656,0.0834909
1971,0.0125988,0.0309099
1974,0.0125988,0.0309099
1977,0.00255689,0.0106669
1980,0.00255689,0.0106669
1983,0.00276901,0.00360237
1986,0.00276901,0.00360237
1989,0.00463649,0.00271977
1992,0.00463649,0.00271977
1995,0.00397359,0.00153034
1998,0.00397359,0.00153034
2001,0.00703807,0.00871993
2004,0.00703807,0.00871993
2007,0.0676344,0.041467
2010,0.0676344,0.041467
2013,0.147489,0.0963851
2016,0.147489,0.0963851
2019,0.231169,0.126094
2022,0.231169,0.126094
2025,0.297576,0.180088
2028,0.297576,0.180088
2031,0.328418,0.204411
2034,0.328418,0.204411
2037,0.288583,0.250241
2040,0.288583,0.250241
2043,0.240722,0.258575
2046,0.240722,0.258575
2049,0.191888,0.195846
2052,0.191888,0.195846
2055,0.151519,0.160686
2058,0.151519,0.160686
2061,0.130102,0.158936
2064,0.130102,0.158936
2067,0.0818961,0.105003
2070,0.0818961,0.105003
2073,0.0384821,0.0748505
2076,0.0384821,0.0748505
2079,0.010917,0.0311561
2082,0.010917,0.0311561
2085,0.00833734,0.0215612
2088,0.00833734,0.0215612
2091,0.00890554,0.0166557
2094,0.00890554,0.0166557
2097,0.010326,0.010523
2100,0.010326,0.010523
2103,0.0155345,0.0314061
2106,0.0155345,0.0314061
2109,0.0305197,0.0667063
2112,0.0305197,0.0667063
2115,0.0505013,0.089991
2118,0.0505013,0.089991
2121,0.0754073,0.160633
2124,0.0754073,0.160633
2127,0.126113,0.18177
2130,0.126113,0.18177
2133,0.154788,0.233631
2136,0.154788,0.233631
2139,0.176141,0.236749
2142,0.176141,0.236749
2145,0.189134,0.226998
2148,0.189134,0.226998
2151,0.194914,0.245078
2154,0.194914,0.245078
2157,0.219536,0.277303
2160,0.219536,0.277303
2163,0.221661,0.270136
2166,0.221661,0.270136
2169,0.212884,0.25842
2172,0.212884,0.25842
2175,0.182115,0.226453
2178,0.182115,0.226453
2181,0.142955,0.176228
2184,0.142955,0.176228
2187,0.1029,0.205343
2190,0.1029,0.205343
2193,0.0606228,0.127053
2196,0.0606228,0.127053
2199,0.0315501,0.0664866
2202,0.0315501,0.0664866
2205,0.0162126,0.0337585
2208,0.0162126,0.0337585
2211,0.006932,0.0191141
2214,0.006932,0.0191141
2217,0.00533347,0.0182694
2220,0.00533347,0.0182694
2223,0.00495089,0.00428799
2226,0.00495089,0.00428799
2229,0.00539408,0.00617062
2232,0.00539408,0.00617062
2235,0.0055456,0.0152693
2238,0.0055456,0.0152693
2241,0.00634865,0.00812522
2244,0.00634865,0.00812522
2247,0.00660624,0.00678048
2250,0.00660624,0.00678048
2253,0.0087919,0.00705322
2256,0.0087919,0.00705322
2259,0.0102275,0.031588
2262,0.0102275,0.031588
2265,0.0110457,0.0383003
2268,0.0110457,0.0383003
2271,0.0407321,0.0751649
2274,0.0407321,0.0751649
2277,0.0607213,0.117223
2280,0.0607213,0.117223
2283,0.0675548,0.130443
2286,0.0675548,0.130443
2289,0.0707595,0.101711
2292,0.0707595,0.101711
2295,0.0717064,0.141928
2298,0.0717064,0.141928
2301,0.081237,0.170099
2304,0.081237,0.170099
2307,0.0808241,0.137178
2310,0.0808241,0.137178
2313,0.0683124,0.159182
2316,0.0683124,0.159182
2319,0.057725,0.0802483
2322,0.057725,0.0802483
2325,0.0454633,0.0564144
2328,0.0454633,0.0564144
2331,0.03827,0.0769869
2334,0.03827,0.0769869
2337,0.0303228,0.0535204
2340,0.0303228,0.0535204
2343,0.0225044,0.0414329
2346,0.0225044,0.0414329
2349,0.0158716,0.0364707
2352,0.0158716,0.0364707
2355,0.0106821,0.0376715
2358,0.0106821,0.0376715
2361,0.0118374,0.0397851
2364,0.0118374,0.0397851
2367,0.0129132,0.0292205
2370,0.0129132,0.0292205
2373,0.0130306,0.0184512
2376,0.0130306,0.0184512
2379,0.0139966,0.0430125
2382,0.0139966,0.0430125
2385,0.0244514,0.0499369
2388,0.0244514,0.0499369
2391,0.0533196,0.0876197
2394,0.0533196,0.0876197
2397,0.0583084,0.119454
2400,0.0583084,0.119454
2403,0.0621342,0.111742
2406,0.0621342,0.111742
2409,0.0671457,0.0962904
2412,0.0671457,0.0962904
2415,0.0585319,0.0924229
2418,0.0585319,0.0924229
2421,0.0342206,0.119848
2424,0.0342206,0.119848
2427,0.00829189,0.0551492
2430,0.00829189,0.0551492
2433,0.00727292,0.0153262
2436,0.00727292,0.0153262
2439,0.0418307,0.038895
2442,0.0418307,0.038895
2445,0.05024,0.0747255
2448,0.05024,0.0747255
2451,0.0552969,0.0983776
2454,0.0552969,0.0983776
2457,0.0600508,0.0568841
2460,0.0600508,0.0568841
2463,0.0593122,0.0736724
2466,0.0593122,0.0736724
2469,0.0352434,0.0551075
2472,0.0352434,0.0551075
2475,0.0139928,0.0306258
2478,0.0139928,0.0306258
2481,0.0138943,0.0247582
2484,0.0138943,0.0247582
2487,0.0178603,0.01858
2490,0.0178603,0.01858
2493,0.0201142,0.0499066
2496,0.0201142,0.0499066
2499,0.0223263,0.0144777
2502,0.0223263,0.0144777
2505,0.0243378,0.0188831
2508,0.0243378,0.0188831
2511,0.0380427,0.0498612
2514,0.0380427,0.0498612
2517,0.0563424,0.0525241
2520,0.0563424,0.0525241
2523,0.060888,0.0524559
2526,0.060888,0.0524559
2529,0.0668768,0.0971806
2532,0.0668768,0.0971806
2535,0.0705663,0.127106
2538,0.0705663,0.127106
2541,0.07268,0.152909
2544,0.07268,0.152909
2547,0.0783657,0.184615
2550,0.0783657,0.184615
2553,0.0637631,0.149428
2556,0.0637631,0.149428
2559,0.0383647,0.0487513
2562,0.0383647,0.0487513
2565,0.0138261,0.0321259
2568,0.0138261,0.0321259
2571,0.00573879,0.0193907
2574,0.00573879,0.0193907
2577,0.00606077,0
2580,0.00606077,0
2583,0.00636381,0
2586,0.00636381,0
2589,0.00636381,0
2592,0.00636381,0
2595,0.00684109,0
2598,0.00684109,0
2601,0.00656078,0
2604,0.00656078,0
2607,0.00668578,0
2610,0.00668578,0
2613,0.00722746,0
2616,0.00722746,0
2619,0.00644714,0
2622,0.00644714,0
2625,0.0102957,0.00150004
2628,0.0102957,0.00150004
2631,0.0394139,0.0296182
2634,0.0394139,0.0296182
2637,0.0494824,0.0661646
2640,0.0494824,0.0661646
2643,0.0917789,0.089491
2646,0.0917789,0.089491
2649,0.135507,0.187713
2652,0.135507,0.187713
2655,0.149576,0.241317
2658,0.149576,0.241317
2661,0.1628,0.244435
2664,0.1628,0.244435
2667,0.151671,0.296186
2670,0.151671,0.296186
2673,0.139731,0.259727
2676,0.139731,0.259727
2679,0.134882,0.268613
2682,0.134882,0.268613
2685,0.124977,0.263465
2688,0.124977,0.263465
2691,0.109154,0.183103
2694,0.109154,0.183103
2697,0.0781953,0.158065
2700,0.0781953,0.158065
2703,0.0503953,0.119272
2706,0.0503953,0.119272
2709,0.0397927,0.0695738
2712,0.0397927,0.0695738
2715,0.0403458,0.0526037
2718,0.0403458,0.0526037
2721,0.0405124,0.0510317
2724,0.0405124,0.0510317
2727,0.0422511,0.0865553
2730,0.0422511,0.0865553
2733,0.0640017,0.112147
2736,0.0640017,0.112147
2739,0.0804643,0.146625
2742,0.0804643,0.146625
2745,0.0859114,0.128765
2748,0.0859114,0.128765
2751,0.0934684,0.112109
2754,0.0934684,0.112109
2757,0.0976768,0.0868849
2760,0.0976768,0.0868849
2763,0.100999,0.088597
2766,0.100999,0.088597
2769,0.103533,0.0949343
2772,0.103533,0.0949343
2775,0.108976,0.133818
2778,0.108976,0.133818
2781,0.113609,0.14414
2784,0.113609,0.14414
2787,0.112215,0.158614
2790,0.112215,0.158614
2793,0.115162,0.145341
2796,0.115162,0.145341
2799,0.114298,0.128575
2802,0.114298,0.128575
2805,0.11648,0.0693276
2808,0.11648,0.0693276
2811,0.115325,0.0165156
2814,0.115325,0.0165156
2817,0.116011,0.0149739
2820,0.116011,0.0149739
2823,0.119158,0.00963283
2826,0.119158,0.00963283
2829,0.120185,0.0053259
2832,0.120185,0.0053259
2835,0.122715,0.00134094
2838,0.122715,0.00134094
2841,0.12128,0.00984496
2844,0.12128,0.00984496
2847,0.120632,0.0174171
2850,0.120632,0.0174171
2853,0.120924,0.0166027
2856,0.120924,0.0166027
2859,0.12139,0.0249135
2862,0.12139,0.0249135
2865,0.11973,0.0211483
2868,0.11973,0.0211483
2871,0.121223,0.0269325
2874,0.121223,0.0269325
2877,0.122473,0.0140345
2880,0.122473,0.0140345
2883,0.12545,0.0247431
2886,0.12545,0.0247431
2889,0.127424,0.0431754
2892,0.127424,0.0431754
2895,0.127553,0.0302887
2898,0.127553,0.0302887
2901,0.126356,0.0288568
2904,0.126356,0.0288568
2907,0.12539,0.0384442
2910,0.12539,0.0384442
2913,0.124738,0.03341
2916,0.124738,0.03341
2919,0.123382,0.0192316
2922,0.123382,0.0192316
2925,0.124848,0.0298417
2928,0.124848,0.0298417
2931,0.128519,0.0266068
2934,0.128519,0.0266068
2937,0.128371,0.0291599
2940,0.128371,0.0291599
2943,0.132401,0.0132163
2946,0.132401,0.0132163
2949,0.147345,0.0292318
2952,0.147345,0.0292318
2955,0.158133,0.0291409
2958,0.158133,0.0291409
2961,0.167455,0.0509597
2964,0.167455,0.0509597
2967,0.181531,0.0834302
2970,0.181531,0.0834302
2973,0.195702,0.109734
2976,0.195702,0.109734
2979,0.208043,0.133329
2982,0.208043,0.133329
2985,0.220267,0.144144
2988,0.220267,0.144144
2991,0.239897,0.160508
2994,0.239897,0.160508
2997,0.27053,0.190187
3000,0.27053,0.190187
3003,0.290239,0.229135
3006,0.290239,0.229135
3009,0.305751,0.274102
3012,0.305751,0.274102
3015,0.328323,0.287371
3018,0.328323,0.287371
3021,0.342403,0.30219
3024,0.342403,0.30219
3027,0.351161,0.163709
3030,0.351161,0.163709
3033,0.349172,0.131863
3036,0.349172,0.131863
3039,0.346422,0.0987375
3042,0.346422,0.0987375
3045,0.34779,0.0846159
3048,0.34779,0.0846159
3051,0.347365,0.111446
3054,0.347365,0.111446
3057,0.351627,0.124829
3060,0.351627,0.124829
3063,0.365222,0.126143
3066,0.365222,0.126143
3069,0.383188,0.158966
3072,0.383188,0.158966
3075,0.38976,0.123064
3078,0.38976,0.123064
3081,0.393529,0.126715
3084,0.393529,0.126715
3087,0.391071,0.121105
3090,0.391071,0.121105
3093,0.399639,0.0997148
3096,0.399639,0.0997148
3099,0.404363,0.120136
3102,0.404363,0.120136
3105,0.403079,0.152394
3108,0.403079,0.152394
3111,0.386961,0.0994079
3114,0.386961,0.0994079
3117,0.380521,0.0790438
3120,0.380521,0.0790438
3123,0.376139,0.0676457
3126,0.376139,0.0676457
3129,0.376934,0.0679829
3132,0.376934,0.0679829
3135,0.382658,0.0246597
3138,0.382658,0.0246597
3141,0.380711,0.0283227
3144,0.380711,0.0283227
3147,0.38609,0.0333607
3150,0.38609,0.0333607
3153,0.390052,0.040539
3156,0.390052,0.040539
3159,0.394067,0.0556757
3162,0.394067,0.0556757
3165,0.392973,0.0531832
3168,0.392973,0.0531832
3171,0.39231,0.000143943
3174,0.39231,0.000143943
3177,0.393711,0.00135988
3180,0.393711,0.00135988
3183,0.397382,0.00317433
3186,0.397382,0.00317433
3189,0.404136,0.00827673
3192,0.404136,0.00827673
3195,0.416041,0.0261825
3198,0.416041,0.0261825
3201,0.421826,0.0145761
3204,0.421826,0.0145761
3207,0.426769,0.0152504
3210,0.426769,0.0152504
3213,0.426026,0.0125572
3216,0.426026,0.0125572
3219,0.427542,0
3222,0.427542,0
3225,0.429068,0.00029925
3228,0.429068,0.00029925
3231,0.43211,0.00592061
3234,0.43211,0.00592061
3237,0.430341,0.00538651
3240,0.430341,0.00538651
3243,0.432773,0.000534105
3246,0.432773,0.000534105
3249,0.430818,0
3252,0.430818,0
3255,0.43103,0.00177277
3258,0.43103,0.00177277
3261,0.428258,0.00124625
3264,0.428258,0.00124625
3267,0.431682,0.0123564
3270,0.431682,0.0123564
3273,0.435451,0.0022046
3276,0.435451,0.0022046
3279,0.436303,0.00552287
3282,0.436303,0.00552287
3285,0.436383,0.00727292
3288,0.436383,0.00727292
3291,0.429602,0.00654942
3294,0.429602,0.00654942
3297,0.430939,0.00033713
3300,0.430939,0.00033713
3303,0.430595,0.00317811
3306,0.430595,0.00317811
3309,0.429746,0.000181823
3312,0.429746,0.000181823
3315,0.423401,0.00256446
3318,0.423401,0.00256446
3321,0.421916,0.00490922
3324,0.421916,0.00490922
3327,0.423413,0.00703049
3330,0.423413,0.00703049
3333,0.423151,0.0155951
3336,0.423151,0.0155951
3339,0.422553,0.0202695
3342,0.422553,0.0202695
3345,0.423879,0.0150231
3348,0.423879,0.0150231
3351,0.421754,0.017758
3354,0.421754,0.017758
3357,0.42281,0.0136405
3360,0.42281,0.0136405
3363,0.422708,0.00986769
3366,0.422708,0.00986769
3369,0.426572,0.00819719
3372,0.426572,0.00819719
3375,0.429182,0.000647744
3378,0.429182,0.000647744
3381,0.429799,0.0025531
3384,0.429799,0.0025531
3387,0.426197,0.00464406
3390,0.426197,0.00464406
3393,0.427417,0
3396,0.427417,0
3399,0.428049,0
3402,0.428049,0
3405,0.431345,0
3408,0.431345,0
3411,0.427814,0.00842068
3414,0.427814,0.00842068
3417,0.430837,0.000738656
3420,0.430837,0.000738656
3423,0.432201,0
3426,0.432201,0
3429,0.432572,0
3432,0.432572,0
3435,0.433966,0
3438,0.433966,0
3441,0.436406,0
3444,0.436406,0
3447,0.436769,0
3450,0.436769,0
3453,0.437686,0
3456,0.437686,0
3459,0.437917,0
3462,0.437917,0
3465,0.43905,0.000359858
3468,0.43905,0.000359858
3471,0.435985,0.00484104
3474,0.435985,0.00484104
3477,0.433261,0
3480,0.433261,0
3483,0.43322,0
3486,0.43322,0
3489,0.430985,0
3492,0.430985,0
3495,0.431515,0
3498,0.431515,0
3501,0.432379,0
3504,0.432379,0
3507,0.431818,0
3510,0.431818,0
3513,0.43097,1.89399e-05
3516,0.43097,1.89399e-05
3519,0.431292,0
3522,0.431292,0
3525,0.431807,0
3528,0.431807,0
3531,0.43197,0
3534,0.43197,0
3537,0.427504,0
3540,0.427504,0
3543,0.428985,0
3546,0.428985,0
3549,0.433565,0
3552,0.433565,0
3555,0.435231,0
3558,0.435231,0
3561,0.435265,0.000178035
3564,0.435265,0.000178035
3567,0.434121,0.000143943
3570,0.434121,0.000143943
3573,0.433974,0.000159095
3576,0.433974,0.000159095
3579,0.435299,1.51519e-05
3582,0.435299,1.51519e-05
3585,0.43725,0
3588,0.43725,0
3591,0.438095,1.51519e-05
3594,0.438095,1.51519e-05
3597,0.432538,0.00269325
3600,0.432538,0.00269325
3603,0.429686,0
3606,0.429686,0
3609,0.431341,0
3612,0.431341,0
3615,0.433746,7.57596e-06
3618,0.433746,7.57596e-06
3621,0.437121,0.000314402
3624,0.437121,0.000314402
3627,0.436292,0.000685624
3630,0.436292,0.000685624
3633,0.436743,0.0142163
3636,0.436743,0.0142163
3639,0.434894,0.0201407
3642,0.434894,0.0201407
3645,0.430337,0.00260992
3648,0.430337,0.00260992
3651,0.432807,0.00130306
3654,0.432807,0.00130306
3657,0.434708,0.0030872
3660,0.434708,0.0030872
3663,0.434864,0.00196217
3666,0.434864,0.00196217
3669,0.433731,0.00438269
3672,0.433731,0.00438269
3675,0.427716,0.0025834
3678,0.427716,0.0025834
3681,0.433686,0.000518953
3684,0.433686,0.000518953
3687,0.437428,0
3690,0.437428,0
3693,0.436686,0.000833355
3696,0.436686,0.000833355
3699,0.433292,0.00448118
3702,0.433292,0.00448118
3705,0.433322,5.68197e-05
3708,0.433322,5.68197e-05
3711,0.434818,0.0507816
3714,0.434818,0.0507816
3717,0.436307,0.0556454
3720,0.436307,0.0556454
3723,0.435038,0.0576909
3726,0.435038,0.0576909
3729,0.435292,0.0560394
3732,0.435292,0.0560394
3735,0.434409,0.054581
3738,0.434409,0.054581
3741,0.434682,0.0344933
3744,0.434682,0.0344933
3747,0.431864,0
3750,0.431864,0
3753,0.432208,0
3756,0.432208,0
3759,0.431212,0
3762,0.431212,0
3765,0.429129,0.000196975
3768,0.429129,0.000196975
3771,0.421981,0.000170459
3774,0.421981,0.000170459
3777,0.426451,0.00410617
3780,0.426451,0.00410617
3783,0.43639,0.00211748
3786,0.43639,0.00211748
3789,0.443194,0.0165648
3792,0.443194,0.0165648
3795,0.4405,0.0198225
3798,0.4405,0.0198225
3801,0.445978,0.0268303
3804,0.445978,0.0268303
3807,0.449205,0.0468762
3810,0.449205,0.0468762
3813,0.451485,0.033338
3816,0.451485,0.033338
3819,0.454027,0.000125003
3822,0.454027,0.000125003
3825,0.465145,0
3828,0.465145,0
3831,0.468016,0.00271977
3834,0.468016,0.00271977
3837,0.469001,0.00372358
3840,0.469001,0.00372358
3843,0.468732,0.00301902
3846,0.468732,0.00301902
3849,0.46641,0.00298872
3852,0.46641,0.00298872
3855,0.467743,0.000189399
3858,0.467743,0.000189399
3861,0.467831,0.00336373
3864,0.467831,0.00336373
3867,0.465312,0.00436375
3870,0.465312,0.00436375
3873,0.46438,0.000223491
3876,0.46438,0.000223491
3879,0.46413,0.00314402
3882,0.46413,0.00314402
3885,0.466474,0.000984875
3888,0.466474,0.000984875
3891,0.466028,5.30317e-05
3894,0.466028,5.30317e-05
3897,0.461353,0.00123488
3900,0.461353,0.00123488
3903,0.461918,0.00104548
3906,0.461918,0.00104548
3909,0.466259,0.00625395
3912,0.466259,0.00625395
3915,0.467747,0.00501528
3918,0.467747,0.00501528
3921,0.462876,0.00476149
3924,0.462876,0.00476149
3927,0.463929,0.00252658
3930,0.463929,0.00252658
3933,0.462448,0.0100192
3936,0.462448,0.0100192
3939,0.464751,0.00614031
3942,0.464751,0.00614031
3945,0.463357,0.000549257
3948,0.463357,0.000549257
3951,0.464546,7.57596e-06
3954,0.464546,7.57596e-06
3957,0.463296,0
3960,0.463296,0
3963,0.461721,0
3966,0.461721,0
3969,0.465384,0
3972,0.465384,0
3975,0.461834,1.13639e-05
3978,0.461834,1.13639e-05
3981,0.459186,0.000306826
3984,0.459186,0.000306826
3987,0.458008,0.000234855
3990,0.458008,0.000234855
3993,0.463217,0.003466
3996,0.463217,0.003466
3999,0.461399,0
4002,0.461399,0
4005,0.462084,0
4008,0.462084,0
4011,0.461444,0
4014,0.461444,0
4017,0.462474,0.000314402
4020,0.462474,0.000314402
4023,0.462338,0.000102275
4026,0.462338,0.000102275
4029,0.464997,1.89399e-05
4032,0.464997,1.89399e-05
4035,0.464448,0.00146974
4038,0.464448,0.00146974
4041,0.463834,0.00120458
4044,0.463834,0.00120458
4047,0.461611,0.000287886
4050,0.461611,0.000287886
4053,0.4613,0
4056,0.4613,0
4059,0.46158,0
4062,0.46158,0
4065,0.46091,0
4068,0.46091,0
4071,0.46177,0.000526529
4074,0.46177,0.000526529
4077,0.463088,0
4080,0.463088,0
4083,0.46369,0
4086,0.46369,0
4089,0.462016,0
4092,0.462016,0
4095,0.456664,0.000265159
4098,0.456664,0.000265159
4101,0.457834,0
4104,0.457834,0
4107,0.460565,0
4110,0.460565,0
4113,0.462149,0
4116,0.462149,0
4119,0.460103,0
4122,0.460103,0
4125,0.461914,0
4128,0.461914,0
4131,0.462255,0
4134,0.462255,0
4137,0.463505,0
4140,0.463505,0
4143,0.466486,0.000500013
4146,0.466486,0.000500013
4149,0.471372,0.028353
4152,0.471372,0.028353
4155,0.481263,0.0395086
4158,0.481263,0.0395086
4161,0.482176,0.0790438
4164,0.482176,0.0790438
4167,0.485755,0.160807
4170,0.485755,0.160807
4173,0.500324,0.157625
4176,0.500324,0.157625
4179,0.512059,0.129871
4182,0.512059,0.129871
4185,0.510726,0.118594
4188,0.510726,0.118594
4191,0.503214,0.190149
4194,0.503214,0.190149
4197,0.494256,0.187191
4200,0.494256,0.187191
4203,0.500483,0.176599
4206,0.500483,0.176599
4209,0.501286,0.341786
4212,0.501286,0.341786
4215,0.495555,0.528563
4218,0.495555,0.528563
4221,0.476615,0.523946
4224,0.476615,0.523946
4227,0.454781,0.50754
4230,0.454781,0.50754
4233,0.438368,0.503665
4236,0.438368,0.503665
4239,0.425326,0.525768
4242,0.425326,0.525768
4245,0.390169,0.506782
4248,0.390169,0.506782
4251,0.388249,0.489661
4254,0.388249,0.489661
4257,0.4002,0.558072
4260,0.4002,0.558072
4263,0.405575,0.529643
4266,0.405575,0.529643
4269,0.413401,0.523893
4272,0.413401,0.523893
4275,0.416761,0.529578
4278,0.416761,0.529578
4281,0.416742,0.509131
4284,0.416742,0.509131
4287,0.41811,0.496434
4290,0.41811,0.496434
4293,0.420553,0.51043
4296,0.420553,0.51043
4299,0.425758,0.531302
4302,0.425758,0.531302
4305,0.45055,0.566462
4308,0.45055,0.566462
4311,0.464118,0.650339
4314,0.464118,0.650339
4317,0.493248,0.704511
4320,0.493248,0.704511
4323,0.491013,0.686136
4326,0.491013,0.686136
4329,0.474206,0.697231
4332,0.474206,0.697231
4335,0.455122,0.641903
4338,0.455122,0.641903
4341,0.452406,0.60877
4344,0.452406,0.60877
4347,0.457251,0.606088
4350,0.457251,0.606088
4353,0.473327,0.550814
4356,0.473327,0.550814
4359,0.467456,0.589182
4362,0.467456,0.589182
4365,0.462921,0.590455
4368,0.462921,0.590455
4371,0.457633,0.452281
4374,0.457633,0.452281
4377,0.45702,0.480164
4380,0.45702,0.480164
4383,0.448175,0.470209
4386,0.448175,0.470209
4389,0.425454,0.449038
4392,0.425454,0.449038
4395,0.411583,0.44519
4398,0.411583,0.44519
4401,0.399037,0.415727
4404,0.399037,0.415727
4407,0.384594,0.379556
4410,0.384594,0.379556
4413,0.366794,0.398268
4416,0.366794,0.398268
4419,0.3611,0.401734
4422,0.3611,0.401734
4425,0.357172,0.441277
4428,0.357172,0.441277
4431,0.374817,0.526218
4434,0.374817,0.526218
4437,0.403208,0.490021
4440,0.403208,0.490021
4443,0.425117,0.490975
4446,0.425117,0.490975
4449,0.457785,0.568686
4452,0.457785,0.568686
4455,0.481085,0.507502
4458,0.481085,0.507502
4461,0.500975,0.495881
4464,0.500975,0.495881
4467,0.494551,0.483638
4470,0.494551,0.483638
4473,0.481066,0.512908
4476,0.481066,0.512908
4479,0.463626,0.452012
4482,0.463626,0.452012
4485,0.440845,0.431027
4488,0.440845,0.431027
4491,0.423136,0.487566
4494,0.423136,0.487566
4497,0.416325,0.477225
4500,0.416325,0.477225
4503,0.422102,0.486634
4506,0.422102,0.486634
4509,0.416056,0.444701
4512,0.416056,0.444701
4515,0.406147,0.445394
4518,0.406147,0.445394
4521,0.391825,0.416352
4524,0.391825,0.416352
4527,0.420034,0.369578
4530,0.420034,0.369578
4533,0.431538,0.453917
4536,0.431538,0.453917
4539,0.404056,0.45858
4542,0.404056,0.45858
4545,0.373593,0.548018
4548,0.373593,0.548018
4551,0.35685,0.521609
4554,0.35685,0.521609
4557,0.352676,0.548988
4560,0.352676,0.548988
4563,0.36943,0.518571
4566,0.36943,0.518571
4569,0.396749,0.550946
4572,0.396749,0.550946
4575,0.39592,0.549761
4578,0.39592,0.549761
4581,0.383389,0.547492
4584,0.383389,0.547492
4587,0.383957,0.47099
4590,0.383957,0.47099
4593,0.387109,0.487395
4596,0.387109,0.487395
4599,0.371036,0.512654
4602,0.371036,0.512654
4605,0.355047,0.504479
4608,0.355047,0.504479
4611,0.335524,0.483986
4614,0.335524,0.483986
4617,0.302849,0.437792
4620,0.302849,0.437792
4623,0.272223,0.363116
4626,0.272223,0.363116
4629,0.256999,0.345956
4632,0.256999,0.345956
4635,0.284769,0.410587
4638,0.284769,0.410587
4641,0.284227,0.51012
4644,0.284227,0.51012
4647,0.294758,0.466959
4650,0.294758,0.466959
4653,0.311357,0.50626
4656,0.311357,0.50626
4659,0.298747,0.497589
4662,0.298747,0.497589
4665,0.279405,0.405818
4668,0.279405,0.405818
4671,0.260477,0.376366
4674,0.260477,0.376366
4677,0.236029,0.349456
4680,0.236029,0.349456
4683,0.212343,0.341892
4686,0.212343,0.341892
4689,0.213434,0.37023
4692,0.213434,0.37023
4695,0.211392,0.314486
4698,0.211392,0.314486
4701,0.206441,0.325376
4704,0.206441,0.325376
4707,0.213729,0.313417
4710,0.213729,0.313417
4713,0.220915,0.340589
4716,0.220915,0.340589
4719,0.252298,0.426235
4722,0.252298,0.426235
4725,0.270359,0.428352
4728,0.270359,0.428352
4731,0.274784,0.486183
4734,0.274784,0.486183
4737,0.269359,0.466918
4740,0.269359,0.466918
4743,0.258192,0.423386
4746,0.258192,0.423386
4749,0.24051,0.406052
4752,0.24051,0.406052
4755,0.209812,0.33346
4758,0.209812,0.33346
4761,0.16752,0.258492
4764,0.16752,0.258492
4767,0.137485,0.251893
4770,0.137485,0.251893
4773,0.108389,0.216487
4776,0.108389,0.216487
4779,0.0726269,0.145557
4782,0.0726269,0.145557
4785,0.0431527,0.114389
4788,0.0431527,0.114389
4791,0.0120837,0.102953
4794,0.0120837,0.102953
4797,0.00348115,0.0227847
4800,0.00348115,0.0227847
4803,0.000931843,0.00475013
4806,0.000931843,0.00475013
4809,0.000840931,0
4812,0.000840931,0
4815,0.00139019,0.00146974
4818,0.00139019,0.00146974
4821,0.00216672,0.00404935
4824,0.00216672,0.00404935
4827,0.00218945,0.00106442
4830,0.00218945,0.00106442
4833,0.00195839,0.00277659
4836,0.00195839,0.00277659
4839,0.00412132,0.00432587
4842,0.00412132,0.00432587
4845,0.00473497,0.0102957
4848,0.00473497,0.0102957
4851,0.00387889,0.00797748
4854,0.00387889,0.00797748
4857,0.00465543,0.00599258
4860,0.00465543,0.00599258
4863,0.00464406,0.0163186
4866,0.00464406,0.0163186
4869,0.00419708,0.0140496
4872,0.00419708,0.0140496
4875,0.00433724,0.0121215
4878,0.00433724,0.0121215
4881,0.00347358,0.0115912
4884,0.00347358,0.0115912
4887,0.00428799,0.000568197
4890,0.00428799,0.000568197
4893,0.00385237,0.0119056
4896,0.00385237,0.0119056
4899,0.00301902,0.00965177
4902,0.00301902,0.00965177
4905,0.00259855,0.00605698
4908,0.00259855,0.00605698
4911,0.00189778,0.00667442
4914,0.00189778,0.00667442
4917,0.00842447,0.00934116
4920,0.00842447,0.00934116
4923,0.0375275,0.0362244
4926,0.0375275,0.0362244
4929,0.0693655,0.0678541
4932,0.0693655,0.0678541
4935,0.0970556,0.124897
4938,0.0970556,0.124897
4941,0.10445,0.121962
4944,0.10445,0.121962
4947,0.112393,0.150371
4950,0.112393,0.150371
4953,0.0964344,0.189725
4956,0.0964344,0.189725
4959,0.0837295,0.128109
4962,0.0837295,0.128109
4965,0.0628842,0.128954
4968,0.0628842,0.128954
4971,0.0663427,0.0904569
4974,0.0663427,0.0904569
4977,0.0742217,0.120052
4980,0.0742217,0.120052
4983,0.0752331,0.132344
4986,0.0752331,0.132344
4989,0.0788771,0.121833
4992,0.0788771,0.121833
4995,0.0848356,0.0952298
4998,0.0848356,0.0952298
5001,0.0870288,0.18949
5004,0.0870288,0.18949
5007,0.0780059,0.0771157
5010,0.0780059,0.0771157
5013,0.0533082,0.121287
5016,0.0533082,0.121287
5019,0.0198566,0.0674147
5022,0.0198566,0.0674147
5025,0.0124208,0.0371411
5028,0.0124208,0.0371411
5031,0.00720852,0.0317584
5034,0.00720852,0.0317584
5037,0.00846992,0.0403117
5040,0.00846992,0.0403117
5043,0.00983738,0.0472172
5046,0.00983738,0.0472172
5049,0.0161216,0.0699753
5052,0.0161216,0.0699753
5055,0.0378002,0.0836992
5058,0.0378002,0.0836992
5061,0.0713201,0.0642896
5064,0.0713201,0.0642896
5067,0.110613,0.114098
5070,0.110613,0.114098
5073,0.168804,0.0836613
5076,0.168804,0.0836613
5079,0.203824,0.102431
5082,0.203824,0.102431
5085,0.203649,0.10701
5088,0.203649,0.10701
5091,0.195873,0.149951
5094,0.195873,0.149951
5097,0.177895,0.137174
5100,0.177895,0.137174
5103,0.15622,0.0969761
5106,0.15622,0.0969761
5109,0.121094,0.0888281
5112,0.121094,0.0888281
5115,0.0652896,0.0969723
5118,0.0652896,0.0969723
5121,0.0233112,0.0460429
5124,0.0233112,0.0460429
5127,0.00102275,0.00389404
5130,0.00102275,0.00389404
5133,0.00109851,8.33355e-05
5136,0.00109851,8.33355e-05
5139,0.00171974,0
5142,0.00171974,0
5145,0.00153034,0
5148,0.00153034,0
5151,0.00149625,0
5154,0.00149625,0
5157,0.00133337,0
5160,0.00133337,0
5163,0.00217051,0
5166,0.00217051,0
5169,0.00166671,0
5172,0.00166671,0
5175,0.0014811,0
5178,0.0014811,0
5181,0.00134473,0
5184,0.00134473,0
5187,0.00120079,0
5190,0.00120079,0
5193,0.000920479,0
5196,0.000920479,0
5199,9.84875e-05,0
5202,9.84875e-05,0
5205,0,0
5208,0,0
5211,8.71235e-05,0
5214,8.71235e-05,0
5217,0.000143943,0
5220,0.000143943,0
5223,0.001322,0
5226,0.001322,0
5229,0.000958359,0
5232,0.000958359,0
5235,0.000943207,0
5238,0.000943207,0
5241,0.000905327,0
5244,0.000905327,0
5247,0.00103791,0
5250,0.00103791,0
5253,0.000969723,0
5256,0.000969723,0
5259,0.0119283,0.0109738
5262,0.0119283,0.0109738
5265,0.0424216,0.0501453
5268,0.0424216,0.0501453
5271,0.0487324,0.0671533
5274,0.0487324,0.0671533
5277,0.0520052,0.074555
5280,0.0520052,0.074555
5283,0.0547439,0.0961806
5286,0.0547439,0.0961806
5289,0.0596304,0.113067
5292,0.0596304,0.113067
5295,0.094404,0.117643
5298,0.094404,0.117643
5301,0.109776,0.167523
5304,0.109776,0.167523
5307,0.115848,0.166258
5310,0.115848,0.166258
5313,0.122329,0.193732
5316,0.122329,0.193732
5319,0.123276,0.167891
5322,0.123276,0.167891
5325,0.123863,0.079665
5328,0.123863,0.079665
5331,0.136076,0.0605016
5334,0.136076,0.0605016
5337,0.151868,0.126583
5340,0.151868,0.126583
5343,0.154262,0.153644
5346,0.154262,0.153644
5349,0.15514,0.128212
5352,0.15514,0.128212
5355,0.173917,0.157163
5358,0.173917,0.157163
5361,0.196081,0.196589
5364,0.196081,0.196589
5367,0.203664,0.217119
5370,0.203664,0.217119
5373,0.208953,0.168997
5376,0.208953,0.168997
5379,0.211506,0.187922
5382,0.211506,0.187922
5385,0.211305,0.18602
5388,0.211305,0.18602
5391,0.230036,0.223688
5394,0.230036,0.223688
5397,0.240866,0.20268
5400,0.240866,0.20268
5403,0.241052,0.199251
5406,0.241052,0.199251
5409,0.243071,0.127344
5412,0.243071,0.127344
5415,0.24759,0.0461111
5418,0.24759,0.0461111
5421,0.270734,0.0730815
5424,0.270734,0.0730815
5427,0.288655,0.113912
5430,0.288655,0.113912
5433,0.302591,0.176228
5436,0.302591,0.176228
5439,0.3303,0.170618
5442,0.3303,0.170618
5445,0.348869,0.213165
5448,0.348869,0.213165
5451,0.358597,0.193179
5454,0.358597,0.193179
5457,0.356017,0.127519
5460,0.356017,0.127519
5463,0.349172,0.145807
5466,0.349172,0.145807
5469,0.33877,0.122575
5472,0.33877,0.122575
5475,0.322266,0.120912
5478,0.322266,0.120912
5481,0.324429,0.0826272
5484,0.324429,0.0826272
5487,0.33702,0.0749717
5490,0.33702,0.0749717
5493,0.353748,0.0844757
5496,0.353748,0.0844757
5499,0.366006,0.096942
5502,0.366006,0.096942
5505,0.376351,0.108988
5508,0.376351,0.108988
5511,0.378805,0.114893
5514,0.378805,0.114893
5517,0.37729,0.10692
5520,0.37729,0.10692
5523,0.385628,0.112575
5526,0.385628,0.112575
5529,0.399742,0.140674
5532,0.399742,0.140674
5535,0.411231,0.137526
5538,0.411231,0.137526
5541,0.421905,0.0687102
5544,0.421905,0.0687102
5547,0.422738,0.0778354
5550,0.422738,0.0778354
5553,0.427754,0.0875137
5556,0.427754,0.0875137
5559,0.439466,0.0863773
5562,0.439466,0.0863773
5565,0.454705,0.0985216
5568,0.454705,0.0985216
5571,0.473316,0.1292
5574,0.473316,0.1292
5577,0.496445,0.171592
5580,0.496445,0.171592
5583,0.504063,0.205638
5586,0.504063,0.205638
5589,0.507282,0.171853
5592,0.507282,0.171853
5595,0.502392,0.138276
5598,0.502392,0.138276
5601,0.498506,0.0787028
5604,0.498506,0.0787028
5607,0.497187,0.0394707
5610,0.497187,0.0394707
5613,0.507241,0.0707064
5616,0.507241,0.0707064
5619,0.514911,0.0577099
5622,0.514911,0.0577099
5625,0.519093,0.0668881
5628,0.519093,0.0668881
5631,0.523503,0.0197808
5634,0.523503,0.0197808
5637,0.526109,0.0230385
5640,0.526109,0.0230385
5643,0.524556,0.0489596
5646,0.524556,0.0489596
5649,0.530185,0.0554409
5652,0.530185,0.0554409
5655,0.528518,0.0478649
5658,0.528518,0.0478649
5661,0.528942,0.044433
5664,0.528942,0.044433
5667,0.530885,0.0240158
5670,0.530885,0.0240158
5673,0.529211,0.0283114
5676,0.529211,0.0283114
5679,0.531128,0.0102844
5682,0.531128,0.0102844
5685,0.535276,0.00370843
5688,0.535276,0.00370843
5691,0.537923,0.00788657
5694,0.537923,0.00788657
5697,0.5332,0.000871235
5700,0.5332,0.000871235
5703,0.538401,0
5706,0.538401,0
5709,0.541317,0.00113639
5712,0.541317,0.00113639
5715,0.547026,0.00200384
5718,0.547026,0.00200384
5721,0.55753,0.000291674
5724,0.55753,0.000291674
5727,0.557799,0.000776536
5730,0.557799,0.000776536
5733,0.557678,1.51519e-05
5736,0.557678,1.51519e-05
Time(milisec),91751
