framenum,queue density,dynamic density
3,0.0641376,0.0341409
6,0.0741589,0.149038
9,0.0870682,0.189379
12,0.0914338,0.163241
15,0.0952443,0.124033
18,0.098301,0.131651
21,0.101331,0.150531
24,0.103038,0.119004
27,0.108375,0.128586
30,0.111953,0.131444
33,0.113802,0.135881
36,0.115231,0.133976
39,0.117084,0.13776
42,0.118336,0.12757
45,0.119851,0.120084
48,0.119941,0.106113
51,0.120485,0.106252
54,0.122023,0.106511
57,0.123913,0.115246
60,0.124438,0.147729
63,0.124412,0.142936
66,0.12544,0.13051
69,0.127161,0.13036
72,0.128339,0.119675
75,0.130567,0.136736
78,0.130923,0.136751
81,0.136564,0.133192
84,0.140629,0.135262
87,0.152762,0.151873
90,0.166133,0.163905
93,0.172212,0.1724
96,0.169433,0.205356
99,0.173311,0.190309
102,0.174905,0.148614
105,0.175142,0.145816
108,0.17839,0.152526
111,0.187154,0.16332
114,0.196066,0.173986
117,0.204339,0.205438
120,0.206751,0.202108
123,0.208874,0.198155
126,0.209549,0.186078
129,0.211983,0.200304
132,0.215801,0.177748
135,0.21741,0.207497
138,0.218966,0.203619
141,0.220339,0.18927
144,0.219911,0.18253
147,0.218854,0.191228
150,0.219668,0.179308
153,0.218846,0.155223
156,0.2166,0.192585
159,0.212797,0.205708
162,0.210813,0.196651
165,0.207985,0.204276
168,0.206507,0.174024
171,0.203548,0.146413
174,0.200926,0.167187
177,0.199074,0.199366
180,0.197735,0.200818
183,0.197011,0.153734
186,0.195732,0.151476
189,0.194809,0.139493
192,0.193857,0.127079
195,0.192945,0.130653
198,0.193144,0.120433
201,0.193489,0.116206
204,0.19425,0.115073
207,0.193452,0.116333
210,0.193793,0.115265
213,0.193812,0.112133
216,0.193778,0.105982
219,0.193695,0.112515
222,0.193932,0.120028
225,0.193808,0.126947
228,0.194127,0.126272
231,0.19425,0.122953
234,0.195342,0.124637
237,0.194573,0.134508
240,0.191419,0.122064
243,0.192281,0.142231
246,0.192671,0.136159
249,0.19248,0.1329
252,0.191738,0.131201
255,0.191865,0.140828
258,0.192214,0.139035
261,0.192641,0.137111
264,0.19236,0.136961
267,0.192548,0.129558
270,0.19224,0.123227
273,0.192113,0.122642
276,0.192503,0.122953
279,0.192795,0.118614
282,0.194914,0.127394
285,0.198177,0.143525
288,0.198346,0.14681
291,0.194573,0.143761
294,0.191921,0.134722
297,0.189679,0.145254
300,0.188891,0.135547
303,0.188943,0.138739
306,0.189469,0.136222
309,0.191134,0.128695
312,0.193144,0.140198
315,0.194562,0.144237
318,0.194445,0.14909
321,0.193197,0.112095
324,0.19308,0.117099
327,0.193272,0.110985
330,0.193553,0.114702
333,0.193377,0.117031
336,0.193407,0.116675
339,0.193527,0.122301
342,0.195582,0.123767
345,0.195841,0.130488
348,0.197982,0.136155
351,0.196598,0.145047
354,0.194941,0.147084
357,0.195391,0.154739
360,0.195447,0.14744
363,0.195496,0.141649
366,0.195447,0.136297
369,0.195597,0.145261
372,0.195994,0.151941
375,0.196246,0.161557
378,0.195841,0.145888
381,0.195128,0.143015
384,0.196516,0.15709
387,0.201384,0.153557
390,0.203799,0.156738
393,0.204741,0.166703
396,0.207017,0.1516
399,0.208424,0.153914
402,0.209489,0.139332
405,0.210126,0.163883
408,0.212654,0.172903
411,0.219784,0.149391
414,0.22805,0.210216
417,0.23413,0.192424
420,0.23821,0.227656
423,0.246679,0.185339
426,0.256517,0.215043
429,0.264843,0.223722
432,0.272738,0.202082
435,0.280422,0.250621
438,0.284754,0.276664
441,0.288175,0.249552
444,0.293452,0.2169
447,0.295402,0.307809
450,0.303747,0.277467
453,0.310715,0.312534
456,0.314391,0.312309
459,0.316645,0.28846
462,0.318509,0.286172
465,0.322252,0.29227
468,0.322297,0.294168
471,0.321625,0.159952
474,0.322102,0.283006
477,0.3255,0.181349
480,0.327551,0.183111
483,0.328729,0.181911
486,0.329483,0.225912
489,0.330402,0.182661
492,0.331092,0.178641
495,0.32859,0.219413
498,0.329839,0.217755
501,0.336147,0.200986
504,0.347271,0.206196
507,0.357278,0.222297
510,0.368604,0.244121
513,0.372951,0.250021
516,0.375982,0.239549
519,0.37947,0.254412
522,0.384777,0.279207
525,0.388632,0.24804
528,0.391483,0.253704
531,0.392431,0.242103
534,0.395863,0.248599
537,0.398586,0.235041
540,0.399445,0.237291
543,0.402157,0.257015
546,0.402483,0.296317
549,0.404579,0.271357
552,0.404077,0.225657
555,0.402265,0.243041
558,0.401275,0.262499
561,0.398053,0.173004
564,0.396377,0.277216
567,0.395286,0.247647
570,0.389645,0.251315
573,0.394821,0.251772
576,0.402265,0.265225
579,0.408585,0.271204
582,0.416067,0.262097
585,0.420823,0.267772
588,0.42499,0.276833
591,0.429352,0.276653
594,0.431081,0.252196
597,0.432918,0.268788
600,0.437228,0.278074
603,0.440959,0.296816
606,0.445332,0.283318
609,0.450444,0.306383
612,0.456697,0.313101
615,0.46257,0.324041
618,0.466384,0.304591
621,0.473806,0.282455
624,0.479631,0.274455
627,0.484964,0.332686
630,0.489502,0.345749
633,0.492765,0.339332
636,0.495016,0.347842
639,0.495961,0.327097
642,0.495447,0.349889
645,0.495267,0.364273
648,0.499171,0.371695
651,0.503465,0.374429
654,0.507587,0.377831
657,0.511402,0.390522
660,0.515066,0.259258
663,0.519634,0.25226
666,0.523219,0.311439
669,0.526741,0.243904
672,0.525451,0.314076
675,0.527244,0.323189
678,0.529565,0.333627
681,0.531159,0.31855
684,0.533046,0.313772
687,0.533878,0.310854
690,0.5356,0.320943
693,0.536838,0.251086
696,0.534216,0.2614
699,0.536838,0.339455
702,0.536534,0.349458
705,0.537591,0.348719
708,0.538555,0.257098
711,0.539305,0.25721
714,0.540494,0.259427
717,0.540798,0.26161
720,0.532858,0.259146
723,0.534302,0.256768
726,0.534647,0.255695
729,0.533882,0.257582
732,0.533807,0.259896
735,0.532026,0.260912
738,0.530503,0.260856
741,0.529745,0.262821
744,0.529727,0.264531
747,0.524457,0.261471
750,0.524911,0.256003
753,0.524532,0.25796
756,0.524378,0.255208
759,0.52469,0.258129
762,0.524405,0.259791
765,0.523257,0.257038
768,0.521479,0.261025
771,0.513119,0.25811
774,0.513959,0.258223
777,0.514893,0.261257
780,0.516041,0.262491
783,0.516454,0.260612
786,0.516416,0.258429
789,0.518588,0.261947
792,0.522079,0.267918
795,0.525927,0.267205
798,0.531152,0.27411
801,0.536114,0.280081
804,0.539542,0.285422
807,0.541102,0.28999
810,0.543071,0.262469
813,0.546896,0.263065
816,0.55097,0.292912
819,0.553655,0.256775
822,0.559937,0.25511
825,0.561583,0.253572
828,0.563586,0.254101
831,0.564745,0.250403
834,0.563706,0.254874
837,0.562641,0.252402
840,0.562442,0.251873
843,0.562814,0.250066
846,0.562109,0.252466
849,0.562844,0.249181
852,0.563159,0.250264
855,0.563894,0.25292
858,0.56401,0.249916
861,0.563939,0.252965
864,0.564543,0.251566
867,0.56482,0.250591
870,0.561925,0.247245
873,0.563751,0.244811
876,0.564381,0.248449
879,0.56548,0.241751
882,0.564423,0.239568
885,0.564284,0.241286
888,0.564074,0.243386
891,0.564059,0.244147
894,0.565124,0.246008
897,0.566808,0.24909
900,0.567659,0.245351
903,0.567104,0.246874
906,0.562484,0.247392
909,0.564603,0.249826
912,0.56458,0.252646
915,0.562135,0.249807
918,0.558572,0.240731
921,0.556239,0.240659
924,0.555706,0.241845
927,0.555481,0.244477
930,0.552218,0.245588
933,0.553272,0.246818
936,0.555144,0.248835
939,0.55796,0.261456
942,0.561002,0.263883
945,0.561613,0.265338
948,0.56173,0.26374
951,0.561246,0.266193
954,0.560792,0.271537
957,0.558553,0.271721
960,0.559108,0.265338
963,0.559952,0.266077
966,0.56083,0.266418
969,0.56125,0.268091
972,0.563001,0.274219
975,0.564329,0.27273
978,0.565552,0.271909
981,0.563808,0.271575
984,0.564663,0.267506
987,0.564445,0.270855
990,0.56383,0.272741
993,0.564093,0.271909
996,0.565094,0.27231
999,0.562784,0.271279
1002,0.560492,0.274557
1005,0.557083,0.268683
1008,0.5576,0.271237
1011,0.559269,0.257735
1014,0.559299,0.263612
1017,0.557417,0.263684
1020,0.557188,0.24609
1023,0.557402,0.236324
1026,0.556944,0.233398
1029,0.556955,0.232727
1032,0.556839,0.234388
1035,0.557248,0.232236
1038,0.556573,0.231531
1041,0.557132,0.233601
1044,0.559303,0.236286
1047,0.560447,0.242325
1050,0.559712,0.255845
1053,0.559472,0.250381
1056,0.559359,0.258328
1059,0.558876,0.250426
1062,0.553962,0.253224
1065,0.55424,0.254866
1068,0.553734,0.249015
1071,0.553966,0.244725
1074,0.554773,0.244905
1077,0.555785,0.24219
1080,0.555665,0.243318
1083,0.556483,0.2445
1086,0.553572,0.239343
1089,0.555095,0.236493
1092,0.556175,0.23854
1095,0.557634,0.239114
1098,0.558838,0.244406
1101,0.558167,0.247174
1104,0.558823,0.236102
1107,0.558324,0.233777
1110,0.558669,0.230289
1113,0.556104,0.23725
1116,0.556693,0.238705
1119,0.555579,0.242216
1122,0.556239,0.244567
1125,0.556442,0.250467
1128,0.559067,0.257908
1131,0.559986,0.263646
1134,0.559828,0.264325
1137,0.558388,0.255721
1140,0.558257,0.257364
1143,0.557859,0.251165
1146,0.558497,0.249953
1149,0.559206,0.237378
1152,0.560072,0.255523
1155,0.558531,0.253764
1158,0.558966,0.26224
1161,0.557263,0.250407
1164,0.559798,0.243836
1167,0.559228,0.244534
1170,0.557113,0.251453
1173,0.557053,0.257653
1176,0.556216,0.259866
1179,0.554784,0.251101
1182,0.553659,0.246709
1185,0.554758,0.245321
1188,0.553055,0.249631
1191,0.552395,0.26569
1194,0.552586,0.243491
1197,0.553051,0.255268
1200,0.552864,0.242557
1203,0.552316,0.24495
1206,0.552676,0.242295
1209,0.55328,0.242745
1212,0.550628,0.236264
1215,0.55097,0.236466
1218,0.551686,0.23716
1221,0.552533,0.234992
1224,0.553107,0.237959
1227,0.552867,0.236841
1230,0.554251,0.23914
1233,0.554375,0.23794
1236,0.552548,0.236237
1239,0.553456,0.232543
1242,0.555136,0.231737
1245,0.555609,0.227803
1248,0.554709,0.23704
1251,0.554585,0.24699
1254,0.553036,0.252706
1257,0.553145,0.24756
1260,0.55295,0.238552
1263,0.5513,0.238758
1266,0.551532,0.247437
1269,0.552005,0.240221
1272,0.553119,0.243502
1275,0.552924,0.234782
1278,0.55379,0.239099
1281,0.55388,0.250306
1284,0.553524,0.239853
1287,0.551517,0.238915
1290,0.553741,0.247928
1293,0.554154,0.250834
1296,0.554881,0.242842
1299,0.557297,0.243577
1302,0.556652,0.239935
1305,0.556171,0.236748
1308,0.555789,0.23626
1311,0.551701,0.233923
1314,0.551138,0.228388
1317,0.549743,0.23632
1320,0.549983,0.233503
1323,0.549998,0.240806
1326,0.549188,0.235986
1329,0.548663,0.23851
1332,0.549117,0.236571
1335,0.549158,0.236478
1338,0.549792,0.235409
1341,0.550741,0.240311
1344,0.55196,0.239864
1347,0.554026,0.23623
1350,0.554758,0.235405
1353,0.556149,0.23752
1356,0.558448,0.241383
1359,0.559701,0.221805
1362,0.55805,0.218498
1365,0.559292,0.228961
1368,0.557443,0.227131
1371,0.557919,0.238109
1374,0.55571,0.241458
1377,0.553876,0.242055
1380,0.552897,0.23581
1383,0.551502,0.238792
1386,0.545824,0.238953
1389,0.547515,0.230946
1392,0.548269,0.238544
1395,0.547928,0.247268
1398,0.547136,0.236676
1401,0.547388,0.227127
1404,0.546679,0.22502
1407,0.546135,0.230713
1410,0.545865,0.228628
1413,0.539155,0.229115
1416,0.540956,0.23003
1419,0.541927,0.239313
1422,0.543922,0.252815
1425,0.545996,0.243116
1428,0.547523,0.24399
1431,0.551225,0.249102
1434,0.554199,0.251847
1437,0.552233,0.240536
1440,0.55631,0.21636
1443,0.560957,0.212294
1446,0.563016,0.209759
1449,0.56539,0.186014
1452,0.565957,0.213461
1455,0.567461,0.243551
1458,0.567922,0.239602
1461,0.565098,0.209736
1464,0.567183,0.200308
1467,0.565874,0.258272
1470,0.563924,0.265923
1473,0.563402,0.223752
1476,0.562851,0.188055
1479,0.5561,0.388231
1482,0.552976,0.328511
1485,0.548809,0.35199
1488,0.53818,0.387158
1491,0.531861,0.421003
1494,0.523422,0.36233
1497,0.517174,0.360511
1500,0.510756,0.427634
1503,0.505356,0.516735
1506,0.500319,0.593125
1509,0.494468,0.403027
1512,0.480617,0.572175
1515,0.475453,0.570551
1518,0.466662,0.411522
1521,0.460125,0.501613
1524,0.453932,0.537745
1527,0.449904,0.40042
1530,0.452972,0.533143
1533,0.451716,0.546821
1536,0.4445,0.457015
1539,0.446364,0.509324
1542,0.445156,0.452852
1545,0.444582,0.45319
1548,0.444489,0.48334
1551,0.441634,0.441241
1554,0.441263,0.426239
1557,0.443172,0.460023
1560,0.44534,0.432442
1563,0.45151,0.479241
1566,0.456284,0.526745
1569,0.459266,0.484428
1572,0.457555,0.462671
1575,0.460845,0.454739
1578,0.465064,0.492675
1581,0.472576,0.499137
1584,0.475517,0.489952
1587,0.474226,0.513502
1590,0.47291,0.529138
1593,0.470731,0.474001
1596,0.474894,0.650272
1599,0.481724,0.472036
1602,0.495402,0.552012
1605,0.503931,0.41642
1608,0.510696,0.564925
1611,0.498046,0.531219
1614,0.49646,0.473743
1617,0.486813,0.465492
1620,0.469842,0.396216
1623,0.462712,0.529918
1626,0.458722,0.477429
1629,0.453745,0.479575
1632,0.452871,0.460863
1635,0.451757,0.480396
1638,0.44735,0.484402
1641,0.438762,0.526722
1644,0.433166,0.545805
1647,0.428384,0.407103
1650,0.423174,0.423478
1653,0.419671,0.406706
1656,0.418021,0.461899
1659,0.41678,0.452957
1662,0.40905,0.495859
1665,0.408394,0.486389
1668,0.409718,0.483273
1671,0.41028,0.478082
1674,0.410104,0.527386
1677,0.410674,0.487282
1680,0.414421,0.505404
1683,0.416514,0.482316
1686,0.415895,0.467423
1689,0.425995,0.428478
1692,0.437419,0.460725
1695,0.450298,0.38804
1698,0.462634,0.301298
1701,0.470705,0.381941
1704,0.476586,0.47114
1707,0.477602,0.390691
1710,0.46362,0.412497
1713,0.45637,0.454773
1716,0.454908,0.459599
1719,0.446225,0.429314
1722,0.438285,0.509369
1725,0.433875,0.462307
1728,0.430072,0.436005
1731,0.415437,0.448997
1734,0.408169,0.458962
1737,0.408724,0.435202
1740,0.403942,0.448933
1743,0.397498,0.386881
1746,0.387987,0.391888
1749,0.376496,0.422263
1752,0.372167,0.454833
1755,0.369328,0.398406
1758,0.363189,0.413472
1761,0.351633,0.324382
1764,0.345528,0.318783
1767,0.342595,0.371459
1770,0.345588,0.421959
1773,0.347155,0.323238
1776,0.340828,0.36608
1779,0.330004,0.332344
1782,0.325113,0.347752
1785,0.31936,0.319641
1788,0.310194,0.288036
1791,0.304621,0.325564
1794,0.289112,0.285013
1797,0.275577,0.330297
1800,0.27393,0.29188
1803,0.269039,0.343735
1806,0.263174,0.336237
1809,0.259194,0.356254
1812,0.239062,0.305761
1815,0.230462,0.35283
1818,0.222814,0.351791
1821,0.223838,0.255238
1824,0.223531,0.271819
1827,0.225297,0.21813
1830,0.231313,0.323658
1833,0.228234,0.350054
1836,0.223609,0.336526
1839,0.221063,0.299362
1842,0.214106,0.313712
1845,0.205765,0.279635
1848,0.195233,0.318813
1851,0.172122,0.237134
1854,0.150009,0.221907
1857,0.144695,0.244579
1860,0.145025,0.237175
1863,0.139399,0.223414
1866,0.133998,0.235596
1869,0.150279,0.231171
1872,0.170495,0.259884
1875,0.173904,0.256562
1878,0.18523,0.254836
1881,0.205483,0.260335
1884,0.224663,0.254221
1887,0.24618,0.305074
1890,0.27117,0.278303
1893,0.293275,0.31573
1896,0.310145,0.261797
1899,0.326992,0.233691
1902,0.355838,0.354064
1905,0.377159,0.358388
1908,0.389199,0.382969
1911,0.376593,0.356389
1914,0.354491,0.370941
1917,0.332873,0.403799
1920,0.317822,0.387755
1923,0.307509,0.26017
1926,0.292045,0.269265
1929,0.271744,0.281026
1932,0.250174,0.263162
1935,0.231471,0.209916
1938,0.216862,0.193437
1941,0.206586,0.188028
1944,0.197131,0.228755
1947,0.185516,0.188872
1950,0.173551,0.164074
1953,0.15274,0.128054
1956,0.124348,0.13467
1959,0.0995199,0.133597
1962,0.0729213,0.0719761
1965,0.0510408,0.0773319
1968,0.0336384,0.0762067
1971,0.0153246,0.0664741
1974,0.00518321,0.0531073
1977,0.00300416,0.06335
1980,0.00330795,0.0623598
1983,0.00313918,0.0601058
1986,0.0050707,0.0592356
1989,0.00502944,0.0601058
1992,0.0046919,0.0613022
1995,0.00445936,0.0643251
1998,0.00376927,0.0643776
2001,0.0080036,0.0668117
2004,0.0349998,0.0829277
2007,0.0698534,0.104782
2010,0.107677,0.12772
2013,0.151093,0.154172
2016,0.192221,0.174429
2019,0.235255,0.199062
2022,0.268454,0.191284
2025,0.299014,0.181911
2028,0.319416,0.300255
2031,0.332176,0.283663
2034,0.313791,0.261092
2037,0.292041,0.278127
2040,0.268661,0.276169
2043,0.243228,0.130878
2046,0.218254,0.20261
2049,0.195222,0.218483
2052,0.173379,0.246521
2055,0.153996,0.164029
2058,0.140371,0.123579
2061,0.132791,0.152402
2064,0.108536,0.115242
2067,0.0862656,0.122379
2070,0.0630612,0.0969208
2073,0.0422721,0.0923527
2076,0.0249859,0.0591119
2079,0.0137006,0.0671867
2082,0.00951506,0.0621498
2085,0.00941004,0.0630687
2088,0.00998012,0.0751303
2091,0.00951881,0.0645426
2094,0.0094213,0.0731538
2097,0.0111203,0.067258
2100,0.0111915,0.0690845
2103,0.016701,0.0945843
2106,0.0240146,0.112879
2109,0.031223,0.121483
2112,0.0422683,0.139369
2115,0.052661,0.165912
2118,0.0634362,0.187068
2121,0.0794959,0.206203
2124,0.10596,0.217676
2127,0.131339,0.228144
2130,0.146701,0.26467
2133,0.159806,0.284139
2136,0.171549,0.241814
2139,0.181105,0.274384
2142,0.188253,0.25388
2145,0.19338,0.248528
2148,0.195589,0.237085
2151,0.197952,0.220167
2154,0.204819,0.241822
2157,0.222061,0.201646
2160,0.227454,0.193845
2163,0.2237,0.219941
2166,0.220039,0.271155
2169,0.214725,0.220114
2172,0.204017,0.174977
2175,0.184514,0.149207
2178,0.165,0.141353
2181,0.145606,0.194239
2184,0.124941,0.136616
2187,0.105097,0.117091
2190,0.0848892,0.10261
2193,0.06347,0.0841128
2196,0.0463676,0.0799197
2199,0.0336046,0.0728313
2202,0.0250009,0.0785921
2205,0.0176987,0.0638038
2208,0.0116529,0.0594644
2211,0.0076548,0.0613134
2214,0.00558827,0.0627236
2217,0.00522447,0.0643739
2220,0.00507445,0.0584968
2223,0.00489817,0.0603721
2226,0.00501069,0.0626036
2229,0.00532948,0.0644301
2232,0.00539324,0.0597382
2235,0.00561077,0.0612684
2238,0.00604583,0.0552413
2241,0.00672843,0.0579455
2244,0.00591831,0.0538874
2247,0.00683719,0.0532236
2250,0.00708847,0.0628736
2253,0.00904999,0.0768256
2256,0.00912876,0.0794697
2259,0.0106177,0.0804598
2262,0.010659,0.069302
2265,0.0113266,0.0738364
2268,0.023347,0.0876383
2271,0.041597,0.10896
2274,0.0551063,0.141331
2277,0.0607696,0.142925
2280,0.0645164,0.167453
2283,0.067468,0.15361
2286,0.0704422,0.132937
2289,0.0702434,0.130214
2292,0.0705209,0.135296
2295,0.071091,0.137003
2298,0.0731988,0.134771
2301,0.0801598,0.154409
2304,0.0811724,0.172366
2307,0.0801298,0.164175
2310,0.0754641,0.240761
2313,0.0687657,0.113378
2316,0.0621385,0.14732
2319,0.0578292,0.122139
2322,0.0525972,0.12925
2325,0.0461951,0.12922
2328,0.0391704,0.138533
2331,0.0383978,0.134715
2334,0.0336946,0.126231
2337,0.0308292,0.0913963
2340,0.0268199,0.102498
2343,0.0227881,0.0953606
2346,0.0199152,0.072955
2349,0.0162135,0.0609046
2352,0.0152008,0.0770131
2355,0.010794,0.0726812
2358,0.00903874,0.0757454
2361,0.0116716,0.0842628
2364,0.0119116,0.0725237
2367,0.0127893,0.0685557
2370,0.012793,0.0707685
2373,0.0133218,0.0696958
2376,0.0130968,0.0652102
2379,0.0142745,0.0673443
2382,0.0129768,0.0634325
2385,0.0244534,0.0747403
2388,0.0474215,0.101729
2391,0.0521209,0.0885309
2394,0.0547463,0.125376
2397,0.0570153,0.146555
2400,0.0593407,0.130222
2403,0.0611147,0.152005
2406,0.0628511,0.152766
2409,0.0665754,0.122567
2412,0.0695008,0.110745
2415,0.0596445,0.0992837
2418,0.0499456,0.0826464
2421,0.0364663,0.0793497
2424,0.0214117,0.0659191
2427,0.00990511,0.0573116
2430,0.00141769,0.0584105
2433,0.00713348,0.0578405
2436,0.0328245,0.0664366
2439,0.0407831,0.089101
2442,0.0455913,0.127296
2445,0.0491055,0.120455
2448,0.0522222,0.122413
2451,0.0545775,0.0928965
2454,0.0570716,0.17528
2457,0.059652,0.121655
2460,0.061531,0.076683
2463,0.0603833,0.076278
2466,0.0485392,0.060312
2469,0.0364513,0.0611672
2472,0.025166,0.0759704
2475,0.0153209,0.061876
2478,0.0148145,0.0716686
2481,0.0136931,0.0663954
2484,0.0157747,0.0664666
2487,0.0175449,0.0735289
2490,0.0185388,0.0874883
2493,0.0198665,0.112272
2496,0.0206353,0.101151
2499,0.0221918,0.0833477
2502,0.0226306,0.0791021
2505,0.0244534,0.0815475
2508,0.0261448,0.0749766
2511,0.0382965,0.0902562
2514,0.05448,0.105675
2517,0.0557589,0.0877996
2520,0.0561902,0.164828
2523,0.0599482,0.171384
2526,0.0622173,0.164145
2529,0.0655403,0.173829
2532,0.0677493,0.143337
2535,0.0695946,0.181082
2538,0.0705472,0.127446
2541,0.0718561,0.0970221
2544,0.076053,0.127052
2547,0.0779432,0.11906
2550,0.0740239,0.0800585
2553,0.0649552,0.141642
2556,0.054855,0.1202
2559,0.0407981,0.126167
2562,0.0283164,0.0773656
2565,0.0158609,0.0699434
2568,0.00684469,0.0638638
2571,0.00574204,0.0598882
2574,0.00609459,0.0570828
2577,0.00606083,0.058283
2580,0.00643964,0.0573641
2583,0.00640213,0.057983
2586,0.00695721,0.0611184
2589,0.00640588,0.0579755
2592,0.00618085,0.0568166
2595,0.00679593,0.0573041
2598,0.00678093,0.0570641
2601,0.00667967,0.0595094
2604,0.00646964,0.0570528
2607,0.00667967,0.0577879
2610,0.00666092,0.0558939
2613,0.00734726,0.056164
2616,0.00739227,0.0563027
2619,0.00663091,0.0579605
2622,0.00660466,0.0575179
2625,0.0103327,0.0585193
2628,0.0279788,0.076698
2631,0.038484,0.0812587
2634,0.0428496,0.085388
2637,0.0487117,0.125102
2640,0.0673143,0.14417
2643,0.0899449,0.131861
2646,0.111548,0.204272
2649,0.132284,0.213213
2652,0.141031,0.253741
2655,0.14747,0.312594
2658,0.154457,0.261516
2661,0.160188,0.230282
2664,0.158696,0.208079
2667,0.151315,0.252147
2670,0.144942,0.284308
2673,0.13974,0.212463
2676,0.138199,0.178907
2679,0.134362,0.219585
2682,0.127255,0.152466
2685,0.125361,0.171627
2688,0.125271,0.186056
2691,0.111117,0.14189
2694,0.0981285,0.221457
2697,0.0804598,0.123317
2700,0.0644076,0.128478
2703,0.0522072,0.122042
2706,0.0425834,0.117687
2709,0.0389116,0.120725
2712,0.0384278,0.129955
2715,0.0396467,0.13626
2718,0.0392679,0.117961
2721,0.039973,0.104958
2724,0.0409181,0.129363
2727,0.0417395,0.104201
2730,0.0516896,0.109249
2733,0.0631587,0.125924
2736,0.0751641,0.136433
2739,0.0789971,0.138432
2742,0.0814762,0.157075
2745,0.0843303,0.173158
2748,0.0891385,0.178176
2751,0.0920752,0.171084
2754,0.0937816,0.140423
2757,0.0962645,0.172235
2760,0.0982973,0.157893
2763,0.0994899,0.170326
2766,0.100739,0.16593
2769,0.102325,0.165694
2772,0.103867,0.161692
2775,0.107595,0.144016
2778,0.109271,0.139152
2781,0.112324,0.158969
2784,0.112009,0.213029
2787,0.110922,0.193343
2790,0.111945,0.190605
2793,0.113806,0.201061
2796,0.113551,0.220272
2799,0.113153,0.166872
2802,0.114409,0.225368
2805,0.115283,0.217702
2808,0.11645,0.210258
2811,0.114214,0.194449
2814,0.114417,0.196771
2817,0.114777,0.197693
2820,0.115651,0.195454
2823,0.117924,0.191936
2826,0.118659,0.176571
2829,0.118734,0.179923
2832,0.119743,0.1751
2835,0.121175,0.178292
2838,0.121029,0.180197
2841,0.120118,0.179466
2844,0.119338,0.180445
2847,0.119713,0.183888
2850,0.120305,0.184139
2853,0.12071,0.185658
2856,0.120399,0.181506
2859,0.120324,0.189937
2862,0.117676,0.172175
2865,0.118363,0.17884
2868,0.118906,0.184447
2871,0.119919,0.184417
2874,0.121333,0.182316
2877,0.121389,0.184975
2880,0.121742,0.183644
2883,0.124592,0.187451
2886,0.124536,0.182301
2889,0.126419,0.212898
2892,0.12859,0.214049
2895,0.126449,0.206518
2898,0.126366,0.20638
2901,0.125635,0.204208
2904,0.124603,0.204261
2907,0.124675,0.202824
2910,0.126021,0.203045
2913,0.124138,0.20569
2916,0.124258,0.211278
2919,0.122777,0.189622
2922,0.122991,0.189731
2925,0.124191,0.182564
2928,0.123827,0.193714
2931,0.128005,0.197266
2934,0.130237,0.205641
2937,0.128084,0.202843
2940,0.128946,0.201973
2943,0.132067,0.200491
2946,0.138724,0.21166
2949,0.147699,0.230435
2952,0.155579,0.216153
2955,0.159209,0.257484
2958,0.166793,0.271125
2961,0.169235,0.283787
2964,0.177767,0.294127
2967,0.18388,0.290462
2970,0.190755,0.3101
2973,0.19835,0.324877
2976,0.204823,0.292859
2979,0.211102,0.315973
2982,0.216341,0.313986
2985,0.223666,0.321408
2988,0.227041,0.288565
2991,0.24366,0.288193
2994,0.261276,0.338975
2997,0.273375,0.354124
3000,0.286881,0.360845
3003,0.292777,0.363669
3006,0.300641,0.364539
3009,0.308139,0.384293
3012,0.318239,0.349383
3015,0.330124,0.329978
3018,0.337149,0.334422
3021,0.34348,0.415535
3024,0.350197,0.301646
3027,0.352218,0.300908
3030,0.35262,0.313986
3033,0.351446,0.321873
3036,0.344976,0.311552
3039,0.348175,0.255324
3042,0.349248,0.301823
3045,0.349616,0.299126
3048,0.347902,0.287755
3051,0.349109,0.298597
3054,0.350602,0.296913
3057,0.353606,0.297637
3060,0.365428,0.245861
3063,0.365983,0.248648
3066,0.373788,0.261118
3069,0.38385,0.2837
3072,0.387845,0.342887
3075,0.3902,0.291483
3078,0.393017,0.276882
3081,0.394374,0.284507
3084,0.398507,0.313749
3087,0.39203,0.307906
3090,0.396973,0.344369
3093,0.399929,0.338769
3096,0.40345,0.368252
3099,0.404152,0.352473
3102,0.40563,0.350362
3105,0.403027,0.358403
3108,0.396354,0.369763
3111,0.387166,0.352016
3114,0.385969,0.371882
3117,0.380925,0.266189
3120,0.37872,0.308701
3123,0.375674,0.327262
3126,0.375599,0.333432
3129,0.377377,0.336838
3132,0.378656,0.263635
3135,0.382875,0.28067
3138,0.378333,0.266583
3141,0.380917,0.276391
3144,0.384143,0.278881
3147,0.386697,0.288711
3150,0.387597,0.284615
3153,0.390031,0.277351
3156,0.392338,0.257282
3159,0.393898,0.255811
3162,0.392068,0.242677
3165,0.392461,0.246799
3168,0.391111,0.24792
3171,0.391164,0.255046
3174,0.392473,0.302509
3177,0.392289,0.255478
3180,0.395136,0.256164
3183,0.395946,0.255991
3186,0.399025,0.268364
3189,0.403492,0.267235
3192,0.408956,0.263012
3195,0.414777,0.301571
3198,0.416844,0.256472
3201,0.420695,0.253944
3204,0.423898,0.252732
3207,0.426115,0.258583
3210,0.42865,0.27552
3213,0.4246,0.251318
3216,0.42646,0.248839
3219,0.426722,0.251675
3222,0.426321,0.248584
3225,0.428103,0.250171
3228,0.429337,0.253122
3231,0.431099,0.255605
3234,0.431808,0.249421
3237,0.429277,0.246641
3240,0.431669,0.251986
3243,0.431647,0.245873
3246,0.430889,0.238953
3249,0.430555,0.249754
3252,0.430653,0.247133
3255,0.429565,0.249972
3258,0.429329,0.24873
3261,0.427067,0.251783
3264,0.42871,0.261133
3267,0.430113,0.262139
3270,0.432243,0.26116
3273,0.433601,0.263417
3276,0.434861,0.258988
3279,0.434974,0.258144
3282,0.434812,0.257885
3285,0.435709,0.25604
3288,0.429412,0.251555
3291,0.429029,0.249829
3294,0.431073,0.253917
3297,0.430619,0.25091
3300,0.43063,0.246795
3303,0.430094,0.242475
3306,0.42994,0.242013
3309,0.42898,0.246326
3312,0.41957,0.238713
3315,0.422522,0.255058
3318,0.422706,0.245242
3321,0.420684,0.250943
3324,0.420148,0.245014
3327,0.422001,0.242452
3330,0.423009,0.249664
3333,0.421292,0.267577
3336,0.418299,0.242512
3339,0.420857,0.233222
3342,0.422803,0.22523
3345,0.422436,0.221554
3348,0.421262,0.223985
3351,0.42032,0.227056
3354,0.419071,0.227555
3357,0.420729,0.240097
3360,0.422732,0.23761
3363,0.4205,0.240686
3366,0.422061,0.249477
3369,0.423613,0.247084
3372,0.424926,0.247046
3375,0.426441,0.236571
3378,0.427379,0.245209
3381,0.42778,0.249799
3384,0.428568,0.249361
3387,0.424611,0.243611
3390,0.426869,0.247238
3393,0.426531,0.245362
3396,0.42643,0.245539
3399,0.427353,0.233522
3402,0.428725,0.23605
3405,0.430687,0.242268
3408,0.432138,0.247163
3411,0.427011,0.234343
3414,0.428455,0.235731
3417,0.429918,0.230139
3420,0.430938,0.229547
3423,0.431399,0.228361
3426,0.431216,0.234231
3429,0.431538,0.239568
3432,0.431703,0.239219
3435,0.43308,0.243551
3438,0.435124,0.249979
3441,0.435836,0.246701
3444,0.43596,0.244061
3447,0.436132,0.241289
3450,0.436553,0.237861
3453,0.437066,0.238972
3456,0.437149,0.236534
3459,0.437138,0.237745
3462,0.436121,0.240866
3465,0.437858,0.244822
3468,0.438146,0.252852
3471,0.435034,0.251322
3474,0.432472,0.242081
3477,0.432412,0.239189
3480,0.431789,0.244057
3483,0.432176,0.241376
3486,0.428583,0.230364
3489,0.430027,0.238387
3492,0.429584,0.239167
3495,0.43033,0.239917
3498,0.430567,0.239812
3501,0.431377,0.240164
3504,0.430889,0.242827
3507,0.430555,0.243555
3510,0.430559,0.244016
3513,0.429749,0.23392
3516,0.430698,0.238192
3519,0.43054,0.237104
3522,0.430765,0.232371
3525,0.431156,0.234501
3528,0.430938,0.23701
3531,0.431159,0.239062
3534,0.431129,0.240082
3537,0.426411,0.230443
3540,0.427398,0.229318
3543,0.427821,0.233173
3546,0.430383,0.234148
3549,0.432217,0.240933
3552,0.433766,0.242002
3555,0.43389,0.240123
3558,0.435979,0.240603
3561,0.433755,0.243592
3564,0.433766,0.242512
3567,0.43314,0.243037
3570,0.432093,0.233196
3573,0.433376,0.236834
3576,0.433548,0.236046
3579,0.434576,0.241931
3582,0.436031,0.246045
3585,0.436883,0.241293
3588,0.437475,0.242231
3591,0.437824,0.237209
3594,0.436466,0.244114
3597,0.431463,0.242846
3600,0.42964,0.240839
3603,0.428789,0.240596
3606,0.429854,0.241379
3609,0.430863,0.249151
3612,0.432164,0.254281
3615,0.433098,0.257968
3618,0.434809,0.259029
3621,0.4365,0.255223
3624,0.43794,0.258392
3627,0.435907,0.25373
3630,0.435791,0.26032
3633,0.436403,0.254206
3636,0.435495,0.256419
3639,0.434501,0.255316
3642,0.433616,0.254071
3645,0.429427,0.240393
3648,0.430848,0.243337
3651,0.431414,0.231939
3654,0.432408,0.243345
3657,0.43332,0.242666
3660,0.433158,0.242317
3663,0.433665,0.247043
3666,0.433605,0.244114
3669,0.432851,0.239815
3672,0.428669,0.239298
3675,0.426314,0.238589
3678,0.428515,0.244905
3681,0.431898,0.247557
3684,0.434141,0.246518
3687,0.436177,0.245081
3690,0.436335,0.235892
3693,0.435521,0.233293
3696,0.433053,0.22748
3699,0.431583,0.22568
3702,0.43051,0.235915
3705,0.431688,0.241511
3708,0.432674,0.23377
3711,0.43317,0.237033
3714,0.434122,0.233762
3717,0.434801,0.289007
3720,0.433282,0.288208
3723,0.434122,0.27468
3726,0.433901,0.235465
3729,0.434141,0.288508
3732,0.434523,0.232888
3735,0.433893,0.232228
3738,0.434235,0.232502
3741,0.433755,0.236309
3744,0.433203,0.241349
3747,0.43009,0.239898
3750,0.429644,0.240243
3753,0.430398,0.240322
3756,0.429607,0.242857
3759,0.429659,0.240569
3762,0.429348,0.239823
3765,0.427521,0.227086
3768,0.424671,0.23548
3771,0.419829,0.245362
3774,0.422387,0.246004
3777,0.424007,0.253745
3780,0.42868,0.258872
3783,0.433942,0.250804
3786,0.438259,0.247226
3789,0.441289,0.266118
3792,0.443273,0.251641
3795,0.438818,0.23596
3798,0.441447,0.240588
3801,0.444526,0.265045
3804,0.446236,0.238799
3807,0.447148,0.241106
3810,0.447373,0.246773
3813,0.449151,0.249263
3816,0.450137,0.24582
3819,0.451795,0.240911
3822,0.462056,0.232419
3825,0.46326,0.231017
3828,0.465435,0.23563
3831,0.466257,0.237614
3834,0.46719,0.238075
3837,0.467607,0.234467
3840,0.467697,0.238507
3843,0.467442,0.236331
3846,0.464606,0.230762
3849,0.46554,0.232547
3852,0.466013,0.233488
3855,0.466493,0.236166
3858,0.466654,0.234929
3861,0.466324,0.243525
3864,0.464801,0.244609
3867,0.464059,0.245914
3870,0.461475,0.232577
3873,0.463545,0.244076
3876,0.463616,0.226584
3879,0.463151,0.233691
3882,0.462847,0.235739
3885,0.465158,0.211589
3888,0.465004,0.213457
3891,0.464603,0.230728
3894,0.462124,0.230728
3897,0.459562,0.213434
3900,0.455541,0.21939
3903,0.459974,0.215651
3906,0.462161,0.231838
3909,0.464426,0.221378
3912,0.465859,0.231377
3915,0.466118,0.229914
3918,0.464843,0.235446
3921,0.461681,0.242797
3924,0.461786,0.237498
3927,0.462315,0.236365
3930,0.458816,0.244886
3933,0.461238,0.240851
3936,0.462589,0.240202
3939,0.463215,0.244297
3942,0.460627,0.238034
3945,0.461936,0.224918
3948,0.463155,0.230349
3951,0.463601,0.233878
3954,0.463121,0.237036
3957,0.462266,0.241458
3960,0.461448,0.240727
3963,0.460616,0.228676
3966,0.463346,0.221851
3969,0.464419,0.228301
3972,0.460837,0.221262
3975,0.46062,0.222484
3978,0.459333,0.222192
3981,0.456768,0.239163
3984,0.45274,0.229078
3987,0.456562,0.234111
3990,0.460436,0.223429
3993,0.462097,0.233106
3996,0.459348,0.228658
3999,0.460743,0.23051
4002,0.460106,0.235611
4005,0.461062,0.237726
4008,0.46104,0.238788
4011,0.460241,0.231328
4014,0.46044,0.233785
4017,0.461133,0.240037
4020,0.458857,0.234122
4023,0.461175,0.245858
4026,0.462686,0.245606
4029,0.463725,0.241683
4032,0.462971,0.229262
4035,0.463215,0.235975
4038,0.46239,0.242625
4041,0.462705,0.229265
4044,0.462757,0.23006
4047,0.460443,0.222698
4050,0.460102,0.225672
4053,0.46026,0.226096
4056,0.46038,0.227026
4059,0.460657,0.225226
4062,0.461298,0.227679
4065,0.459547,0.238349
4068,0.457147,0.236316
4071,0.461313,0.233758
4074,0.462607,0.233597
4077,0.462577,0.233728
4080,0.463451,0.226884
4083,0.463136,0.225965
4086,0.462067,0.224686
4089,0.461043,0.238454
4092,0.461441,0.239752
4095,0.455384,0.224652
4098,0.456318,0.223715
4101,0.456873,0.208019
4104,0.457912,0.207081
4107,0.459371,0.199917
4110,0.460575,0.196017
4113,0.46092,0.196377
4116,0.459637,0.204407
4119,0.458669,0.209703
4122,0.456708,0.194956
4125,0.460702,0.203555
4128,0.460267,0.212812
4131,0.461208,0.214139
4134,0.460882,0.213956
4137,0.462371,0.209099
4140,0.461475,0.21681
4143,0.465544,0.221633
4146,0.464333,0.218843
4149,0.47093,0.22625
4152,0.475479,0.240506
4155,0.480385,0.250647
4158,0.480602,0.263369
4161,0.480752,0.32403
4164,0.481971,0.245081
4167,0.483952,0.252402
4170,0.491404,0.266009
4173,0.498886,0.29032
4176,0.505082,0.328871
4179,0.511387,0.26548
4182,0.511773,0.251918
4185,0.510978,0.26275
4188,0.505142,0.218576
4191,0.504178,0.230705
4194,0.502637,0.24711
4197,0.495312,0.266077
4200,0.496002,0.240472
4203,0.502333,0.256449
4206,0.505615,0.276792
4209,0.504849,0.273979
4212,0.501879,0.388628
4215,0.499359,0.30989
4218,0.494505,0.343656
4221,0.48169,0.420065
4224,0.470247,0.500341
4227,0.459183,0.401875
4230,0.452811,0.46359
4233,0.444177,0.35673
4236,0.437171,0.33629
4239,0.430968,0.381983
4242,0.418621,0.388887
4245,0.395833,0.350066
4248,0.398744,0.393095
4251,0.392919,0.39191
4254,0.401504,0.481454
4257,0.405254,0.498534
4260,0.41076,0.502802
4263,0.410888,0.516033
4266,0.416075,0.505322
4269,0.419188,0.508281
4272,0.417579,0.482361
4275,0.424165,0.453962
4278,0.423523,0.43725
4281,0.42463,0.44696
4284,0.422038,0.445779
4287,0.424442,0.46997
4290,0.426512,0.437254
4293,0.428001,0.517549
4296,0.422214,0.52409
4299,0.432877,0.509946
4302,0.44369,0.457769
4305,0.456858,0.556261
4308,0.458857,0.535975
4311,0.469283,0.50575
4314,0.484758,0.506428
4317,0.497202,0.47444
4320,0.492503,0.477407
4323,0.495604,0.452725
4326,0.48795,0.462641
4329,0.478311,0.502603
4332,0.470097,0.466275
4335,0.46056,0.442602
4338,0.455849,0.422034
4341,0.455114,0.412392
4344,0.460275,0.387154
4347,0.460972,0.523073
4350,0.467967,0.486453
4353,0.476147,0.425421
4356,0.476721,0.408652
4359,0.472017,0.490725
4362,0.467254,0.460616
4365,0.467258,0.494712
4368,0.4644,0.495616
4371,0.460455,0.449589
4374,0.462592,0.441241
4377,0.461103,0.459119
4380,0.45766,0.428583
4383,0.452218,0.42994
4386,0.442426,0.416172
4389,0.42928,0.452736
4392,0.421397,0.477208
4395,0.416847,0.372464
4398,0.410771,0.459434
4401,0.403781,0.455151
4404,0.395188,0.370776
4407,0.390717,0.352083
4410,0.382384,0.443277
4413,0.372201,0.417031
4416,0.368012,0.408341
4419,0.365165,0.468424
4422,0.358167,0.351596
4425,0.360762,0.403147
4428,0.367573,0.386959
4431,0.377568,0.393947
4434,0.390943,0.383175
4437,0.404699,0.434295
4440,0.417444,0.407152
4443,0.426299,0.349829
4446,0.433192,0.388992
4449,0.460072,0.41067
4452,0.475423,0.334749
4455,0.485137,0.397
4458,0.497888,0.345235
4461,0.503829,0.350838
4464,0.496373,0.346135
4467,0.497033,0.455245
4470,0.488017,0.295882
4473,0.483974,0.395177
4476,0.475509,0.37459
4479,0.466575,0.394382
4482,0.457942,0.400011
4485,0.445209,0.386734
4488,0.430957,0.388906
4491,0.426404,0.399981
4494,0.422406,0.406121
4497,0.418156,0.39206
4500,0.418258,0.419308
4503,0.423358,0.42997
4506,0.422901,0.429059
4509,0.417661,0.371354
4512,0.414826,0.440329
4515,0.407876,0.410524
4518,0.397813,0.437914
4521,0.390297,0.386348
4524,0.401913,0.462937
4527,0.41828,0.464081
4530,0.427251,0.463965
4533,0.432116,0.469741
4536,0.423253,0.402044
4539,0.405086,0.408161
4542,0.393587,0.465975
4545,0.375854,0.482665
4548,0.368968,0.477947
4551,0.360278,0.458857
4554,0.352792,0.514109
4557,0.355444,0.442932
4560,0.360818,0.436789
4563,0.369943,0.468754
4566,0.383284,0.521318
4569,0.39664,0.514473
4572,0.399602,0.473105
4575,0.398005,0.479357
4578,0.393725,0.470915
4581,0.384323,0.405239
4584,0.380081,0.441923
4587,0.382684,0.462157
4590,0.385152,0.446983
4593,0.385542,0.471245
4596,0.372711,0.46287
4599,0.370367,0.478982
4602,0.361895,0.364348
4605,0.355058,0.453051
4608,0.347347,0.387402
4611,0.335337,0.357428
4614,0.319229,0.373345
4617,0.303004,0.392739
4620,0.283299,0.397063
4623,0.273191,0.428376
4626,0.263871,0.420628
4629,0.257942,0.387578
4632,0.272055,0.362626
4635,0.282673,0.405915
4638,0.281514,0.397093
4641,0.282181,0.423313
4644,0.285268,0.420403
4647,0.293302,0.376991
4650,0.304448,0.409913
4653,0.30977,0.390024
4656,0.309136,0.343967
4659,0.299227,0.410006
4662,0.284447,0.35205
4665,0.279462,0.343416
4668,0.278123,0.274125
4671,0.261906,0.291156
4674,0.250193,0.292263
4677,0.236384,0.351682
4680,0.223006,0.281577
4683,0.213194,0.205926
4686,0.208817,0.24543
4689,0.213371,0.328155
4692,0.221821,0.254623
4695,0.214207,0.254022
4698,0.209721,0.275674
4701,0.209478,0.285035
4704,0.213547,0.276421
4707,0.216952,0.313356
4710,0.216086,0.337835
4713,0.223452,0.368867
4716,0.236054,0.341597
4719,0.253104,0.342021
4722,0.263868,0.313742
4725,0.271162,0.380407
4728,0.277013,0.459884
4731,0.277857,0.346461
4734,0.275764,0.360173
4737,0.272809,0.346533
4740,0.271916,0.358388
4743,0.261842,0.3813
4746,0.250925,0.327548
4749,0.242887,0.293583
4752,0.231617,0.232547
4755,0.213176,0.254004
4758,0.19434,0.165023
4761,0.17003,0.21606
4764,0.156479,0.191156
4767,0.140746,0.203049
4770,0.122886,0.192469
4773,0.11127,0.137498
4776,0.0932266,0.142996
4779,0.0750178,0.132528
4782,0.0602708,0.111053
4785,0.0467764,0.0781195
4788,0.0294866,0.0715336
4791,0.012748,0.0633387
4794,0.00899749,0.052631
4797,0.00481566,0.0473728
4800,0.00151896,0.0500394
4803,0.00111765,0.049293
4806,0.00100139,0.0498143
4809,0.000993887,0.0508195
4812,0.00137269,0.0507445
4815,0.00149271,0.0505119
4818,0.00169523,0.0497918
4821,0.00232532,0.0526985
4824,0.00199152,0.0521472
4827,0.00232907,0.052376
4830,0.00212654,0.0517009
4833,0.00208154,0.0514946
4836,0.00354049,0.0521622
4839,0.00420058,0.0534636
4842,0.00432434,0.0528635
4845,0.0047594,0.0536211
4848,0.00493568,0.0554776
4851,0.00398305,0.0537486
4854,0.0047444,0.0538237
4857,0.00466939,0.0556126
4860,0.00452687,0.0593182
4863,0.00466939,0.0606383
4866,0.00411432,0.059697
4869,0.00422308,0.0593519
4872,0.00478566,0.0563027
4875,0.0043806,0.0582605
4878,0.00429059,0.059997
4881,0.00342797,0.0584405
4884,0.00419683,0.0572929
4887,0.00430934,0.0580917
4890,0.00396054,0.0570266
4893,0.00392304,0.0569703
4896,0.00329295,0.0567528
4899,0.00318419,0.0578855
4902,0.00310918,0.0560065
4905,0.0028804,0.0578142
4908,0.00271912,0.0582268
4911,0.00204403,0.0517384
4914,0.0014852,0.051112
4917,0.00822863,0.0573004
4920,0.029404,0.0839665
4923,0.03635,0.0939917
4926,0.0441136,0.108645
4929,0.067408,0.117751
4932,0.0886547,0.144245
4935,0.0949893,0.147635
4938,0.0985636,0.172689
4941,0.102869,0.198939
4944,0.107411,0.241094
4947,0.111094,0.158542
4950,0.10671,0.143228
4953,0.0973109,0.170761
4956,0.0895586,0.151813
4959,0.0848329,0.168312
4962,0.0778457,0.113172
4965,0.0647977,0.0824176
4968,0.0627386,0.106091
4971,0.0669917,0.101001
4974,0.070761,0.13716
4977,0.0739827,0.147418
4980,0.0715561,0.205472
4983,0.0735439,0.190237
4986,0.0767731,0.172494
4989,0.0775644,0.174114
4992,0.0805723,0.176946
4995,0.083524,0.125691
4998,0.0887372,0.174797
5001,0.087402,0.175562
5004,0.0830589,0.100345
5007,0.0790571,0.133196
5010,0.0732813,0.129813
5013,0.0554926,0.0878333
5016,0.0372914,0.0722387
5019,0.0228031,0.063635
5022,0.0151558,0.0770656
5025,0.012568,0.0622398
5028,0.00930878,0.0592882
5031,0.00711098,0.0752879
5034,0.00812737,0.0776844
5037,0.00846491,0.0785133
5040,0.00900499,0.068822
5043,0.00999887,0.069017
5046,0.0119454,0.0645764
5049,0.0181675,0.0867007
5052,0.030908,0.107617
5055,0.0422458,0.131486
5058,0.0579267,0.120444
5061,0.0774369,0.112058
5064,0.0950718,0.135502
5067,0.117132,0.16401
5070,0.151243,0.167296
5073,0.175228,0.139407
5076,0.197386,0.206972
5079,0.210351,0.219945
5082,0.210246,0.171076
5085,0.209069,0.177197
5088,0.206458,0.164359
5091,0.200356,0.14549
5094,0.191276,0.129858
5097,0.181506,0.135427
5100,0.167153,0.152777
5103,0.159434,0.12745
5106,0.148693,0.127409
5109,0.124663,0.10596
5112,0.0951956,0.125642
5115,0.0682969,0.125023
5118,0.0457825,0.0976447
5121,0.0258411,0.0604696
5124,0.011064,0.0577917
5127,0.00105389,0.051127
5130,0.00108765,0.0552488
5133,0.00115141,0.0549301
5136,0.00205903,0.0523197
5139,0.00175524,0.0527735
5142,0.00166148,0.0537974
5145,0.00164648,0.0530285
5148,0.00165398,0.052886
5151,0.00162022,0.0519146
5154,0.00149646,0.0515996
5157,0.00143645,0.0515358
5160,0.00267037,0.0573754
5163,0.00233657,0.0568391
5166,0.00200278,0.0550651
5169,0.001819,0.0551813
5172,0.00163522,0.0549826
5175,0.00158272,0.0573304
5178,0.00145895,0.0538799
5181,0.00139144,0.0523947
5184,0.00152271,0.0500844
5187,0.00126017,0.050677
5190,0.00101639,0.050857
5193,0.000933878,0.0517909
5196,0.000206278,0.0512433
5199,0.000120017,0.0509358
5202,7.87608e-05,0.0503807
5205,0,0.0517084
5208,0,0.0517384
5211,0.000105014,0.0525785
5214,0.000138769,0.0523572
5217,0.000161272,0.052616
5220,0.00172899,0.0498219
5223,0.00144395,0.0500881
5226,0.00114391,0.0493155
5229,0.0010689,0.0486967
5232,0.00103889,0.049158
5235,0.00102389,0.0496718
5238,0.000993887,0.0504744
5241,0.00102014,0.0515808
5244,0.00101264,0.0516821
5247,0.00119641,0.0490492
5250,0.00111015,0.0486104
5253,0.00108765,0.0493118
5256,0.000937629,0.0514271
5259,0.0116641,0.0635937
5262,0.0299929,0.0721074
5265,0.0411244,0.105753
5268,0.0445111,0.121614
5271,0.0477253,0.121787
5274,0.0495368,0.108712
5277,0.0509658,0.109444
5280,0.0526197,0.114361
5283,0.0540074,0.133305
5286,0.0551363,0.147995
5289,0.0592244,0.141822
5292,0.0774294,0.156205
5295,0.0943517,0.182253
5298,0.103574,0.150347
5301,0.10947,0.192533
5304,0.114394,0.200956
5307,0.11639,0.167539
5310,0.118981,0.187893
5313,0.121959,0.199599
5316,0.122334,0.167059
5319,0.122676,0.174969
5322,0.122128,0.180996
5325,0.122409,0.205663
5328,0.123666,0.184563
5331,0.134587,0.191209
5334,0.146161,0.210689
5337,0.150178,0.217462
5340,0.151577,0.227754
5343,0.152762,0.21837
5346,0.153111,0.230375
5349,0.154086,0.229637
5352,0.158463,0.243307
5355,0.171597,0.287316
5358,0.185508,0.308844
5361,0.193253,0.275052
5364,0.197922,0.310989
5367,0.200634,0.365507
5370,0.203706,0.293467
5373,0.205907,0.279143
5376,0.20794,0.305637
5379,0.2089,0.294971
5382,0.209129,0.30791
5385,0.208975,0.300248
5388,0.218396,0.30024
5391,0.227334,0.258043
5394,0.235334,0.245719
5397,0.238252,0.273716
5400,0.238079,0.293305
5403,0.238237,0.280516
5406,0.238724,0.307981
5409,0.240502,0.252822
5412,0.241965,0.285733
5415,0.245209,0.303758
5418,0.254619,0.262191
5421,0.266958,0.27036
5424,0.27953,0.295409
5427,0.285062,0.323636
5430,0.287109,0.322038
5433,0.299422,0.360428
5436,0.314312,0.367341
5439,0.328778,0.400758
5442,0.340101,0.35235
5445,0.348059,0.392503
5448,0.355384,0.361707
5451,0.358549,0.364614
5454,0.356854,0.383595
5457,0.355643,0.365825
5460,0.353362,0.336883
5463,0.349,0.349282
5466,0.343739,0.329025
5469,0.338702,0.322721
5472,0.327364,0.300705
5475,0.322458,0.292822
5478,0.320718,0.28031
5481,0.325545,0.294614
5484,0.331448,0.296587
5487,0.339084,0.317766
5490,0.347448,0.312133
5493,0.356989,0.323174
5496,0.365338,0.311859
5499,0.36946,0.320684
5502,0.375993,0.322537
5505,0.379852,0.331688
5508,0.381394,0.318501
5511,0.381971,0.33446
5514,0.381349,0.349496
5517,0.379901,0.35121
5520,0.379582,0.352065
5523,0.38798,0.370697
5526,0.394138,0.380914
5529,0.401099,0.286791
5532,0.407734,0.397007
5535,0.412024,0.400908
5538,0.41759,0.382028
5541,0.422076,0.309793
5544,0.423467,0.316761
5547,0.422319,0.327281
5550,0.424127,0.321648
5553,0.427401,0.287244
5556,0.433121,0.320632
5559,0.439403,0.337528
5562,0.444875,0.350107
5565,0.454217,0.35256
5568,0.465206,0.342351
5571,0.472096,0.37387
5574,0.48385,0.39643
5577,0.494772,0.362806
5580,0.499595,0.357754
5583,0.501571,0.442085
5586,0.502588,0.459386
5589,0.505011,0.29679
5592,0.504677,0.305037
5595,0.500128,0.300731
5598,0.498695,0.295102
5601,0.496077,0.293568
5604,0.495173,0.292263
5607,0.495417,0.2801
5610,0.50012,0.283066
5613,0.504774,0.309478
5616,0.507362,0.284889
5619,0.512035,0.301313
5622,0.513528,0.293583
5625,0.515973,0.249188
5628,0.518126,0.269343
5631,0.520215,0.264914
5634,0.522552,0.249953
5637,0.523122,0.261707
5640,0.521974,0.282013
5643,0.522132,0.24906
5646,0.524971,0.250696
5649,0.527195,0.299051
5652,0.526974,0.269621
5655,0.525594,0.273499
5658,0.525511,0.242621
5661,0.52613,0.288932
5664,0.527656,0.287406
5667,0.52808,0.289052
5670,0.524251,0.285268
5673,0.526715,0.285549
5676,0.528433,0.24384
5679,0.528275,0.244676
5682,0.529745,0.232056
5685,0.532149,0.220857
5688,0.53398,0.219161
5691,0.534756,0.225376
5694,0.53401,0.218381
5697,0.530585,0.205667
5700,0.532659,0.202325
5703,0.535199,0.21046
5706,0.5365,0.218171
5709,0.538135,0.237048
5712,0.540056,0.241529
5715,0.543885,0.238859
5718,0.546128,0.240333
5721,0.554608,0.234865
5724,0.555346,0.234343
5727,0.554893,0.241004
5730,0.554713,0.242906
5733,0.554495,0.221539
5736,0.554806,0.213569
Time(milisec),484222
