framenum,queue density,dynamic density
3,0.0635,0.0372333
6,0.0748,0.00473333
9,0.0879333,0.0109333
12,0.0929667,0
15,0.0959,0
18,0.0994667,0
21,0.101933,0.0117667
24,0.103433,0
27,0.108867,0.00543333
30,0.113067,0.0161333
33,0.114567,0
36,0.1157,0.008
39,0.1169,0.0180333
42,0.118233,0.0434667
45,0.120467,0.0348667
48,0.119967,0.0325333
51,0.120867,0.000933333
54,0.122267,0.00963333
57,0.123133,0
60,0.1239,0
63,0.124367,0
66,0.1262,0
69,0.128267,0.0256
72,0.128767,0
75,0.131567,0
78,0.131333,0
81,0.1365,0
84,0.1398,0.00943333
87,0.152633,0.0186667
90,0.166733,0.0178
93,0.174233,0.0196
96,0.1707,0.0194333
99,0.175667,0.0327667
102,0.176133,0.0121667
105,0.176233,0.0100667
108,0.179467,0.0066
111,0.1878,0
114,0.1985,0.0002
117,0.205833,0
120,0.2083,0
123,0.211233,0.0145333
126,0.2119,0.0211
129,0.213767,0.0251
132,0.217933,0.0189333
135,0.219467,0
138,0.221567,0
141,0.2207,0
144,0.222033,0
147,0.220433,0
150,0.219767,0
153,0.221367,0
156,0.217367,0
159,0.213533,0
162,0.211767,0
165,0.2093,0
168,0.206867,0
171,0.204667,0
174,0.201433,0
177,0.1999,0
180,0.198667,0
183,0.197667,0
186,0.196167,0
189,0.196033,0
192,0.1949,0
195,0.193767,0
198,0.194733,0
201,0.1952,0
204,0.195333,0
207,0.194233,0
210,0.1944,0
213,0.195367,0
216,0.194767,0
219,0.1948,0
222,0.1949,0
225,0.1952,0
228,0.1958,0
231,0.195567,0
234,0.196567,0
237,0.195567,0
240,0.1923,0
243,0.193,0
246,0.193733,0
249,0.194133,0
252,0.1926,0
255,0.1932,0
258,0.193267,0
261,0.193067,0
264,0.1932,0
267,0.193833,0
270,0.193667,0
273,0.193033,0
276,0.194367,0
279,0.1933,0
282,0.195567,0
285,0.198067,0
288,0.197367,0
291,0.193933,0
294,0.1916,0
297,0.190167,0
300,0.189833,0
303,0.1902,0
306,0.191067,0
309,0.193,0
312,0.194467,0
315,0.196033,0
318,0.1955,0
321,0.1939,0
324,0.1945,0
327,0.1944,0
330,0.194,0
333,0.193467,0
336,0.194067,0
339,0.194233,0
342,0.196433,0
345,0.196267,0.00886667
348,0.1987,0.0205667
351,0.197133,0
354,0.196233,0.00803333
357,0.195667,0.0328
360,0.196333,0.0200667
363,0.196433,0.0116
366,0.1963,3.33333e-05
369,0.195867,0
372,0.196333,0
375,0.1966,0
378,0.1964,0
381,0.195667,0
384,0.196933,0
387,0.202067,0
390,0.204667,0
393,0.205633,0
396,0.208233,0
399,0.209533,0
402,0.2105,0
405,0.210933,0
408,0.2136,0
411,0.221,0
414,0.228567,0.0223333
417,0.234133,0.0301333
420,0.237833,0.0267333
423,0.245367,0.0704333
426,0.255033,0.0473667
429,0.262633,0.0646
432,0.267367,0.0603
435,0.275133,0.0429
438,0.280833,0.0327667
441,0.282667,3.33333e-05
444,0.2869,0.0084
447,0.290667,0
450,0.298733,0
453,0.306367,0
456,0.309167,0
459,0.3123,0
462,0.3158,0
465,0.319533,0
468,0.318967,0
471,0.318833,0
474,0.319367,0
477,0.321433,0
480,0.323267,0
483,0.324467,0
486,0.326233,0
489,0.326433,0
492,0.326567,0
495,0.3239,0
498,0.325867,0
501,0.331967,0
504,0.344033,0
507,0.3528,0
510,0.364633,0
513,0.370167,0.00106667
516,0.371833,0.0001
519,0.3751,0.00106667
522,0.3816,0.0294333
525,0.385767,0.0199
528,0.388933,0.0013
531,0.3897,0
534,0.3928,0
537,0.3952,0
540,0.3942,0
543,0.398033,0
546,0.398033,0
549,0.399667,0
552,0.399967,0
555,0.396767,0
558,0.395233,0
561,0.3924,0
564,0.391367,0
567,0.389667,0
570,0.385833,0
573,0.390733,0
576,0.399467,0
579,0.405167,0
582,0.412367,0
585,0.416267,0
588,0.4216,0
591,0.426333,0
594,0.427933,0
597,0.428567,0
600,0.434,0
603,0.438133,0
606,0.443367,0
609,0.449067,0
612,0.4556,0
615,0.461467,0
618,0.466933,0
621,0.473233,0
624,0.478733,0
627,0.483867,0
630,0.488467,0
633,0.4913,0
636,0.493733,0
639,0.494433,0
642,0.493567,0
645,0.4934,0
648,0.4974,0
651,0.502267,0
654,0.506567,0
657,0.5103,0
660,0.5129,0
663,0.519233,0
666,0.5227,0
669,0.5258,0
672,0.525567,0
675,0.527467,0
678,0.5297,0
681,0.531233,0
684,0.5329,0
687,0.532967,0
690,0.534367,0
693,0.535833,0
696,0.533833,0
699,0.5357,0
702,0.536733,0
705,0.537633,0
708,0.538067,0
711,0.538933,0
714,0.5405,0
717,0.541233,0
720,0.533467,0
723,0.533333,0
726,0.533133,0
729,0.5333,0
732,0.533167,0
735,0.531267,0
738,0.5294,0.004
741,0.528133,0
744,0.528367,0
747,0.523933,0
750,0.5248,0
753,0.525,0
756,0.524267,0
759,0.524667,0
762,0.524633,0
765,0.5231,0
768,0.521367,0
771,0.513433,0
774,0.513933,0.000233333
777,0.513967,0
780,0.515133,0
783,0.516067,0
786,0.516067,0
789,0.5182,0
792,0.5212,0
795,0.5281,0
798,0.532667,0
801,0.537233,0
804,0.540167,0
807,0.541633,0
810,0.543833,0
813,0.547367,0
816,0.551767,0
819,0.553433,0
822,0.560967,0
825,0.562367,0
828,0.564233,0
831,0.565733,0
834,0.564567,0
837,0.5627,0
840,0.562833,0
843,0.5626,0
846,0.561833,0
849,0.563267,0.0001
852,0.5636,0
855,0.5643,0
858,0.5659,0
861,0.565633,0
864,0.565333,0
867,0.5653,0
870,0.563533,0
873,0.5659,0
876,0.565667,0
879,0.566967,0
882,0.565267,0
885,0.5657,0
888,0.564733,0
891,0.563633,0
894,0.5656,0
897,0.5668,0
900,0.5686,0
903,0.567467,0
906,0.564233,0
909,0.5663,0
912,0.565433,0
915,0.563733,0
918,0.5603,0
921,0.557667,0
924,0.5576,0
927,0.557667,0
930,0.554267,0
933,0.5546,0
936,0.556533,0
939,0.559933,0
942,0.563067,0
945,0.563833,0
948,0.5643,0
951,0.563633,0
954,0.563367,0
957,0.561067,0
960,0.5604,0
963,0.561833,0
966,0.5627,0
969,0.563333,0
972,0.564967,0
975,0.566167,0
978,0.567067,0
981,0.566333,0
984,0.566767,0
987,0.5664,0
990,0.565033,0
993,0.565667,0
996,0.5664,0
999,0.563867,0
1002,0.561467,0
1005,0.557067,0
1008,0.557733,0
1011,0.5608,0
1014,0.559767,0
1017,0.5575,0
1020,0.557667,0
1023,0.557233,0
1026,0.556967,0
1029,0.557167,0
1032,0.556667,0
1035,0.556967,0
1038,0.5563,0
1041,0.557933,0
1044,0.5583,0
1047,0.560933,0
1050,0.560467,0
1053,0.5597,0
1056,0.560133,0
1059,0.559967,0
1062,0.554433,0
1065,0.555133,0
1068,0.554467,0
1071,0.555067,0
1074,0.555633,0
1077,0.5566,0
1080,0.555933,0
1083,0.556467,0
1086,0.555367,0
1089,0.556633,0
1092,0.5576,0
1095,0.5598,0
1098,0.5611,0
1101,0.560733,0
1104,0.560567,0
1107,0.560767,0
1110,0.560333,0
1113,0.557367,0
1116,0.5574,0
1119,0.556667,0
1122,0.557467,0
1125,0.557067,0
1128,0.559967,0
1131,0.560633,0
1134,0.560233,0
1137,0.5602,0
1140,0.5602,0
1143,0.557967,0
1146,0.559667,0
1149,0.559467,0
1152,0.560433,0
1155,0.558433,0
1158,0.559467,0
1161,0.557967,0
1164,0.559833,0
1167,0.558933,0
1170,0.5581,0
1173,0.5574,0
1176,0.5578,0
1179,0.555033,0
1182,0.553867,0
1185,0.554933,0
1188,0.553233,0
1191,0.5524,0
1194,0.553133,0
1197,0.552867,0
1200,0.552367,0
1203,0.552,0
1206,0.5524,0
1209,0.553167,0
1212,0.551133,0
1215,0.551267,0
1218,0.551933,0
1221,0.5526,0
1224,0.552233,0
1227,0.552467,0
1230,0.554233,0
1233,0.5548,0
1236,0.5542,0
1239,0.5556,0
1242,0.556567,0
1245,0.557433,0
1248,0.556433,0
1251,0.5562,0
1254,0.555267,0
1257,0.5549,0
1260,0.5551,0
1263,0.5527,0
1266,0.553267,0
1269,0.554233,0
1272,0.555133,0
1275,0.554833,0
1278,0.555033,0
1281,0.556433,0
1284,0.555133,0
1287,0.553433,0
1290,0.555667,0
1293,0.5561,0
1296,0.5562,0
1299,0.5583,0
1302,0.5576,0
1305,0.556933,0
1308,0.556233,0
1311,0.5528,0
1314,0.551933,0
1317,0.550167,0
1320,0.550767,0
1323,0.550833,0
1326,0.550633,0
1329,0.5495,0
1332,0.550567,0
1335,0.5499,0
1338,0.550067,0
1341,0.551333,0.00596667
1344,0.552267,0
1347,0.5533,0.0056
1350,0.5549,0
1353,0.555933,0
1356,0.5578,0
1359,0.559833,0
1362,0.558733,0
1365,0.559067,0
1368,0.557167,0
1371,0.557533,0
1374,0.556967,0
1377,0.553867,0
1380,0.554233,0
1383,0.552633,0
1386,0.546533,0
1389,0.548767,0
1392,0.5495,0
1395,0.549433,0
1398,0.547667,0
1401,0.549,0
1404,0.5475,0
1407,0.546633,0
1410,0.5468,0
1413,0.5386,0
1416,0.54,0
1419,0.541333,0
1422,0.5437,0
1425,0.545033,0
1428,0.546533,0
1431,0.5503,0
1434,0.553,0
1437,0.553533,0.000166667
1440,0.557433,0
1443,0.561967,0
1446,0.562933,0
1449,0.565533,0
1452,0.566633,0
1455,0.567633,0
1458,0.5658,0
1461,0.562667,0
1464,0.5645,0
1467,0.563367,0
1470,0.561633,0
1473,0.559333,0
1476,0.5607,0
1479,0.551867,0
1482,0.547367,0
1485,0.543567,0
1488,0.533333,0
1491,0.527767,0
1494,0.5172,0
1497,0.513767,0
1500,0.506667,0
1503,0.500933,0
1506,0.496867,0
1509,0.4902,0.000633333
1512,0.4753,0
1515,0.469433,0
1518,0.460833,0
1521,0.454467,0
1524,0.4489,0
1527,0.4471,0
1530,0.447267,0
1533,0.4478,0
1536,0.4374,0
1539,0.441567,0
1542,0.439767,0
1545,0.441967,0
1548,0.4396,3.33333e-05
1551,0.438967,0.0001
1554,0.437633,0.00906667
1557,0.438633,0
1560,0.443033,0.00376667
1563,0.4503,0.00506667
1566,0.452767,0.00506667
1569,0.4553,0.0111333
1572,0.4552,0.00633333
1575,0.459433,0.0279667
1578,0.463,0.0233333
1581,0.470933,0.0368333
1584,0.4736,0.0242333
1587,0.471367,0.0336333
1590,0.4689,0.0384667
1593,0.4677,0.0319
1596,0.473333,0.0233333
1599,0.478667,0.0431333
1602,0.4902,0.0311333
1605,0.499767,0.0790333
1608,0.506467,0.0434667
1611,0.493867,0.0435667
1614,0.4917,0.0694
1617,0.481167,0.0548
1620,0.467067,0.0535333
1623,0.458,0.0406333
1626,0.4544,0.0388
1629,0.451733,0.0514667
1632,0.446767,0.1043
1635,0.451,0.104
1638,0.445033,0.0654
1641,0.437833,0.0417333
1644,0.4302,0.0277667
1647,0.424567,0.0498333
1650,0.423533,0.0543667
1653,0.419633,0.0579667
1656,0.4175,0.120233
1659,0.413033,0.0734667
1662,0.407567,0.131267
1665,0.4087,0.113333
1668,0.408267,0.1063
1671,0.4077,0.0668667
1674,0.407167,0.0868333
1677,0.4062,0.1767
1680,0.410067,0.231333
1683,0.4116,0.181867
1686,0.4093,0.165033
1689,0.4205,0.132067
1692,0.429933,0.100967
1695,0.440533,0.0671
1698,0.451967,0.0671333
1701,0.460867,0.0621
1704,0.4677,0.0800667
1707,0.469167,0.0482667
1710,0.454233,0.0640333
1713,0.447133,0.0229667
1716,0.446833,0.0205333
1719,0.438233,0.0218
1722,0.431833,0.0244
1725,0.4254,0.0731667
1728,0.421967,0.0819
1731,0.409567,0.0894667
1734,0.4014,0.1243
1737,0.401,0.129667
1740,0.398233,0.1802
1743,0.391867,0.1738
1746,0.385033,0.162033
1749,0.3719,0.164667
1752,0.366267,0.161233
1755,0.367267,0.187767
1758,0.359233,0.182867
1761,0.347133,0.1258
1764,0.340167,0.0771333
1767,0.3391,0.0473333
1770,0.342867,0.0379
1773,0.346067,0.0339667
1776,0.3391,0.0126333
1779,0.3283,0.0075
1782,0.3227,0.00186667
1785,0.316067,0.00693333
1788,0.306833,0.0693667
1791,0.301833,0.0790333
1794,0.2847,0.0897333
1797,0.269467,0.0643667
1800,0.268767,0.0580667
1803,0.264133,0.0573333
1806,0.2595,0.0577667
1809,0.2553,0.0431667
1812,0.2336,0.0676
1815,0.2281,0.0454333
1818,0.2204,0.0159
1821,0.219967,0.0219333
1824,0.220367,0.0381
1827,0.224,0.0331
1830,0.2303,0.0379667
1833,0.226333,6.66667e-05
1836,0.2199,0.0135333
1839,0.2192,0.0212667
1842,0.2109,0.0591
1845,0.2032,0.0641667
1848,0.191933,0.0171333
1851,0.169267,0.0227333
1854,0.147633,0.0369667
1857,0.143,0.0220667
1860,0.143933,0.0371333
1863,0.140567,0.00466667
1866,0.133867,0.000166667
1869,0.152167,0.00956667
1872,0.1719,0.0284
1875,0.175867,0.00263333
1878,0.185067,0.00526667
1881,0.203567,0.0043
1884,0.221733,0.0051
1887,0.2427,0.00146667
1890,0.266367,0.00843333
1893,0.285767,0.00113333
1896,0.300933,0.00416667
1899,0.32,0
1902,0.3514,0.000566667
1905,0.371667,0.0025
1908,0.3836,0.0195333
1911,0.369567,0.0016
1914,0.3487,0.0123333
1917,0.326,0.0455333
1920,0.312067,0.0275667
1923,0.301933,0.0258333
1926,0.2873,0.0334667
1929,0.266567,0.0137333
1932,0.246033,0.00336667
1935,0.227033,0.00626667
1938,0.213133,0.00613333
1941,0.202867,0.0109333
1944,0.194833,0.0591
1947,0.183033,0.0974667
1950,0.1691,0.109767
1953,0.147467,0.103133
1956,0.119133,0.0831333
1959,0.0945333,0.0321
1962,0.0694,0
1965,0.0473667,0.000566667
1968,0.0301667,0.000466667
1971,0.0135,0.0001
1974,0.004,0.00316667
1977,0.0028,0.00706667
1980,0.00303333,0.0195333
1983,0.0029,0
1986,0.0051,0
1989,0.00506667,0
1992,0.00463333,0
1995,0.00416667,0
1998,0.00336667,0
2001,0.0069,0
2004,0.0338667,0
2007,0.0675333,0.00306667
2010,0.103833,0.00876667
2013,0.147267,0.0012
2016,0.189033,0.000766667
2019,0.2317,6.66667e-05
2022,0.264933,0
2025,0.296833,0.000133333
2028,0.3161,0
2031,0.327933,0
2034,0.310033,0
2037,0.286967,0.000333333
2040,0.2649,0
2043,0.239933,0.0008
2046,0.215267,0.00113333
2049,0.190367,0
2052,0.169633,0.004
2055,0.151067,0.00563333
2058,0.137733,0.0032
2061,0.129367,0.0007
2064,0.104233,0.0107333
2067,0.0821667,0.00583333
2070,0.0596333,0
2073,0.0392,0.00496667
2076,0.0227667,0
2079,0.0118667,0.0007
2082,0.00896667,0.00853333
2085,0.00913333,0.00103333
2088,0.00953333,0
2091,0.00913333,0
2094,0.00906667,0
2097,0.0105333,0
2100,0.0104,0
2103,0.0165667,0.0133333
2106,0.0243667,0.00103333
2109,0.031,0.000766667
2112,0.0410667,0.00646667
2115,0.0511,0.0253
2118,0.0624,0.0276
2121,0.0766667,0.0397667
2124,0.101567,0.0927
2127,0.126567,0.1192
2130,0.142067,0.1186
2133,0.1543,0.126167
2136,0.168333,0.109133
2139,0.176267,0.1211
2142,0.1841,0.214
2145,0.189833,0.137267
2148,0.191367,0.146967
2151,0.1952,0.1321
2154,0.201533,0.129367
2157,0.218767,0.124467
2160,0.225,0.109
2163,0.221067,0.0702333
2166,0.217733,0.0443333
2169,0.212567,0.0329
2172,0.2012,0.021
2175,0.181433,0.0159333
2178,0.1608,0.00906667
2181,0.143433,0.0205667
2184,0.1226,0.00156667
2187,0.1029,0.00276667
2190,0.0822667,0
2193,0.0611667,0.000133333
2196,0.0447,0
2199,0.0324,0.0187667
2202,0.0241333,0.00503333
2205,0.0173667,0.000266667
2208,0.0110333,0
2211,0.0078,0.0004
2214,0.00603333,0.00443333
2217,0.00566667,0
2220,0.00553333,0
2223,0.00523333,0
2226,0.00516667,0
2229,0.0056,0
2232,0.00536667,0
2235,0.00596667,0
2238,0.00656667,0
2241,0.0069,0
2244,0.00613333,0
2247,0.0071,0
2250,0.00756667,0
2253,0.00923333,0
2256,0.00916667,0
2259,0.0106333,0
2262,0.0108333,0
2265,0.0111667,0
2268,0.0233,0
2271,0.0407667,0.00853333
2274,0.0547667,0.00653333
2277,0.0604667,0.00163333
2280,0.0639333,0.0113667
2283,0.0668333,0.0016
2286,0.0708,0.00963333
2289,0.0694333,0.0045
2292,0.0715667,0.0211333
2295,0.0717,0.000833333
2298,0.0732,0.000833333
2301,0.0811333,0.001
2304,0.081,0.00196667
2307,0.0786,0.0083
2310,0.0741333,0.00566667
2313,0.0684,0
2316,0.0615,0
2319,0.0576,0
2322,0.0516,0
2325,0.046,0
2328,0.0394333,0.00106667
2331,0.039,0.00283333
2334,0.0336,0.00276667
2337,0.0303333,0.0102333
2340,0.0271667,0.0221667
2343,0.0223,0
2346,0.0200667,0
2349,0.0168333,0
2352,0.0154333,0
2355,0.011,0.00676667
2358,0.00953333,0
2361,0.0120333,0
2364,0.0121,0
2367,0.0124667,0
2370,0.0123,0
2373,0.0122667,0.00443333
2376,0.0127667,0
2379,0.0135333,0
2382,0.0133333,0
2385,0.0247333,0
2388,0.0482,0
2391,0.0526667,0.000233333
2394,0.0564667,3.33333e-05
2397,0.0579,3.33333e-05
2400,0.0596333,0.000566667
2403,0.0618667,0.00616667
2406,0.0623,0.00223333
2409,0.0662667,0.00743333
2412,0.0683333,0.000133333
2415,0.0585,0
2418,0.0481667,0.0108667
2421,0.0344333,0.0179667
2424,0.0196,0.0169333
2427,0.00876667,0.0096
2430,0.00143333,0.00446667
2433,0.0078,0.00706667
2436,0.0341667,0.0253667
2439,0.0422333,0.000433333
2442,0.0476,0
2445,0.0508,0
2448,0.0537333,0.000666667
2451,0.0548667,0.00116667
2454,0.0579667,0
2457,0.0598333,0
2460,0.0612,0
2463,0.0593667,0
2466,0.0470333,0
2469,0.0355333,0
2472,0.0239667,0
2475,0.0142,0.000233333
2478,0.0146333,0.0064
2481,0.0143333,0.00493333
2484,0.0167,0
2487,0.0188333,0
2490,0.0194667,0
2493,0.0208667,0
2496,0.0214667,0
2499,0.0222667,0
2502,0.0232667,0
2505,0.0241333,0
2508,0.0261667,0
2511,0.0388,0
2514,0.0554333,0
2517,0.0571333,0.000266667
2520,0.0572333,0.0007
2523,0.0613,0.00146667
2526,0.0628667,0.00756667
2529,0.0666333,0.0101333
2532,0.0687333,0.00203333
2535,0.0709667,0.0004
2538,0.0712,0.00863333
2541,0.0721333,0.0121
2544,0.0756667,0.0212333
2547,0.0781,0.021
2550,0.0728667,0.0027
2553,0.0634,0.000166667
2556,0.0536,0.000133333
2559,0.0391,0.0057
2562,0.0266,0.0109333
2565,0.0148,0.0190667
2568,0.00683333,0
2571,0.00553333,0
2574,0.0062,0
2577,0.00623333,0
2580,0.00666667,0
2583,0.0065,0
2586,0.0071,0
2589,0.00656667,0
2592,0.00603333,0
2595,0.00663333,0
2598,0.00673333,0
2601,0.00686667,0
2604,0.00666667,0
2607,0.00693333,0
2610,0.007,0
2613,0.0077,0
2616,0.00756667,0
2619,0.0069,0
2622,0.00666667,0
2625,0.0106667,0
2628,0.0286667,0.0009
2631,0.0393,0.00186667
2634,0.0442667,0.00383333
2637,0.0493,0.0007
2640,0.0687333,0.00523333
2643,0.0928333,0.0027
2646,0.1147,0.000666667
2649,0.1352,0.00313333
2652,0.143433,0.00366667
2655,0.149367,0.0176667
2658,0.156,0.00596667
2661,0.161433,0.003
2664,0.158167,0.0033
2667,0.150667,0.000933333
2670,0.1444,0.00506667
2673,0.138367,0.0032
2676,0.137667,0.0106333
2679,0.132433,0.0139667
2682,0.124933,0.0272
2685,0.124933,0.0608
2688,0.1242,0.0633667
2691,0.1095,0.0538667
2694,0.0959667,0.0514667
2697,0.0786333,0.0367
2700,0.0634,0.0124
2703,0.0515333,0.0203667
2706,0.0429667,0.00933333
2709,0.0399333,0
2712,0.039,0
2715,0.0394667,0
2718,0.0393667,0
2721,0.0397333,0
2724,0.0403333,0
2727,0.0415333,0
2730,0.0516,0.00426667
2733,0.0637,0.0049
2736,0.0748333,0.00606667
2739,0.0796333,0.00323333
2742,0.082,0.00333333
2745,0.0844667,0.00826667
2748,0.0902333,0.000933333
2751,0.0929,0
2754,0.095,0.0221
2757,0.0968,0.0157333
2760,0.0985,0.0144333
2763,0.100967,0
2766,0.101233,0.0100667
2769,0.102367,0.0022
2772,0.104067,0.00233333
2775,0.1076,0
2778,0.1096,0
2781,0.1121,0
2784,0.111667,0
2787,0.1109,0
2790,0.112167,0
2793,0.113233,0
2796,0.112267,0
2799,0.1137,0
2802,0.113167,0
2805,0.1144,0
2808,0.115267,0
2811,0.113833,0
2814,0.1143,0
2817,0.114667,0
2820,0.115567,0
2823,0.117667,0
2826,0.118767,0
2829,0.1181,0
2832,0.120533,0
2835,0.120367,0
2838,0.1204,0
2841,0.1193,0
2844,0.1187,0
2847,0.118733,0
2850,0.119067,0
2853,0.118867,0
2856,0.1188,0
2859,0.118967,0
2862,0.1173,0
2865,0.118167,0
2868,0.118567,0
2871,0.119967,0
2874,0.121133,0
2877,0.120467,0
2880,0.1212,0
2883,0.124067,0
2886,0.124233,0
2889,0.125567,0
2892,0.1286,0
2895,0.1266,0
2898,0.125967,0
2901,0.124967,0
2904,0.123333,0.0128333
2907,0.1244,0
2910,0.126033,0
2913,0.124067,0
2916,0.1235,0
2919,0.122033,0
2922,0.122133,0
2925,0.1237,0
2928,0.1234,0
2931,0.126567,0
2934,0.130133,0
2937,0.1268,0
2940,0.1269,0
2943,0.130267,0
2946,0.136333,0
2949,0.145833,0.0204
2952,0.153533,0.0321667
2955,0.156733,0.0348
2958,0.163067,0.0411333
2961,0.165433,0.0391667
2964,0.173,0.0382
2967,0.18,0.0129667
2970,0.1866,0.00153333
2973,0.193867,0.0013
2976,0.199633,0
2979,0.2068,0
2982,0.211367,0
2985,0.217367,0
2988,0.222133,0
2991,0.2385,0.0016
2994,0.255467,0
2997,0.269,0
3000,0.2816,0.000333333
3003,0.2881,0.0138333
3006,0.295733,0.015
3009,0.3053,0.0177333
3012,0.314933,0.0213
3015,0.327,0.0159
3018,0.3355,0.0107
3021,0.341467,0.00336667
3024,0.347133,0.0196333
3027,0.3498,0.00786667
3030,0.349567,0
3033,0.3471,0
3036,0.3413,0
3039,0.344733,0
3042,0.344133,0
3045,0.344967,0
3048,0.3447,0
3051,0.3451,0
3054,0.347067,0
3057,0.3496,0
3060,0.3613,0
3063,0.3628,0
3066,0.3714,0.00633333
3069,0.381767,0
3072,0.3859,0.0101333
3075,0.387467,0.00966667
3078,0.390433,0.029
3081,0.391867,0.0485333
3084,0.395433,0.0130333
3087,0.389833,0.00403333
3090,0.3944,0.000266667
3093,0.398033,0.000633333
3096,0.401333,3.33333e-05
3099,0.403067,0
3102,0.402667,0
3105,0.402433,0
3108,0.395033,0
3111,0.385933,0
3114,0.3845,0
3117,0.3801,0
3120,0.3773,0
3123,0.3751,0
3126,0.374133,0
3129,0.3761,0
3132,0.377433,0
3135,0.3819,0
3138,0.378567,0
3141,0.3799,0
3144,0.384133,0
3147,0.385633,0
3150,0.387233,0
3153,0.3902,0
3156,0.393367,0
3159,0.394133,0
3162,0.391867,0
3165,0.392,0
3168,0.391633,0
3171,0.391167,0
3174,0.3915,0
3177,0.392167,0
3180,0.394367,0
3183,0.3947,0
3186,0.398767,0
3189,0.4018,0
3192,0.408233,0
3195,0.414133,0
3198,0.416233,0
3201,0.419133,0
3204,0.4225,0
3207,0.424433,0
3210,0.427367,0.0001
3213,0.4251,0
3216,0.4271,0
3219,0.427267,0
3222,0.426633,0
3225,0.428367,0
3228,0.430067,0
3231,0.4313,0
3234,0.431133,0
3237,0.4286,0
3240,0.4306,0
3243,0.430733,0
3246,0.430033,0
3249,0.429,0
3252,0.430567,0
3255,0.4295,0
3258,0.430133,0
3261,0.4295,0
3264,0.4303,0
3267,0.431567,0
3270,0.433867,0
3273,0.435633,0
3276,0.436933,0
3279,0.435167,0
3282,0.435033,0
3285,0.4351,0
3288,0.428133,0
3291,0.427233,0
3294,0.430167,0
3297,0.4292,0
3300,0.430133,0
3303,0.4292,0
3306,0.4288,0
3309,0.428567,0
3312,0.419833,0
3315,0.422833,0
3318,0.422433,0
3321,0.4204,0
3324,0.420433,0
3327,0.422267,0
3330,0.4235,0
3333,0.421667,0
3336,0.4195,0
3339,0.422033,0
3342,0.423133,0
3345,0.423533,0
3348,0.420833,0
3351,0.420333,0
3354,0.419767,0
3357,0.420267,0
3360,0.422467,0
3363,0.422433,0
3366,0.423967,0
3369,0.4256,0
3372,0.427167,0
3375,0.428033,0
3378,0.4289,0
3381,0.428767,0
3384,0.4293,0
3387,0.425933,0
3390,0.426867,0
3393,0.427267,0
3396,0.426967,0
3399,0.428,0
3402,0.429767,0
3405,0.430367,0
3408,0.430933,0
3411,0.427433,0
3414,0.428133,0
3417,0.4298,0
3420,0.4316,0
3423,0.431867,0
3426,0.431167,0
3429,0.431133,0
3432,0.432033,0
3435,0.433433,0
3438,0.435333,0
3441,0.435967,0
3444,0.4367,0
3447,0.436833,0
3450,0.437167,0
3453,0.437967,0
3456,0.4373,0
3459,0.4369,0
3462,0.4365,0
3465,0.438267,0
3468,0.4384,0
3471,0.434833,0
3474,0.432867,0
3477,0.433,0
3480,0.432567,0
3483,0.433367,0
3486,0.429433,0
3489,0.431467,0
3492,0.4305,0
3495,0.430833,0
3498,0.4316,0
3501,0.432167,0
3504,0.431767,0
3507,0.431133,0
3510,0.431133,0
3513,0.432267,0
3516,0.433367,0
3519,0.4321,0
3522,0.431767,0
3525,0.432567,0
3528,0.432233,0
3531,0.431433,0
3534,0.431467,0
3537,0.427433,0
3540,0.4284,0
3543,0.428767,0
3546,0.431433,0
3549,0.4327,0
3552,0.4343,0
3555,0.434067,0
3558,0.4367,0
3561,0.4347,0
3564,0.435067,0
3567,0.434533,0
3570,0.432033,0
3573,0.434767,0
3576,0.434767,0
3579,0.4352,0
3582,0.436133,0
3585,0.4369,0
3588,0.437,0
3591,0.437333,0
3594,0.435667,0
3597,0.431133,0
3600,0.429167,0
3603,0.428333,0
3606,0.429867,0
3609,0.4306,0
3612,0.4312,0
3615,0.432233,0
3618,0.434133,0
3621,0.437967,0
3624,0.439133,0
3627,0.437167,0
3630,0.436933,0
3633,0.437767,0
3636,0.436167,0
3639,0.434633,0
3642,0.433467,0
3645,0.429767,0
3648,0.430567,0
3651,0.4322,0
3654,0.4338,0
3657,0.4343,0
3660,0.433533,0
3663,0.433967,0
3666,0.433733,0
3669,0.433833,0
3672,0.429133,0
3675,0.427333,0
3678,0.4295,0
3681,0.432767,0
3684,0.4349,0
3687,0.437233,0
3690,0.437467,0
3693,0.4358,0
3696,0.4342,0
3699,0.432567,0
3702,0.4314,0
3705,0.432067,0
3708,0.4331,0
3711,0.433367,0
3714,0.435467,0
3717,0.434933,0
3720,0.434167,0
3723,0.4341,0
3726,0.4341,0
3729,0.435333,0
3732,0.435233,0
3735,0.433633,0
3738,0.433,0
3741,0.4336,0
3744,0.4327,0
3747,0.4314,0
3750,0.430867,0
3753,0.431833,0
3756,0.430767,0
3759,0.430567,0
3762,0.4297,0
3765,0.4279,0
3768,0.4239,0
3771,0.422333,0
3774,0.424333,0
3777,0.425433,0
3780,0.430333,0
3783,0.4355,0
3786,0.439033,0
3789,0.442367,0
3792,0.444567,0
3795,0.4399,0
3798,0.443433,0
3801,0.446733,0
3804,0.448333,0
3807,0.448667,0
3810,0.447667,0
3813,0.4503,0
3816,0.450933,0
3819,0.452067,0
3822,0.4648,0
3825,0.465267,0
3828,0.4671,0
3831,0.4676,0
3834,0.468367,0
3837,0.468767,0
3840,0.468233,0
3843,0.4675,0
3846,0.465667,0
3849,0.467667,0
3852,0.467167,0
3855,0.467767,0
3858,0.468133,0
3861,0.468067,0
3864,0.467767,0
3867,0.465533,0
3870,0.464533,0
3873,0.465967,0
3876,0.4653,0
3879,0.464133,0
3882,0.463867,0
3885,0.4668,0
3888,0.466267,0
3891,0.466133,0
3894,0.464433,0
3897,0.460367,0
3900,0.457467,0
3903,0.462333,0
3906,0.4632,0
3909,0.4664,0
3912,0.466933,0
3915,0.4668,0
3918,0.4658,0
3921,0.4645,0
3924,0.4641,0
3927,0.4651,0
3930,0.460967,0
3933,0.463767,0
3936,0.465667,0
3939,0.465967,0
3942,0.463367,0
3945,0.4635,0
3948,0.464967,0
3951,0.465,0
3954,0.465033,0
3957,0.4639,0
3960,0.4636,0
3963,0.461967,0
3966,0.464433,0
3969,0.465033,0
3972,0.462867,0
3975,0.463267,0
3978,0.4618,0
3981,0.459133,0
3984,0.454233,0
3987,0.458667,0
3990,0.462033,0
3993,0.4633,0
3996,0.460367,0
3999,0.462,0
4002,0.4617,0
4005,0.463233,0
4008,0.4633,0
4011,0.4631,0
4014,0.463267,0
4017,0.462967,0
4020,0.460067,0
4023,0.462533,0
4026,0.463367,0
4029,0.4646,0
4032,0.464933,0
4035,0.465,0
4038,0.4642,0
4041,0.464367,0
4044,0.465,0
4047,0.462867,0
4050,0.462033,0
4053,0.461433,0
4056,0.461733,0
4059,0.461567,0
4062,0.4612,0
4065,0.459967,0
4068,0.458167,0
4071,0.4638,0
4074,0.4643,0
4077,0.464567,0
4080,0.465267,0
4083,0.4643,0
4086,0.463367,0
4089,0.461333,0
4092,0.461733,0
4095,0.456333,0
4098,0.457533,0
4101,0.4575,0
4104,0.457733,0
4107,0.4596,0
4110,0.461233,0
4113,0.461833,0
4116,0.460533,0
4119,0.4587,0
4122,0.4576,0
4125,0.460867,0
4128,0.460933,0
4131,0.4618,0
4134,0.461767,0
4137,0.4632,0
4140,0.4625,0
4143,0.465733,0
4146,0.466767,0
4149,0.472033,0
4152,0.476333,0
4155,0.4802,0
4158,0.482933,0
4161,0.481267,0
4164,0.484067,0
4167,0.485867,0
4170,0.493467,0
4173,0.501467,0
4176,0.506733,0
4179,0.5128,0
4182,0.5113,0
4185,0.5086,0
4188,0.5042,0.0001
4191,0.501567,0
4194,0.499533,0
4197,0.493767,0
4200,0.494067,0
4203,0.500667,0
4206,0.501,0
4209,0.4999,0
4212,0.495367,0
4215,0.4929,0
4218,0.487833,0
4221,0.4755,0
4224,0.464667,0
4227,0.452767,0
4230,0.446733,0
4233,0.435733,0
4236,0.430933,0.00456667
4239,0.4276,0
4242,0.413767,0
4245,0.388833,0.000733333
4248,0.392,0.000866667
4251,0.385267,0.00536667
4254,0.3955,0.0153
4257,0.3991,0.00166667
4260,0.403867,0.0486333
4263,0.402433,0.00123333
4266,0.408933,0.0123
4269,0.411633,0.0237
4272,0.409433,0.0130333
4275,0.414967,0.0148333
4278,0.4149,0.0313667
4281,0.416633,0.0339667
4284,0.415167,0.0470333
4287,0.418233,0.0653
4290,0.4198,0.0965667
4293,0.417033,0.0265667
4296,0.414833,0.0575
4299,0.425433,0.0423
4302,0.437,0.0291
4305,0.449567,0.045
4308,0.451533,0.0209333
4311,0.464433,0.0416333
4314,0.480133,0.0651333
4317,0.492533,0.0731667
4320,0.489067,0.0880333
4323,0.492267,0.0569333
4326,0.483367,0.0350667
4329,0.472133,0.0161
4332,0.4645,0.0604
4335,0.4546,0.0462667
4338,0.451433,0.0471333
4341,0.451333,0.0524
4344,0.4544,0.0476667
4347,0.456267,0.0471333
4350,0.464167,0.0903333
4353,0.470667,0.0735667
4356,0.471467,0.0415
4359,0.466767,0.0371667
4362,0.461567,0.0501
4365,0.460767,0.0925333
4368,0.460767,0.124667
4371,0.4556,0.106167
4374,0.458,0.0785333
4377,0.4556,0.0711667
4380,0.4508,0.0508
4383,0.447033,0.0527667
4386,0.4362,0.0569667
4389,0.423433,0.0691
4392,0.4159,0.0571
4395,0.4109,0.0506
4398,0.4053,0.0327333
4401,0.397333,0.0362
4404,0.390467,0.0389
4407,0.381833,0.0414667
4410,0.375667,0.0221333
4413,0.3674,0.0349
4416,0.363333,0.0625
4419,0.360933,0.0132333
4422,0.354233,0.0316
4425,0.356867,0.00846667
4428,0.3612,0.0194
4431,0.373567,0.0135
4434,0.387133,0.00773333
4437,0.402333,0.0115333
4440,0.412767,0.00606667
4443,0.423833,0.0159333
4446,0.430967,0.023
4449,0.456433,0.0204667
4452,0.4708,0.0605667
4455,0.4819,0.1709
4458,0.4928,0.218833
4461,0.4995,0.182233
4464,0.494233,0.145133
4467,0.4948,0.1482
4470,0.482633,0.094
4473,0.4804,0.0736667
4476,0.473,0.0415667
4479,0.463433,0.0653667
4482,0.4563,0.0575667
4485,0.4409,0.0627333
4488,0.4275,0.0478
4491,0.424,0.0445667
4494,0.418767,0.0497667
4497,0.415533,0.0606667
4500,0.415667,0.0883667
4503,0.421267,0.0719
4506,0.418967,0.122733
4509,0.4153,0.105833
4512,0.411933,0.146033
4515,0.405333,0.113167
4518,0.3962,0.0986333
4521,0.390167,0.1279
4524,0.4009,0.096
4527,0.417733,0.0972
4530,0.427033,0.166433
4533,0.429267,0.147967
4536,0.420267,0.131133
4539,0.4026,0.119733
4542,0.391167,0.127333
4545,0.371567,0.101133
4548,0.3648,0.0645333
4551,0.3552,0.0609333
4554,0.346733,0.0656333
4557,0.3512,0.0443
4560,0.3582,0.0840333
4563,0.368567,0.0939333
4566,0.380867,0.109633
4569,0.393867,0.110633
4572,0.396633,0.1079
4575,0.393067,0.0544333
4578,0.3906,0.0355667
4581,0.383133,0.0385333
4584,0.3781,0.0534667
4587,0.3812,0.0581333
4590,0.384767,0.0560333
4593,0.3855,0.044
4596,0.3734,0.0443333
4599,0.370567,0.0283
4602,0.3608,0.00853333
4605,0.3535,0.0620667
4608,0.346267,0.0883
4611,0.3327,0.0622
4614,0.316,0.0554
4617,0.300767,0.0649333
4620,0.2811,0.0741333
4623,0.2681,0.0891333
4626,0.2602,0.103967
4629,0.253933,0.0765333
4632,0.272933,0.0640333
4635,0.283933,0.0738
4638,0.281333,0.0708
4641,0.281867,0.0536667
4644,0.285,0.0496667
4647,0.2928,0.0286
4650,0.305833,0.0230333
4653,0.308433,0.0464
4656,0.309167,0.0309333
4659,0.297,0.0180333
4662,0.282033,0.0202333
4665,0.2783,0.0158667
4668,0.276,0
4671,0.259733,0.00223333
4674,0.247867,0.003
4677,0.2345,0.00413333
4680,0.219767,0.00423333
4683,0.2118,0.0127
4686,0.206267,0.0120333
4689,0.2107,0.00526667
4692,0.2198,0.0185333
4695,0.210533,0.0379667
4698,0.203767,0.0793
4701,0.205067,0.120633
4704,0.2114,0.0761
4707,0.213433,0.1034
4710,0.212167,0.0844333
4713,0.219967,0.0898
4716,0.233567,0.100067
4719,0.251033,0.0747
4722,0.261967,0.0671
4725,0.270467,0.0628667
4728,0.2731,0.0654
4731,0.272867,0.0589
4734,0.273167,0.0563333
4737,0.269267,0.0396667
4740,0.266633,0.0139
4743,0.257033,0.00426667
4746,0.247133,0.000466667
4749,0.239067,0.00186667
4752,0.226633,0.00386667
4755,0.209133,0.0058
4758,0.1899,0.00706667
4761,0.1675,0.0100333
4764,0.1526,0.0154667
4767,0.1356,0.00893333
4770,0.1198,0.00623333
4773,0.108667,0.00963333
4776,0.0896333,0.0121333
4779,0.0727,0.0107333
4782,0.0584667,0
4785,0.0442333,0.00503333
4788,0.0271,0.0161667
4791,0.0119667,0.00953333
4794,0.0087,0.0024
4797,0.004,0
4800,0.00146667,0
4803,0.000933333,0
4806,0.00106667,0
4809,0.00106667,0
4812,0.0014,0
4815,0.0016,0
4818,0.00183333,0
4821,0.00236667,0
4824,0.002,0
4827,0.00246667,0
4830,0.00243333,0
4833,0.00236667,0
4836,0.00353333,0
4839,0.00413333,0
4842,0.00483333,0
4845,0.00516667,0
4848,0.0051,0
4851,0.00386667,0
4854,0.00453333,0
4857,0.0049,0
4860,0.00483333,0
4863,0.00516667,0
4866,0.00416667,0
4869,0.00436667,0
4872,0.0045,0
4875,0.0043,0
4878,0.00466667,0
4881,0.00383333,0
4884,0.00483333,0
4887,0.00476667,0
4890,0.00406667,0
4893,0.00386667,0
4896,0.00343333,0
4899,0.00323333,0
4902,0.00303333,0
4905,0.00266667,0
4908,0.00323333,0
4911,0.00223333,0
4914,0.00153333,0
4917,0.00886667,0.0013
4920,0.0305,0.0002
4923,0.0376667,0
4926,0.0456667,0.000533333
4929,0.0697667,6.66667e-05
4932,0.0907333,0.0166333
4935,0.0963,0.000466667
4938,0.1002,3.33333e-05
4941,0.1038,0.000933333
4944,0.108,0.000366667
4947,0.1117,0.00166667
4950,0.1047,0.00363333
4953,0.0974667,0.00493333
4956,0.0883667,0.00206667
4959,0.0832,0.0203
4962,0.0760333,0.00606667
4965,0.0621333,0.00173333
4968,0.0623333,0
4971,0.0662667,0.0126667
4974,0.0707667,0.0274
4977,0.0741,0.0021
4980,0.0734667,0
4983,0.0741667,0.00226667
4986,0.0788667,0
4989,0.0783667,0.00173333
4992,0.0803667,0.0002
4995,0.0835,0.0016
4998,0.0881333,0.000333333
5001,0.0865667,0.0117667
5004,0.0818,0.0154667
5007,0.0781333,0.0138
5010,0.0713667,0.00346667
5013,0.0534,0.0327
5016,0.0354667,0.0212667
5019,0.0212,0.0104
5022,0.0142333,0.0227
5025,0.0126333,0
5028,0.0088,0
5031,0.0075,0.0024
5034,0.00726667,0.00376667
5037,0.00863333,3.33333e-05
5040,0.00856667,0
5043,0.0104333,0
5046,0.0117667,0
5049,0.0161,0
5052,0.0281,0
5055,0.0375333,0
5058,0.0530333,3.33333e-05
5061,0.0717,0.00233333
5064,0.0881,0.0025
5067,0.1115,0.0006
5070,0.144867,0.000866667
5073,0.169433,0.00203333
5076,0.1915,0
5079,0.2038,6.66667e-05
5082,0.204567,0
5085,0.2036,0.000333333
5088,0.201067,0.00676667
5091,0.195833,0.00573333
5094,0.186367,0.00333333
5097,0.177133,0.00563333
5100,0.163267,0.0114
5103,0.155633,0.0274
5106,0.145067,0.0002
5109,0.120733,0.0166
5112,0.0918333,0.0186333
5115,0.0646333,0.000666667
5118,0.0431333,0.00356667
5121,0.0233667,0
5124,0.0096,0
5127,0.000833333,0
5130,0.000866667,0
5133,0.000966667,0
5136,0.0017,0
5139,0.00153333,0
5142,0.00136667,0
5145,0.0013,0
5148,0.0013,0
5151,0.00116667,0
5154,0.0012,0
5157,0.00133333,0
5160,0.00273333,0
5163,0.0025,0
5166,0.00206667,0
5169,0.00183333,0
5172,0.00163333,0
5175,0.00136667,0
5178,0.0012,0
5181,0.00116667,0
5184,0.0012,0
5187,0.001,0
5190,0.000966667,0
5193,0.0009,0
5196,0.000233333,0
5199,0.000133333,0
5202,6.66667e-05,0
5205,0,0
5208,0,0
5211,6.66667e-05,0
5214,0.0001,0
5217,0.000233333,0
5220,0.0015,0
5223,0.0011,0
5226,0.0009,0
5229,0.0009,0
5232,0.000833333,0
5235,0.0009,0
5238,0.0009,0
5241,0.0008,0
5244,0.0008,0
5247,0.000833333,0
5250,0.000633333,0
5253,0.000766667,0
5256,0.000766667,0
5259,0.0120667,0.00163333
5262,0.0308667,0.000533333
5265,0.0420333,0.0017
5268,0.0456,6.66667e-05
5271,0.0488333,6.66667e-05
5274,0.0505667,0.00223333
5277,0.0512,0.00246667
5280,0.0530333,0.0023
5283,0.0546,0.0130667
5286,0.0557333,0.0034
5289,0.06,0
5292,0.0779333,0.0177333
5295,0.0944,0.00793333
5298,0.102467,0.015
5301,0.109333,0.00396667
5304,0.113433,0
5307,0.114633,0
5310,0.117867,0.0135
5313,0.121233,0.0114667
5316,0.1215,0
5319,0.122033,0
5322,0.122333,0.0048
5325,0.122567,0.0179
5328,0.124267,0.0141667
5331,0.134767,0.0071
5334,0.1472,0
5337,0.150567,0
5340,0.151633,0.000466667
5343,0.153133,0.0042
5346,0.152833,0.0022
5349,0.1547,0.0244
5352,0.159233,0.0409333
5355,0.172033,0.0626333
5358,0.1841,0.0697
5361,0.194,0.0882667
5364,0.199067,0.0301667
5367,0.201233,0.0004
5370,0.205233,0.0307667
5373,0.207333,0.0292667
5376,0.208433,0.0298333
5379,0.210367,0.0417333
5382,0.2089,0.0175667
5385,0.207667,0.0022
5388,0.2189,0.0109
5391,0.228433,0.0161667
5394,0.2376,3.33333e-05
5397,0.239033,0
5400,0.239433,0
5403,0.2409,0
5406,0.240567,0.0001
5409,0.243433,0.000333333
5412,0.2429,0.0224
5415,0.246967,0.00293333
5418,0.2561,0.0022
5421,0.2692,0.0009
5424,0.283367,0.0008
5427,0.2874,0.00323333
5430,0.290467,0.00253333
5433,0.301767,0.00163333
5436,0.317433,0.000133333
5439,0.330033,0
5442,0.340867,0.0145
5445,0.3463,0.0095
5448,0.353533,0.00356667
5451,0.356533,0.0177667
5454,0.355233,0.0249333
5457,0.355033,0.00536667
5460,0.3525,0.00363333
5463,0.347967,0
5466,0.3431,0
5469,0.338233,0
5472,0.326433,0
5475,0.321133,0
5478,0.318267,0
5481,0.323533,0
5484,0.329667,0.0219667
5487,0.335767,0.0376333
5490,0.345467,0.0259667
5493,0.3537,0.0483
5496,0.3611,0.0423333
5499,0.365833,0.0232
5502,0.3719,0.0184
5505,0.376633,0.00306667
5508,0.378267,0
5511,0.378833,0
5514,0.3795,0
5517,0.377533,0
5520,0.3767,0
5523,0.3861,0.000766667
5526,0.391933,0.0004
5529,0.399567,0.0354333
5532,0.406267,0.0455667
5535,0.411567,0.0281333
5538,0.417467,0.0331
5541,0.422433,0.0001
5544,0.423867,0
5547,0.421767,0
5550,0.4231,0
5553,0.426667,0
5556,0.432467,0
5559,0.438733,0
5562,0.4449,0
5565,0.454,3.33333e-05
5568,0.465667,0.00206667
5571,0.4738,0.0153
5574,0.484,0.0213333
5577,0.497233,0.00156667
5580,0.5029,0
5583,0.504367,0
5586,0.505633,0
5589,0.507,0
5592,0.5063,0
5595,0.502333,0
5598,0.5005,0
5601,0.4982,0.0009
5604,0.497567,0
5607,0.497367,0.006
5610,0.501,0
5613,0.506567,0
5616,0.508933,0
5619,0.513133,0
5622,0.515933,0
5625,0.518,0
5628,0.520033,0
5631,0.5211,0
5634,0.5234,0
5637,0.523467,0
5640,0.522467,0
5643,0.5225,0
5646,0.5262,0
5649,0.528167,0
5652,0.528067,0.0057
5655,0.526767,0
5658,0.527533,0
5661,0.527967,0
5664,0.529533,0
5667,0.5295,0
5670,0.525933,0
5673,0.527867,0
5676,0.530733,0
5679,0.5305,0
5682,0.532233,0
5685,0.534633,0
5688,0.536233,0
5691,0.5375,0
5694,0.536733,0
5697,0.533733,0
5700,0.536067,0
5703,0.5382,0
5706,0.538633,0
5709,0.541433,0
5712,0.543733,0
5715,0.547533,0
5718,0.550167,0
5721,0.557333,0
5724,0.557867,0
5727,0.557867,0
5730,0.5567,0
5733,0.556267,0
5736,0.555767,0
Time(milisec),19967.7
