framenum,queue density,dynamic density
3,0.0616165,0.03923
6,0.0746215,0.143915
9,0.0887578,0.0862126
12,0.0931845,0.14588
15,0.0967365,0.154401
18,0.0998171,0.125386
21,0.102845,0.103098
24,0.104478,0.11007
27,0.109602,0.12364
30,0.113667,0.127581
33,0.115296,0.153564
36,0.11677,0.109685
39,0.11858,0.16807
42,0.11947,0.146626
45,0.121023,0.122905
48,0.120937,0.134062
51,0.121416,0.151377
54,0.122226,0.131853
57,0.12344,0.146223
60,0.123693,0.141656
63,0.124383,0.142799
66,0.126193,0.138327
69,0.128018,0.135612
72,0.129108,0.12335
75,0.131351,0.119964
78,0.131608,0.134104
81,0.136592,0.127882
84,0.14065,0.145733
87,0.153485,0.156615
90,0.167572,0.160857
93,0.17488,0.180574
96,0.171648,0.191018
99,0.175732,0.178285
102,0.17678,0.163794
105,0.177531,0.147576
108,0.180117,0.143003
111,0.189518,0.156916
114,0.199057,0.163383
117,0.207617,0.18445
120,0.210045,0.198582
123,0.212047,0.228295
126,0.21293,0.189831
129,0.215215,0.19149
132,0.218488,0.203152
135,0.220354,0.227518
138,0.221712,0.227424
141,0.222888,0.195935
144,0.222632,0.202251
147,0.221195,0.199951
150,0.221938,0.193933
153,0.221169,0.190196
156,0.218631,0.17508
159,0.214905,0.167814
162,0.212722,0.167727
165,0.210068,0.16425
168,0.208194,0.186045
171,0.205381,0.131148
174,0.202376,0.110541
177,0.200581,0.157833
180,0.199167,0.174378
183,0.198786,0.159752
186,0.197195,0.165483
189,0.196795,0.103852
192,0.195686,0.108056
195,0.194559,0.115152
198,0.194876,0.108784
201,0.195079,0.102355
204,0.195739,0.101544
207,0.195174,0.102385
210,0.195381,0.103173
213,0.195747,0.105484
216,0.19543,0.100854
219,0.195309,0.098652
222,0.195502,0.093769
225,0.195626,0.0972342
228,0.196018,0.0977357
231,0.196207,0.0956241
234,0.197217,0.0980336
237,0.196422,0.107083
240,0.193145,0.100187
243,0.194144,0.105228
246,0.194419,0.103984
249,0.194408,0.101899
252,0.193639,0.100236
255,0.193835,0.106276
258,0.194329,0.106868
261,0.194442,0.104625
264,0.194189,0.104621
267,0.194284,0.0954846
270,0.193971,0.100579
273,0.193646,0.103026
276,0.193786,0.111947
279,0.193315,0.0968835
282,0.194977,0.09898
285,0.19727,0.109975
288,0.196802,0.113508
291,0.193575,0.107747
294,0.191388,0.104515
297,0.190343,0.101073
300,0.190411,0.0971324
303,0.190619,0.0991573
306,0.191327,0.0959673
309,0.193028,0.0970758
312,0.194793,0.0965329
315,0.196452,0.0978828
318,0.196222,0.0978639
321,0.19503,0.0932071
324,0.195445,0.0962463
327,0.195226,0.093686
330,0.195585,0.096103
333,0.195283,0.099704
336,0.195249,0.0994287
339,0.195358,0.097928
342,0.197402,0.100718
345,0.197417,0.117136
348,0.199868,0.128787
351,0.198371,0.126766
354,0.196693,0.1289
357,0.197164,0.130921
360,0.197206,0.127256
363,0.197172,0.123776
366,0.197308,0.12482
369,0.197496,0.123044
372,0.198397,0.113343
375,0.198484,0.116133
378,0.19787,0.1151
381,0.197176,0.110164
384,0.197919,0.113154
387,0.202232,0.105232
390,0.205317,0.109617
393,0.206561,0.110054
396,0.209091,0.113606
399,0.210558,0.118716
402,0.211561,0.110914
405,0.212274,0.117287
408,0.214355,0.129341
411,0.221316,0.147742
414,0.229117,0.137267
417,0.234275,0.168866
420,0.237703,0.169985
423,0.244935,0.196761
426,0.254064,0.180494
429,0.261224,0.190245
432,0.267329,0.196037
435,0.273585,0.223227
438,0.277257,0.216708
441,0.280651,0.25915
444,0.286808,0.231055
447,0.288735,0.215731
450,0.297227,0.19687
453,0.304621,0.258985
456,0.308788,0.25558
459,0.31145,0.244796
462,0.313791,0.245753
465,0.317075,0.219129
468,0.317475,0.142501
471,0.316314,0.183232
474,0.317109,0.120884
477,0.320405,0.122177
480,0.322513,0.172874
483,0.323964,0.193462
486,0.324658,0.194502
489,0.325759,0.204099
492,0.326084,0.202843
495,0.323799,0.122682
498,0.325265,0.122652
501,0.331208,0.129496
504,0.342644,0.123263
507,0.352659,0.159518
510,0.363986,0.174469
513,0.368587,0.17994
516,0.37103,0.188952
519,0.374469,0.183402
522,0.379793,0.191331
525,0.383688,0.192097
528,0.386637,0.193251
531,0.387561,0.192361
534,0.390509,0.196753
537,0.393201,0.192172
540,0.394193,0.158323
543,0.396486,0.168466
546,0.397078,0.138753
549,0.399054,0.18879
552,0.398688,0.180513
555,0.396493,0.212236
558,0.395332,0.197074
561,0.392198,0.12502
564,0.390724,0.198141
567,0.389495,0.21765
570,0.383794,0.131955
573,0.389178,0.134119
576,0.396712,0.143244
579,0.403081,0.148131
582,0.410893,0.157467
585,0.416074,0.148353
588,0.420531,0.168926
591,0.425501,0.159903
594,0.427809,0.1518
597,0.42871,0.156486
600,0.433691,0.158112
603,0.437134,0.174431
606,0.442088,0.182727
609,0.447522,0.190147
612,0.453457,0.196987
615,0.45995,0.194785
618,0.463943,0.210893
621,0.471447,0.167131
624,0.477325,0.162516
627,0.482615,0.164254
630,0.487774,0.215241
633,0.490564,0.176294
636,0.49309,0.189631
639,0.494301,0.15887
642,0.494161,0.179789
645,0.493991,0.142422
648,0.497212,0.134865
651,0.501423,0.12967
654,0.505926,0.133146
657,0.509783,0.13097
660,0.513761,0.135612
663,0.518753,0.135235
666,0.522747,0.125412
669,0.526208,0.121287
672,0.525243,0.196784
675,0.52671,0.123584
678,0.529134,0.124903
681,0.531072,0.122826
684,0.533142,0.122547
687,0.534123,0.121876
690,0.535556,0.122954
693,0.536958,0.179016
696,0.53439,0.119651
699,0.53663,0.122479
702,0.5366,0.127094
705,0.537633,0.130028
708,0.53867,0.127098
711,0.539643,0.157938
714,0.540982,0.17359
717,0.541396,0.141302
720,0.533734,0.143417
723,0.53502,0.137618
726,0.535197,0.136291
729,0.534296,0.136902
732,0.534255,0.145273
735,0.532241,0.14663
738,0.530752,0.144405
741,0.530114,0.143497
744,0.529624,0.143018
747,0.524213,0.132347
750,0.524704,0.12821
753,0.524579,0.132686
756,0.524432,0.133195
759,0.524775,0.133286
762,0.524421,0.134092
765,0.523225,0.133369
768,0.521597,0.136438
771,0.513041,0.138595
774,0.514172,0.139454
777,0.514983,0.137196
780,0.516204,0.138361
783,0.516578,0.138334
786,0.516796,0.137388
789,0.518588,0.138327
792,0.521728,0.146423
795,0.525673,0.15301
798,0.531585,0.156931
801,0.536589,0.160695
804,0.540503,0.167252
807,0.541879,0.172572
810,0.543987,0.143383
813,0.547867,0.141136
816,0.551871,0.17462
819,0.554654,0.136004
822,0.56106,0.138734
825,0.562799,0.140759
828,0.565212,0.136785
831,0.566682,0.137064
834,0.565906,0.136755
837,0.564597,0.135371
840,0.564186,0.135201
843,0.564869,0.134379
846,0.563104,0.134334
849,0.564001,0.136012
852,0.564503,0.130235
855,0.565102,0.12812
858,0.565219,0.125047
861,0.565366,0.120069
864,0.565891,0.12246
867,0.56623,0.120299
870,0.563771,0.111057
873,0.565649,0.113678
876,0.566305,0.117109
879,0.567146,0.117034
882,0.566079,0.121106
885,0.56609,0.123022
888,0.565804,0.121921
891,0.566234,0.125258
894,0.56724,0.122219
897,0.568933,0.121962
900,0.569767,0.121491
903,0.56896,0.12295
906,0.564066,0.119164
909,0.56594,0.121468
912,0.56606,0.121325
915,0.564182,0.123191
918,0.560434,0.119606
921,0.557953,0.118271
924,0.557422,0.115367
927,0.556901,0.117068
930,0.553553,0.123863
933,0.554809,0.124575
936,0.556641,0.115974
939,0.559526,0.130035
942,0.563172,0.133436
945,0.563519,0.131924
948,0.563745,0.137068
951,0.563466,0.132102
954,0.563127,0.131234
957,0.560374,0.123557
960,0.560883,0.123241
963,0.561909,0.125032
966,0.562961,0.127056
969,0.563402,0.12717
972,0.565151,0.130627
975,0.566615,0.132822
978,0.567836,0.132728
981,0.565163,0.133372
984,0.566437,0.138218
987,0.566313,0.137969
990,0.566083,0.137343
993,0.566426,0.137607
996,0.56686,0.139288
999,0.564526,0.13749
1002,0.561977,0.135514
1005,0.558575,0.133308
1008,0.558632,0.130352
1011,0.560827,0.140472
1014,0.56137,0.141536
1017,0.559171,0.13881
1020,0.558885,0.136815
1023,0.559514,0.125876
1026,0.558851,0.123003
1029,0.558575,0.122682
1032,0.55873,0.120326
1035,0.559235,0.122664
1038,0.557908,0.116314
1041,0.558609,0.11648
1044,0.560581,0.127283
1047,0.561867,0.13203
1050,0.561279,0.133587
1053,0.561117,0.129436
1056,0.560706,0.131016
1059,0.560563,0.130329
1062,0.555574,0.125137
1065,0.555608,0.123814
1068,0.555231,0.123218
1071,0.55568,0.119232
1074,0.556603,0.126457
1077,0.557603,0.124247
1080,0.557342,0.122724
1083,0.558119,0.120812
1086,0.55557,0.114063
1089,0.556901,0.11476
1092,0.557829,0.113953
1095,0.559416,0.118716
1098,0.560702,0.11286
1101,0.560114,0.114926
1104,0.561034,0.119394
1107,0.560367,0.119319
1110,0.560574,0.115465
1113,0.558575,0.118124
1116,0.559062,0.11752
1119,0.558198,0.115895
1122,0.558858,0.117728
1125,0.558847,0.119455
1128,0.56186,0.124937
1131,0.56241,0.126766
1134,0.561905,0.128059
1137,0.560272,0.113927
1140,0.560268,0.122901
1143,0.559808,0.11821
1146,0.5606,0.119719
1149,0.561117,0.108584
1152,0.562093,0.119685
1155,0.560597,0.12447
1158,0.561336,0.127924
1161,0.558873,0.129213
1164,0.561577,0.126118
1167,0.561034,0.14065
1170,0.559269,0.128942
1173,0.559077,0.141573
1176,0.558146,0.127313
1179,0.556931,0.130752
1182,0.555544,0.136291
1185,0.556592,0.141856
1188,0.554333,0.114274
1191,0.553779,0.125439
1194,0.554137,0.137162
1197,0.554858,0.115616
1200,0.554714,0.116936
1203,0.554081,0.115111
1206,0.554469,0.116672
1209,0.554925,0.116627
1212,0.55166,0.113829
1215,0.552282,0.116419
1218,0.552742,0.117641
1221,0.553828,0.117464
1224,0.554209,0.111721
1227,0.553922,0.112939
1230,0.555989,0.116932
1233,0.556094,0.122419
1236,0.554134,0.117807
1239,0.555265,0.108938
1242,0.55712,0.118135
1245,0.557418,0.117762
1248,0.556396,0.122192
1251,0.556241,0.140122
1254,0.554658,0.134356
1257,0.555174,0.134153
1260,0.55485,0.130514
1263,0.553338,0.124326
1266,0.553523,0.125235
1269,0.554235,0.131084
1272,0.555593,0.12361
1275,0.555578,0.116253
1278,0.556162,0.118716
1281,0.556366,0.114395
1284,0.555653,0.119006
1287,0.553051,0.116287
1290,0.555506,0.118184
1293,0.55637,0.114606
1296,0.557097,0.114014
1299,0.559258,0.115266
1302,0.558885,0.116608
1305,0.558119,0.113203
1308,0.55801,0.113222
1311,0.553772,0.115729
1314,0.553538,0.10841
1317,0.552226,0.111386
1320,0.552573,0.114809
1323,0.552561,0.118037
1326,0.551709,0.116276
1329,0.550959,0.118041
1332,0.551796,0.114794
1335,0.551656,0.114436
1338,0.551645,0.120458
1341,0.552501,0.121231
1344,0.553651,0.125597
1347,0.555932,0.126732
1350,0.556517,0.124474
1353,0.557968,0.120345
1356,0.560219,0.115786
1359,0.561298,0.106491
1362,0.559514,0.108497
1365,0.560679,0.123727
1368,0.559035,0.11933
1371,0.559333,0.120548
1374,0.557463,0.123995
1377,0.555483,0.114523
1380,0.554416,0.12841
1383,0.553153,0.133953
1386,0.547309,0.131973
1389,0.549232,0.135925
1392,0.549865,0.128949
1395,0.549805,0.135261
1398,0.548349,0.129703
1401,0.548621,0.124926
1404,0.547599,0.115831
1407,0.547003,0.117573
1410,0.546841,0.109836
1413,0.540503,0.127249
1416,0.541924,0.135804
1419,0.543338,0.137113
1422,0.545295,0.139341
1425,0.54683,0.155186
1428,0.548602,0.151585
1431,0.552648,0.156407
1434,0.555755,0.153263
1437,0.552908,0.192451
1440,0.557659,0.241877
1443,0.562222,0.167968
1446,0.564458,0.140069
1449,0.566173,0.232315
1452,0.567233,0.285417
1455,0.567768,0.145306
1458,0.567964,0.248344
1461,0.564835,0.304689
1464,0.566294,0.243789
1467,0.563613,0.223167
1470,0.561106,0.276281
1473,0.55945,0.233114
1476,0.557836,0.305432
1479,0.550367,0.254045
1482,0.546935,0.328048
1485,0.542275,0.315537
1488,0.53097,0.326513
1491,0.524809,0.347316
1494,0.515786,0.335782
1497,0.509504,0.3464
1500,0.503735,0.38862
1503,0.498524,0.317852
1506,0.493833,0.356781
1509,0.487785,0.606267
1512,0.474923,0.459124
1515,0.470266,0.407421
1518,0.460542,0.509372
1521,0.45489,0.486714
1524,0.4484,0.522705
1527,0.445512,0.509855
1530,0.448755,0.553138
1533,0.446409,0.533165
1536,0.439886,0.452416
1539,0.441308,0.450561
1542,0.440983,0.501284
1545,0.441108,0.486714
1548,0.441779,0.513539
1551,0.439569,0.461175
1554,0.438148,0.463042
1557,0.440516,0.463524
1560,0.443627,0.500647
1563,0.449403,0.531732
1566,0.453234,0.453004
1569,0.454924,0.527931
1572,0.453212,0.54341
1575,0.456134,0.454822
1578,0.462997,0.485817
1581,0.471333,0.479768
1584,0.474678,0.565144
1587,0.472333,0.550027
1590,0.470485,0.53904
1593,0.468724,0.509285
1596,0.471805,0.532731
1599,0.478023,0.55189
1602,0.49085,0.538248
1605,0.498109,0.468547
1608,0.504236,0.497532
1611,0.495077,0.527901
1614,0.492683,0.510288
1617,0.480376,0.420347
1620,0.463992,0.499466
1623,0.458196,0.441519
1626,0.454196,0.465003
1629,0.449452,0.453106
1632,0.449053,0.516638
1635,0.449079,0.475575
1638,0.445109,0.484915
1641,0.436033,0.550868
1644,0.43026,0.556581
1647,0.425984,0.567067
1650,0.422711,0.381071
1653,0.41966,0.482612
1656,0.417711,0.489708
1659,0.416097,0.488339
1662,0.408239,0.460078
1665,0.40779,0.541227
1668,0.410433,0.490085
1671,0.408729,0.525179
1674,0.406727,0.52677
1677,0.404589,0.488471
1680,0.406546,0.511272
1683,0.408416,0.510643
1686,0.406267,0.432458
1689,0.415656,0.434999
1692,0.425904,0.484527
1695,0.438046,0.456828
1698,0.450188,0.400249
1701,0.458706,0.459516
1704,0.464214,0.456522
1707,0.464569,0.473438
1710,0.451209,0.431681
1713,0.443936,0.510809
1716,0.444121,0.470085
1719,0.435686,0.454384
1722,0.428989,0.524722
1725,0.424389,0.482359
1728,0.420803,0.399646
1731,0.406131,0.387289
1734,0.399144,0.382836
1737,0.402006,0.401644
1740,0.398352,0.468389
1743,0.393054,0.411433
1746,0.381882,0.467159
1749,0.370102,0.462706
1752,0.366543,0.46507
1755,0.364865,0.426791
1758,0.35887,0.414521
1761,0.348447,0.314711
1764,0.343138,0.351588
1767,0.339217,0.382632
1770,0.343553,0.454192
1773,0.345721,0.401855
1776,0.338968,0.411052
1779,0.328493,0.376513
1782,0.32329,0.33597
1785,0.317049,0.388104
1788,0.307939,0.350623
1791,0.300699,0.373413
1794,0.285545,0.376535
1797,0.269516,0.373737
1800,0.266541,0.325559
1803,0.262608,0.393518
1806,0.258362,0.402021
1809,0.254984,0.417364
1812,0.234502,0.372644
1815,0.228201,0.38241
1818,0.220407,0.349013
1821,0.22006,0.289832
1824,0.220215,0.310266
1827,0.224332,0.315183
1830,0.231014,0.309353
1833,0.227741,0.35557
1836,0.223303,0.310831
1839,0.2198,0.270229
1842,0.213152,0.308399
1845,0.20552,0.290447
1848,0.1931,0.2801
1851,0.169088,0.223525
1854,0.147437,0.232009
1857,0.142305,0.228016
1860,0.143395,0.235335
1863,0.140672,0.242058
1866,0.134432,0.24357
1869,0.153485,0.26622
1872,0.172855,0.309244
1875,0.175653,0.240738
1878,0.183997,0.256726
1881,0.20207,0.307807
1884,0.219114,0.302849
1887,0.237933,0.276337
1890,0.261858,0.309775
1893,0.282216,0.263249
1896,0.297279,0.232522
1899,0.314538,0.276337
1902,0.345823,0.269859
1905,0.369631,0.306095
1908,0.380721,0.36744
1911,0.367795,0.373488
1914,0.346,0.368556
1917,0.325081,0.366584
1920,0.310413,0.395162
1923,0.301095,0.311661
1926,0.287291,0.31835
1929,0.266047,0.303814
1932,0.244671,0.320232
1935,0.227586,0.258747
1938,0.214061,0.197885
1941,0.203831,0.201486
1944,0.193884,0.183443
1947,0.180302,0.185079
1950,0.167448,0.179702
1953,0.144986,0.133263
1956,0.117275,0.134213
1959,0.0928112,0.119262
1962,0.0667446,0.0595841
1965,0.0466356,0.0684866
1968,0.028378,0.0670576
1971,0.0130842,0.0577666
1974,0.00374804,0.045923
1977,0.00306555,0.0506061
1980,0.00342377,0.0504968
1983,0.00326917,0.0526687
1986,0.0050904,0.0491921
1989,0.00501122,0.0467638
1992,0.00458513,0.0482118
1995,0.00430987,0.0502781
1998,0.00369148,0.0522765
2001,0.0067495,0.0515299
2004,0.0322581,0.058023
2007,0.0659867,0.0861221
2010,0.102366,0.0956166
2013,0.145367,0.123851
2016,0.185532,0.140288
2019,0.22796,0.154096
2022,0.261013,0.175476
2025,0.294406,0.245561
2028,0.314274,0.264071
2031,0.325918,0.270033
2034,0.308124,0.265734
2037,0.28728,0.224951
2040,0.263626,0.266767
2043,0.239011,0.264139
2046,0.21405,0.272088
2049,0.191486,0.182202
2052,0.169627,0.208582
2055,0.150401,0.126623
2058,0.137301,0.13189
2061,0.128667,0.152942
2064,0.103516,0.130111
2067,0.0814163,0.113603
2070,0.0588828,0.0946777
2073,0.0387625,0.086337
2076,0.0221037,0.0468845
2079,0.011772,0.0536264
2082,0.00957373,0.0606625
2085,0.00947569,0.0591128
2088,0.0100639,0.070783
2091,0.00969062,0.0616994
2094,0.00955864,0.069237
2097,0.0112441,0.0702664
2100,0.0111536,0.0613827
2103,0.0159198,0.0863935
2106,0.0236232,0.0975811
2109,0.030927,0.117698
2112,0.0413605,0.134583
2115,0.0507381,0.153496
2118,0.0611225,0.15195
2121,0.0749458,0.198164
2124,0.0997568,0.236078
2127,0.124809,0.246696
2130,0.140488,0.258664
2133,0.153511,0.250123
2136,0.165381,0.258766
2139,0.17514,0.290368
2142,0.183024,0.292404
2145,0.18859,0.280198
2148,0.191214,0.2711
2151,0.193748,0.255497
2154,0.200234,0.260006
2157,0.218812,0.253238
2160,0.225143,0.214408
2163,0.220927,0.230064
2166,0.217059,0.252763
2169,0.211391,0.201784
2172,0.199913,0.170834
2175,0.180344,0.185144
2178,0.160423,0.157282
2181,0.141117,0.181482
2184,0.121167,0.180287
2187,0.101608,0.118983
2190,0.0807752,0.108271
2193,0.0598254,0.0697951
2196,0.0432797,0.0688562
2199,0.0309949,0.0598669
2202,0.0232198,0.0668012
2205,0.0157765,0.0541015
2208,0.009898,0.0473898
2211,0.00671556,0.0434833
2214,0.00566354,0.0472879
2217,0.00533172,0.0502743
2220,0.00510926,0.0468958
2223,0.00499236,0.0465263
2226,0.00498859,0.0439207
2229,0.00538828,0.0509229
2232,0.00538828,0.0460021
2235,0.00549009,0.0450557
2238,0.00611225,0.0463792
2241,0.0063121,0.0441508
2244,0.00565977,0.0437925
2247,0.00660244,0.0459531
2250,0.00691918,0.0595916
2253,0.0088309,0.0746215
2256,0.0090119,0.077721
2259,0.0103769,0.0734036
2262,0.0105654,0.0651798
2265,0.0110217,0.0663336
2268,0.0219302,0.0797798
2271,0.0398974,0.100926
2274,0.0540978,0.116065
2277,0.0601761,0.147143
2280,0.0638186,0.131034
2283,0.0673969,0.145499
2286,0.0708659,0.116872
2289,0.0704512,0.126148
2292,0.0708245,0.135605
2295,0.0712015,0.143832
2298,0.0731057,0.132298
2301,0.0798741,0.204868
2304,0.0806433,0.198661
2307,0.079497,0.242869
2310,0.0736261,0.162712
2313,0.067774,0.0990668
2316,0.0609302,0.141626
2319,0.0569182,0.129093
2322,0.0515978,0.11295
2325,0.0447578,0.0882487
2328,0.0379593,0.0856206
2331,0.0377557,0.123734
2334,0.0320922,0.113912
2337,0.0297807,0.0911634
2340,0.0260327,0.0894176
2343,0.0221037,0.086435
2346,0.0190984,0.0621557
2349,0.0154597,0.047895
2352,0.0146981,0.0655719
2355,0.0106559,0.0634641
2358,0.00923814,0.0680832
2361,0.0117871,0.0774118
2364,0.0119794,0.0762014
2367,0.0127976,0.0618352
2370,0.0126845,0.0627703
2373,0.0131823,0.0605117
2376,0.0133331,0.0829735
2379,0.0141475,0.0852284
2382,0.0125526,0.0584454
2385,0.0241172,0.0676759
2388,0.0480006,0.104515
2391,0.0539319,0.105948
2394,0.0568918,0.118961
2397,0.0585773,0.152154
2400,0.0604777,0.120005
2403,0.0619973,0.191987
2406,0.0632379,0.160483
2409,0.0666579,0.130642
2412,0.0677891,0.160902
2415,0.0577629,0.101929
2418,0.0477329,0.0703531
2421,0.0331215,0.0629739
2424,0.0182613,0.0516242
2427,0.007662,0.0518203
2430,0.00131596,0.0491771
2433,0.00690409,0.0539922
2436,0.0338757,0.0706208
2439,0.0422089,0.0719858
2442,0.0469637,0.0668351
2445,0.050361,0.0994665
2448,0.053189,0.0919289
2451,0.0551724,0.0542297
2454,0.0572915,0.15126
2457,0.0594597,0.109998
2460,0.0610358,0.0843046
2463,0.0583926,0.0854019
2466,0.0462171,0.0694142
2469,0.0343168,0.05337
2472,0.0230426,0.062118
2475,0.0134198,0.0583473
2478,0.0138761,0.0588111
2481,0.0139628,0.0676571
2484,0.0161309,0.0586754
2487,0.0178994,0.0848325
2490,0.0188873,0.0834185
2493,0.0198639,0.089082
2496,0.0205916,0.0941913
2499,0.0219905,0.0946702
2502,0.0223978,0.081454
2505,0.024121,0.0921023
2508,0.0249694,0.0889689
2511,0.0373635,0.0938783
2514,0.0545917,0.0928225
2517,0.0561038,0.0766728
2520,0.0574235,0.159375
2523,0.061247,0.106404
2526,0.0634377,0.165087
2529,0.066722,0.12117
2532,0.0685093,0.136193
2535,0.0700477,0.103641
2538,0.0705002,0.122784
2541,0.0717407,0.124726
2544,0.0757226,0.179156
2547,0.0771893,0.140416
2550,0.0710771,0.102442
2553,0.0625516,0.134043
2556,0.0513037,0.113335
2559,0.0371562,0.120088
2562,0.0247808,0.0690975
2565,0.0129485,0.0592146
2568,0.0063762,0.0499764
2571,0.00547878,0.054965
2574,0.00584076,0.0530307
2577,0.0059011,0.0524349
2580,0.00624423,0.0516129
2583,0.00616504,0.0519636
2586,0.00647047,0.0556664
2589,0.00602176,0.0534643
2592,0.00598028,0.0506137
2595,0.00659867,0.0519523
2598,0.00649309,0.0521031
2601,0.00637997,0.0530307
2604,0.00611225,0.0518165
2607,0.0064403,0.0519372
2610,0.00630833,0.0520465
2613,0.0069418,0.0568881
2616,0.00694934,0.0567749
2619,0.00637997,0.0569409
2622,0.00633095,0.0612922
2625,0.00984144,0.0615298
2628,0.0282423,0.0814125
2631,0.0395958,0.0897193
2634,0.043966,0.0836334
2637,0.0491733,0.0837654
2640,0.0682491,0.126449
2643,0.0917743,0.128127
2646,0.114146,0.196305
2649,0.135665,0.213959
2652,0.144714,0.313112
2655,0.149635,0.287868
2658,0.156426,0.305398
2661,0.16229,0.195192
2664,0.158553,0.303901
2667,0.150612,0.331291
2670,0.14427,0.259607
2673,0.138417,0.251262
2676,0.137101,0.244004
2679,0.134043,0.272306
2682,0.125378,0.219513
2685,0.123636,0.182346
2688,0.12272,0.203876
2691,0.108026,0.154816
2694,0.0946098,0.207477
2697,0.0772497,0.124756
2700,0.0617258,0.114602
2703,0.0498558,0.0913821
2706,0.0424351,0.117324
2709,0.0399842,0.134458
2712,0.0391886,0.126989
2715,0.0405196,0.118625
2718,0.0399729,0.11979
2721,0.0405912,0.0810995
2724,0.0415339,0.117901
2727,0.0422239,0.0992289
2730,0.052186,0.08711
2733,0.0639845,0.122603
2736,0.0765069,0.138078
2739,0.0807903,0.104904
2742,0.0832036,0.144194
2745,0.0861522,0.154356
2748,0.0907072,0.148693
2751,0.0939047,0.136449
2754,0.0952923,0.145861
2757,0.0978865,0.149733
2760,0.0993533,0.170581
2763,0.10079,0.164156
2766,0.102193,0.164066
2769,0.103335,0.146219
2772,0.105039,0.14723
2775,0.108569,0.136166
2778,0.11007,0.15695
2781,0.112732,0.188171
2784,0.112713,0.199219
2787,0.111661,0.217831
2790,0.112355,0.222062
2793,0.114029,0.220957
2796,0.113878,0.218314
2799,0.113576,0.208016
2802,0.114715,0.201271
2805,0.115401,0.132633
2808,0.116585,0.139055
2811,0.114542,0.154873
2814,0.115002,0.156585
2817,0.114862,0.127795
2820,0.115971,0.122049
2823,0.118414,0.119771
2826,0.118961,0.10723
2829,0.119168,0.105745
2832,0.120235,0.104576
2835,0.121679,0.111152
2838,0.121118,0.111235
2841,0.120107,0.115982
2844,0.119485,0.120631
2847,0.1197,0.117023
2850,0.119873,0.118542
2853,0.119564,0.116291
2856,0.120024,0.110432
2859,0.120284,0.109764
2862,0.117716,0.116393
2865,0.118693,0.123497
2868,0.119327,0.122792
2871,0.120446,0.121517
2874,0.121672,0.122664
2877,0.121472,0.120801
2880,0.121921,0.116095
2883,0.124768,0.129745
2886,0.125337,0.130695
2889,0.126785,0.14792
2892,0.12893,0.149688
2895,0.12648,0.14318
2898,0.126261,0.141973
2901,0.125111,0.153127
2904,0.124458,0.133927
2907,0.124655,0.13916
2910,0.125793,0.144956
2913,0.123331,0.133715
2916,0.123561,0.136061
2919,0.122185,0.135465
2922,0.122415,0.134394
2925,0.123848,0.130808
2928,0.123357,0.135077
2931,0.127377,0.138576
2934,0.12967,0.139104
2937,0.127373,0.119383
2940,0.128271,0.114745
2943,0.131344,0.116208
2946,0.13697,0.122747
2949,0.145254,0.142746
2952,0.152508,0.14166
2955,0.156106,0.169382
2958,0.162678,0.157214
2961,0.164684,0.169759
2964,0.173194,0.157867
2967,0.179209,0.191199
2970,0.185958,0.198224
2973,0.192779,0.206938
2976,0.198869,0.209434
2979,0.204536,0.216425
2982,0.209985,0.230772
2985,0.216704,0.212153
2988,0.219487,0.237865
2991,0.235863,0.253445
2994,0.253709,0.244109
2997,0.267325,0.275979
3000,0.281311,0.298856
3003,0.288173,0.317189
3006,0.295556,0.318505
3009,0.303143,0.35666
3012,0.314432,0.29418
3015,0.32677,0.289584
3018,0.335054,0.312841
3021,0.341739,0.306386
3024,0.348542,0.312373
3027,0.350525,0.259143
3030,0.350208,0.248562
3033,0.348881,0.256209
3036,0.342049,0.300386
3039,0.345257,0.334786
3042,0.34634,0.319149
3045,0.347022,0.29142
3048,0.344963,0.260674
3051,0.345974,0.274874
3054,0.347501,0.246662
3057,0.350069,0.231545
3060,0.362048,0.275677
3063,0.3637,0.281428
3066,0.371709,0.225893
3069,0.382018,0.25429
3072,0.386595,0.307498
3075,0.388692,0.327984
3078,0.391546,0.293803
3081,0.392202,0.286488
3084,0.396512,0.339692
3087,0.390064,0.2457
3090,0.395166,0.292668
3093,0.399001,0.28452
3096,0.402323,0.302694
3099,0.403722,0.296137
3102,0.404857,0.309097
3105,0.402417,0.32513
3108,0.395675,0.248834
3111,0.386588,0.195332
3114,0.385012,0.203363
3117,0.379978,0.207504
3120,0.377776,0.229053
3123,0.375227,0.239075
3126,0.374789,0.241919
3129,0.376441,0.237431
3132,0.377874,0.221768
3135,0.381652,0.230603
3138,0.377384,0.185506
3141,0.379993,0.196806
3144,0.383466,0.192568
3147,0.385939,0.211214
3150,0.38649,0.209709
3153,0.389401,0.210852
3156,0.391591,0.205143
3159,0.393164,0.19934
3162,0.391708,0.183948
3165,0.392036,0.165231
3168,0.391211,0.190208
3171,0.391467,0.177165
3174,0.392319,0.178918
3177,0.392609,0.177508
3180,0.395373,0.174951
3183,0.396045,0.171814
3186,0.399137,0.184812
3189,0.403096,0.184612
3192,0.408548,0.169952
3195,0.414702,0.161882
3198,0.416738,0.16672
3201,0.421093,0.16382
3204,0.424076,0.182681
3207,0.426078,0.16939
3210,0.429008,0.18879
3213,0.425282,0.166072
3216,0.426957,0.168304
3219,0.427285,0.167421
3222,0.426806,0.167135
3225,0.428453,0.167595
3228,0.42963,0.169416
3231,0.431161,0.17422
3234,0.432251,0.173549
3237,0.429347,0.168643
3240,0.431723,0.169277
3243,0.431964,0.172632
3246,0.431097,0.159812
3249,0.430505,0.173413
3252,0.431085,0.178439
3255,0.430241,0.173466
3258,0.42995,0.173236
3261,0.427213,0.173096
3264,0.428653,0.179333
3267,0.43015,0.176908
3270,0.432126,0.17635
3273,0.433619,0.175909
3276,0.43472,0.17474
3279,0.434864,0.173439
3282,0.43463,0.173941
3285,0.43529,0.171626
3288,0.429057,0.172591
3291,0.428457,0.170404
3294,0.430644,0.166633
3297,0.430226,0.167998
3300,0.430429,0.171626
3303,0.429483,0.163858
3306,0.429468,0.166113
3309,0.428857,0.167474
3312,0.419966,0.153885
3315,0.422858,0.162753
3318,0.422571,0.154801
3321,0.421059,0.168036
3324,0.420497,0.166407
3327,0.42207,0.165879
3330,0.423193,0.168372
3333,0.421859,0.185166
3336,0.419362,0.156705
3339,0.421365,0.155683
3342,0.423469,0.149963
3345,0.423009,0.156502
3348,0.421515,0.154545
3351,0.420656,0.151502
3354,0.419773,0.15249
3357,0.421301,0.169375
3360,0.423046,0.18077
3363,0.421606,0.16218
3366,0.423095,0.175604
3369,0.425003,0.167063
3372,0.426383,0.165612
3375,0.427613,0.163568
3378,0.42796,0.156935
3381,0.42822,0.1585
3384,0.428996,0.15453
3387,0.425354,0.150122
3390,0.426919,0.155898
3393,0.42644,0.15534
3396,0.426628,0.15767
3399,0.427311,0.156275
3402,0.428604,0.153462
3405,0.430486,0.155453
3408,0.431881,0.156211
3411,0.42707,0.15134
3414,0.428574,0.154782
3417,0.429686,0.141826
3420,0.430931,0.148915
3423,0.43133,0.153198
3426,0.43121,0.158361
3429,0.431696,0.158443
3432,0.432032,0.159578
3435,0.433073,0.15804
3438,0.43515,0.153187
3441,0.435603,0.154371
3444,0.435663,0.149145
3447,0.436093,0.146894
3450,0.436142,0.147893
3453,0.436651,0.149032
3456,0.43667,0.149322
3459,0.436696,0.153002
3462,0.436379,0.156445
3465,0.438423,0.162433
3468,0.438514,0.161781
3471,0.435241,0.160898
3474,0.432914,0.160008
3477,0.432537,0.152128
3480,0.432202,0.153753
3483,0.432473,0.15537
3486,0.428453,0.150012
3489,0.430048,0.153753
3492,0.42946,0.156317
3495,0.430165,0.154398
3498,0.430742,0.1537
3501,0.431447,0.158225
3504,0.430942,0.15666
3507,0.430689,0.156841
3510,0.430407,0.160359
3513,0.430015,0.152508
3516,0.430652,0.154918
3519,0.430542,0.158296
3522,0.430712,0.163647
3525,0.430961,0.161524
3528,0.431097,0.162938
3531,0.431134,0.161679
3534,0.430935,0.161494
3537,0.426613,0.148444
3540,0.42753,0.148617
3543,0.427779,0.150683
3546,0.430475,0.159624
3549,0.432224,0.159126
3552,0.433876,0.158862
3555,0.434162,0.158236
3558,0.436206,0.158051
3561,0.433913,0.154447
3564,0.4338,0.152573
3567,0.433084,0.15304
3570,0.431161,0.149017
3573,0.43285,0.150763
3576,0.433042,0.151147
3579,0.434234,0.152399
3582,0.435501,0.150099
3585,0.436451,0.152376
3588,0.436832,0.151151
3591,0.436964,0.149522
3594,0.435765,0.155815
3597,0.431817,0.163466
3600,0.429785,0.158651
3603,0.42897,0.161962
3606,0.42983,0.165698
3609,0.430493,0.171765
3612,0.431749,0.172749
3615,0.432711,0.175057
3618,0.434705,0.17281
3621,0.436636,0.171271
3624,0.437865,0.175132
3627,0.43581,0.171984
3630,0.435893,0.174559
3633,0.436138,0.165977
3636,0.435316,0.166603
3639,0.434302,0.17149
3642,0.433088,0.169865
3645,0.429713,0.156407
3648,0.431157,0.15482
3651,0.431794,0.14488
3654,0.433106,0.149432
3657,0.433736,0.149628
3660,0.433917,0.15706
3663,0.433962,0.159903
3666,0.433642,0.157863
3669,0.432922,0.151943
3672,0.429143,0.152803
3675,0.426938,0.159492
3678,0.429223,0.163647
3681,0.432771,0.163172
3684,0.435056,0.1587
3687,0.436753,0.158598
3690,0.436768,0.157316
3693,0.435934,0.150167
3696,0.43302,0.14511
3699,0.431681,0.142037
3702,0.431123,0.155898
3705,0.432194,0.163228
3708,0.432982,0.156075
3711,0.433257,0.14999
3714,0.434166,0.204314
3717,0.434505,0.20681
3720,0.433947,0.201327
3723,0.434479,0.156483
3726,0.434283,0.142094
3729,0.434558,0.193439
3732,0.434766,0.141061
3735,0.433887,0.18899
3738,0.43452,0.14275
3741,0.434177,0.149933
3744,0.433333,0.152429
3747,0.430565,0.151038
3750,0.430365,0.152282
3753,0.431063,0.15186
3756,0.430169,0.153768
3759,0.430109,0.154092
3762,0.429588,0.153956
3765,0.42819,0.138659
3768,0.425139,0.150137
3771,0.420603,0.168688
3774,0.423197,0.171516
3777,0.424958,0.172086
3780,0.429653,0.167746
3783,0.434973,0.164254
3786,0.438842,0.15821
3789,0.441787,0.158206
3792,0.443581,0.157844
3795,0.439513,0.151226
3798,0.442488,0.152392
3801,0.445504,0.180362
3804,0.447548,0.154047
3807,0.448853,0.153813
3810,0.448826,0.162599
3813,0.450651,0.159552
3816,0.451492,0.156713
3819,0.45297,0.157452
3822,0.463238,0.149605
3825,0.464282,0.150642
3828,0.465889,0.154579
3831,0.466601,0.157275
3834,0.467291,0.154209
3837,0.467872,0.1516
3840,0.467751,0.151577
3843,0.467495,0.151928
3846,0.464652,0.155766
3849,0.464961,0.158059
3852,0.465451,0.156415
3855,0.466484,0.157919
3858,0.466567,0.158066
3861,0.466417,0.156189
3864,0.464871,0.161388
3867,0.463641,0.161102
3870,0.461386,0.14496
3873,0.4636,0.147803
3876,0.463434,0.154081
3879,0.463291,0.146242
3882,0.463102,0.154096
3885,0.465308,0.170155
3888,0.465421,0.149729
3891,0.465127,0.154669
3894,0.46303,0.167365
3897,0.460169,0.154168
3900,0.456213,0.153926
3903,0.460802,0.152625
3906,0.462563,0.153334
3909,0.464795,0.149752
3912,0.466303,0.149982
3915,0.466364,0.158221
3918,0.465365,0.161155
3921,0.462114,0.157048
3924,0.462235,0.151038
3927,0.462702,0.169344
3930,0.459166,0.1606
3933,0.461383,0.165868
3936,0.463355,0.159906
3939,0.464135,0.160627
3942,0.461473,0.153244
3945,0.462186,0.144149
3948,0.463272,0.144288
3951,0.463721,0.149918
3954,0.463494,0.152086
3957,0.462574,0.162497
3960,0.462197,0.16261
3963,0.46133,0.145092
3966,0.463781,0.150257
3969,0.464697,0.148006
3972,0.461454,0.146894
3975,0.460802,0.140231
3978,0.459912,0.144032
3981,0.457733,0.159876
3984,0.453427,0.150996
3987,0.457167,0.149718
3990,0.46081,0.139364
3993,0.462506,0.149892
3996,0.45926,0.141709
3999,0.460515,0.140925
4002,0.459825,0.14807
4005,0.461243,0.152946
4008,0.461213,0.152957
4011,0.460466,0.147693
4014,0.460738,0.150846
4017,0.461243,0.152995
4020,0.458672,0.146098
4023,0.461205,0.162044
4026,0.462782,0.163658
4029,0.464135,0.160314
4032,0.463087,0.14781
4035,0.463034,0.157716
4038,0.462408,0.155039
4041,0.462616,0.151249
4044,0.462684,0.145831
4047,0.460244,0.147203
4050,0.459761,0.143757
4053,0.460123,0.144522
4056,0.460135,0.144488
4059,0.460444,0.145793
4062,0.460926,0.149447
4065,0.459765,0.159088
4068,0.457563,0.156701
4071,0.461198,0.159673
4074,0.462148,0.158051
4077,0.462695,0.158919
4080,0.463619,0.156517
4083,0.463129,0.149812
4086,0.461975,0.146276
4089,0.461205,0.158002
4092,0.461451,0.157542
4095,0.455293,0.135703
4098,0.456277,0.136234
4101,0.456877,0.131287
4104,0.457669,0.119232
4107,0.459614,0.109923
4110,0.460685,0.107125
4113,0.460968,0.103739
4116,0.459965,0.106469
4119,0.458943,0.108158
4122,0.457043,0.103905
4125,0.460693,0.109116
4128,0.46038,0.116125
4131,0.460975,0.115367
4134,0.461077,0.116555
4137,0.462469,0.116163
4140,0.461628,0.117796
4143,0.465696,0.12594
4146,0.464218,0.127614
4149,0.470836,0.14341
4152,0.475783,0.15459
4155,0.480232,0.170766
4158,0.481273,0.165755
4161,0.481107,0.197798
4164,0.482182,0.143896
4167,0.484644,0.144609
4170,0.491028,0.157252
4173,0.498282,0.17597
4176,0.504199,0.206455
4179,0.510179,0.217745
4182,0.510039,0.240965
4185,0.508984,0.217379
4188,0.503422,0.157844
4191,0.501657,0.166041
4194,0.499595,0.185898
4197,0.492121,0.197805
4200,0.492442,0.190781
4203,0.499218,0.190894
4206,0.500613,0.201207
4209,0.499203,0.227888
4212,0.495639,0.269633
4215,0.493701,0.291612
4218,0.48786,0.375709
4221,0.474606,0.512683
4224,0.462299,0.536638
4227,0.452246,0.449746
4230,0.444547,0.478799
4233,0.435663,0.38629
4236,0.428084,0.344175
4239,0.422383,0.424257
4242,0.410354,0.389691
4245,0.387515,0.443472
4248,0.389461,0.472061
4251,0.385377,0.446179
4254,0.392775,0.503365
4257,0.397843,0.485115
4260,0.403005,0.513712
4263,0.403767,0.52907
4266,0.407172,0.500202
4269,0.409668,0.522245
4272,0.406516,0.492114
4275,0.412711,0.412537
4278,0.412002,0.513557
4281,0.413043,0.47642
4284,0.41233,0.545729
4287,0.415856,0.529741
4290,0.416553,0.543003
4293,0.4173,0.489093
4296,0.412051,0.532151
4299,0.422835,0.409491
4302,0.433876,0.52194
4305,0.447627,0.552754
4308,0.450859,0.554209
4311,0.461213,0.583432
4314,0.477438,0.580834
4317,0.490677,0.573537
4320,0.486854,0.504783
4323,0.48944,0.485869
4326,0.482159,0.516634
4329,0.471959,0.556652
4332,0.462567,0.513094
4335,0.454169,0.355755
4338,0.451402,0.459841
4341,0.451726,0.472118
4344,0.45544,0.495485
4347,0.4559,0.538206
4350,0.463374,0.458449
4353,0.472106,0.493068
4356,0.472118,0.404634
4359,0.465779,0.494421
4362,0.459678,0.515213
4365,0.459761,0.527814
4368,0.456828,0.497212
4371,0.455131,0.470843
4374,0.456628,0.468856
4377,0.453962,0.464893
4380,0.451428,0.468294
4383,0.445546,0.426579
4386,0.435531,0.422564
4389,0.422846,0.400682
4392,0.414298,0.404581
4395,0.408955,0.427424
4398,0.403017,0.421014
4401,0.396237,0.505145
4404,0.387561,0.431251
4407,0.382285,0.388277
4410,0.372666,0.414038
4413,0.363387,0.459954
4416,0.359786,0.414562
4419,0.358824,0.415045
4422,0.352229,0.390675
4425,0.354756,0.418288
4428,0.35939,0.434686
4431,0.372425,0.435644
4434,0.385189,0.470199
4437,0.398782,0.456081
4440,0.410313,0.448114
4443,0.419822,0.439973
4446,0.426941,0.433989
4449,0.452295,0.434192
4452,0.466688,0.428929
4455,0.475115,0.449196
4458,0.489346,0.41026
4461,0.495673,0.391965
4464,0.490685,0.44949
4467,0.489584,0.4338
4470,0.480006,0.456123
4473,0.476812,0.497958
4476,0.468939,0.488219
4479,0.459516,0.517362
4482,0.451737,0.558119
4485,0.437899,0.500345
4488,0.425942,0.377625
4491,0.421538,0.450832
4494,0.417662,0.434679
4497,0.413586,0.406093
4500,0.414623,0.417666
4503,0.419875,0.473091
4506,0.419212,0.408156
4509,0.413887,0.429008
4512,0.41023,0.478324
4515,0.404887,0.473373
4518,0.395841,0.448973
4521,0.390392,0.427952
4524,0.401719,0.447624
4527,0.416308,0.453977
4530,0.425162,0.50162
4533,0.428902,0.516683
4536,0.420535,0.462291
4539,0.4029,0.479644
4542,0.39023,0.403895
4545,0.371407,0.442333
4548,0.363372,0.504885
4551,0.354239,0.469761
4554,0.345838,0.432711
4557,0.349805,0.409902
4560,0.356083,0.524421
4563,0.367889,0.526125
4566,0.383311,0.489553
4569,0.395256,0.507423
4572,0.397459,0.554567
4575,0.395513,0.47139
4578,0.391437,0.464799
4581,0.383013,0.477974
4584,0.380788,0.450304
4587,0.383164,0.515224
4590,0.385113,0.475674
4593,0.385996,0.494221
4596,0.373187,0.467212
4599,0.370336,0.465858
4602,0.361652,0.414004
4605,0.354119,0.444758
4608,0.346441,0.443676
4611,0.334413,0.368945
4614,0.318561,0.45078
4617,0.302359,0.432869
4620,0.281752,0.400633
4623,0.270421,0.438751
4626,0.260561,0.439241
4629,0.255493,0.435395
4632,0.2732,0.393673
4635,0.283192,0.446481
4638,0.282683,0.493622
4641,0.282974,0.476333
4644,0.284312,0.480149
4647,0.29208,0.425554
4650,0.304734,0.392651
4653,0.30996,0.335597
4656,0.307532,0.405038
4659,0.297913,0.390389
4662,0.283483,0.366456
4665,0.278916,0.348512
4668,0.276141,0.362591
4671,0.259871,0.312686
4674,0.248596,0.279086
4677,0.235395,0.294293
4680,0.221855,0.278403
4683,0.211644,0.281107
4686,0.206286,0.292065
4689,0.21144,0.250301
4692,0.217813,0.260591
4695,0.209065,0.259135
4698,0.203329,0.30438
4701,0.203831,0.260466
4704,0.209295,0.274753
4707,0.21095,0.310462
4710,0.210087,0.342874
4713,0.218759,0.371377
4716,0.232428,0.3218
4719,0.250606,0.375898
4722,0.260444,0.395151
4725,0.268898,0.346457
4728,0.272261,0.457714
4731,0.273151,0.417526
4734,0.271703,0.408401
4737,0.267212,0.322185
4740,0.266209,0.374235
4743,0.256243,0.363609
4746,0.246568,0.312686
4749,0.238823,0.22569
4752,0.226715,0.296721
4755,0.207907,0.293829
4758,0.188711,0.237541
4761,0.165325,0.236598
4764,0.153048,0.259147
4767,0.135322,0.211139
4770,0.118161,0.180147
4773,0.10611,0.139956
4776,0.0881658,0.123067
4779,0.0707,0.122015
4782,0.0567599,0.0977169
4785,0.0419147,0.059388
4788,0.025452,0.0580532
4791,0.011821,0.0510134
4794,0.00845384,0.0392489
4797,0.00377444,0.0347316
4800,0.00143662,0.0361532
4803,0.00102562,0.0396599
4806,0.000927584,0.0390603
4809,0.000916272,0.0379555
4812,0.00133859,0.0377821
4815,0.0015045,0.0387813
4818,0.00170057,0.0458061
4821,0.00230011,0.0451726
4824,0.00202862,0.0479063
4827,0.00229257,0.0534417
4830,0.00208895,0.0522501
4833,0.0020701,0.0476122
4836,0.00357459,0.0426689
4839,0.0043061,0.0441696
4842,0.00445693,0.0409268
4845,0.00481137,0.0420203
4848,0.00497728,0.0442563
4851,0.00393658,0.0455384
4854,0.00471333,0.045331
4857,0.00460399,0.0461643
4860,0.00457005,0.058845
4863,0.00466432,0.0585396
4866,0.00407986,0.0574838
4869,0.00419298,0.0570804
4872,0.00483023,0.0539356
4875,0.00438906,0.057416
4878,0.00433627,0.0588149
4881,0.00347279,0.0570955
4884,0.00418921,0.0511981
4887,0.00439283,0.0506665
4890,0.00385739,0.050082
4893,0.00392527,0.0500971
4896,0.00328048,0.0502668
4899,0.00308441,0.0531589
4902,0.00280538,0.0514847
4905,0.00271111,0.0527554
4908,0.00274882,0.0527479
4911,0.00201731,0.0545653
4914,0.00145548,0.0515714
4917,0.00823891,0.0584491
4920,0.0310062,0.0841236
4923,0.0381856,0.0831621
4926,0.0455459,0.106495
4929,0.0697574,0.13692
4932,0.0920458,0.1516
4935,0.097879,0.113806
4938,0.10105,0.118354
4941,0.104674,0.173372
4944,0.108365,0.165653
4947,0.111597,0.144522
4950,0.105002,0.136129
4953,0.0953753,0.134926
4956,0.0870685,0.108109
4959,0.082193,0.0979544
4962,0.0750438,0.123712
4965,0.0614807,0.0593541
4968,0.0605305,0.0899644
4971,0.0663336,0.0901642
4974,0.0706623,0.135231
4977,0.0748289,0.143745
4980,0.0725891,0.191546
4983,0.0758093,0.179152
4986,0.0785958,0.167787
4989,0.0791652,0.207111
4992,0.0818838,0.152309
4995,0.0846854,0.119643
4998,0.0887766,0.125888
5001,0.0855979,0.166618
5004,0.0803982,0.18221
5007,0.0765973,0.168281
5010,0.0693049,0.157761
5013,0.051956,0.101382
5016,0.0335816,0.0591014
5019,0.0191022,0.0470202
5022,0.0144002,0.0773967
5025,0.0124658,0.0568843
5028,0.00827285,0.0585283
5031,0.00734903,0.0740446
5034,0.00812202,0.0664203
5037,0.00863483,0.0772346
5040,0.00910993,0.0867706
5043,0.00998473,0.0879357
5046,0.0109953,0.0765069
5049,0.0152825,0.116989
5052,0.0265153,0.0887238
5055,0.0359948,0.114851
5058,0.0500745,0.0960691
5061,0.0685847,0.0842179
5064,0.0861824,0.11585
5067,0.108037,0.128614
5070,0.142094,0.110458
5073,0.166882,0.150763
5076,0.18977,0.151389
5079,0.203005,0.179571
5082,0.203567,0.223235
5085,0.203047,0.220158
5088,0.200781,0.16218
5091,0.195385,0.143987
5094,0.186769,0.161705
5097,0.177048,0.177598
5100,0.162991,0.161407
5103,0.154944,0.144409
5106,0.143738,0.111789
5109,0.119606,0.101325
5112,0.090579,0.132539
5115,0.0643201,0.111042
5118,0.0425558,0.0871703
5121,0.0231217,0.0562131
5124,0.00937765,0.0557003
5127,0.000999227,0.0465036
5130,0.00101808,0.0486831
5133,0.00109726,0.0469712
5136,0.00205124,0.0463453
5139,0.00177598,0.0473558
5142,0.00158745,0.050312
5145,0.00151581,0.050395
5148,0.00156483,0.0454516
5151,0.0015045,0.0463
5154,0.00139138,0.0461341
5157,0.00134236,0.0468091
5160,0.00274505,0.0510662
5163,0.00238306,0.0508927
5166,0.00200977,0.0498369
5169,0.00181746,0.0515978
5172,0.00165155,0.0520465
5175,0.00155352,0.0519334
5178,0.0014781,0.0510662
5181,0.00145548,0.0507306
5184,0.00155352,0.0408363
5187,0.00129711,0.0424012
5190,0.00107464,0.0437812
5193,0.00101054,0.0438001
5196,0.000173451,0.0476575
5199,9.80374e-05,0.045972
5202,7.16427e-05,0.0449351
5205,0,0.0459456
5208,3.77067e-06,0.0448936
5211,9.0496e-05,0.0478498
5214,0.000116891,0.0498633
5217,0.000150827,0.049573
5220,0.00166286,0.0510284
5223,0.00137252,0.0510926
5226,0.00109349,0.0512622
5229,0.00103693,0.0503535
5232,0.00105579,0.0499614
5235,0.00102185,0.0512283
5238,0.001003,0.0499915
5241,0.00102562,0.0519485
5244,0.000972832,0.0519937
5247,0.00107464,0.0434306
5250,0.000976603,0.0424162
5253,0.00102185,0.040595
5256,0.000946438,0.0434607
5259,0.0116551,0.0534341
5262,0.0310213,0.0594333
5265,0.0429554,0.0969024
5268,0.0461304,0.0779472
5271,0.0490225,0.107147
5274,0.0506174,0.136042
5277,0.0518844,0.131366
5280,0.0532154,0.118158
5283,0.0544975,0.125416
5286,0.0554062,0.134262
5289,0.058385,0.12459
5292,0.076571,0.144492
5295,0.0932712,0.182595
5298,0.102981,0.197164
5301,0.108821,0.196765
5304,0.113222,0.193488
5307,0.114858,0.189623
5310,0.118271,0.207843
5313,0.121152,0.200811
5316,0.121759,0.219724
5319,0.12226,0.246394
5322,0.122524,0.240109
5325,0.122965,0.217798
5328,0.12352,0.228872
5331,0.134926,0.17316
5334,0.147113,0.181988
5337,0.1516,0.163032
5340,0.152629,0.205275
5343,0.154145,0.223103
5346,0.154307,0.199593
5349,0.15459,0.20523
5352,0.159035,0.230897
5355,0.1727,0.210354
5358,0.187587,0.224649
5361,0.195848,0.263822
5364,0.200841,0.251017
5367,0.203367,0.27906
5370,0.206606,0.243095
5373,0.208427,0.235143
5376,0.210343,0.237545
5379,0.210882,0.26185
5382,0.21055,0.235644
5385,0.210392,0.231753
5388,0.218982,0.247035
5391,0.22877,0.229709
5394,0.236832,0.254109
5397,0.240399,0.230448
5400,0.240659,0.313757
5403,0.240885,0.291804
5406,0.241421,0.241662
5409,0.242835,0.236802
5412,0.244226,0.24087
5415,0.247288,0.241047
5418,0.25693,0.230444
5421,0.26955,0.237612
5424,0.282793,0.256432
5427,0.288098,0.288799
5430,0.289919,0.267951
5433,0.300703,0.247175
5436,0.314247,0.268785
5439,0.327596,0.288079
5442,0.337867,0.296367
5445,0.345148,0.319885
5448,0.351924,0.34936
5451,0.355906,0.344285
5454,0.354232,0.331498
5457,0.353017,0.307637
5460,0.350638,0.297396
5463,0.346347,0.315266
5466,0.341287,0.321777
5469,0.336178,0.226877
5472,0.32444,0.263053
5475,0.319496,0.261202
5478,0.317124,0.261545
5481,0.320948,0.257514
5484,0.325872,0.247684
5487,0.333071,0.243461
5490,0.340729,0.277031
5493,0.349447,0.243551
5496,0.357233,0.245142
5499,0.361698,0.242997
5502,0.3683,0.233491
5505,0.372116,0.225584
5508,0.373775,0.249384
5511,0.37471,0.248939
5514,0.374786,0.230757
5517,0.373266,0.239422
5520,0.372448,0.255666
5523,0.381177,0.249818
5526,0.388334,0.282555
5529,0.395988,0.204698
5532,0.403156,0.225886
5535,0.408069,0.22601
5538,0.414189,0.235735
5541,0.419064,0.234324
5544,0.420652,0.240866
5547,0.420135,0.253841
5550,0.421828,0.24555
5553,0.42457,0.247771
5556,0.430595,0.246375
5559,0.436934,0.268249
5562,0.442488,0.262099
5565,0.451948,0.270395
5568,0.463962,0.297344
5571,0.471526,0.249192
5574,0.483411,0.266941
5577,0.494655,0.274237
5580,0.500013,0.282947
5583,0.502732,0.276594
5586,0.503935,0.238902
5589,0.50642,0.244577
5592,0.505865,0.226134
5595,0.500933,0.224475
5598,0.499749,0.219804
5601,0.496876,0.238476
5604,0.495654,0.212711
5607,0.495138,0.203239
5610,0.500801,0.211602
5613,0.505352,0.22572
5616,0.50864,0.224622
5619,0.512932,0.210848
5622,0.514576,0.199864
5625,0.517453,0.207481
5628,0.519726,0.231357
5631,0.522158,0.222813
5634,0.524194,0.224852
5637,0.524877,0.175868
5640,0.523538,0.194977
5643,0.523037,0.195332
5646,0.526216,0.185325
5649,0.528274,0.216583
5652,0.528071,0.16428
5655,0.526849,0.166713
5658,0.526385,0.162173
5661,0.527038,0.164341
5664,0.528146,0.19954
5667,0.52884,0.16732
5670,0.525182,0.18316
5673,0.527426,0.168277
5676,0.529888,0.196192
5679,0.529734,0.197364
5682,0.531276,0.167919
5685,0.533418,0.163093
5688,0.535657,0.171313
5691,0.53634,0.175883
5694,0.535522,0.173421
5697,0.532034,0.168025
5700,0.533821,0.157244
5703,0.536479,0.162648
5706,0.537735,0.16413
5709,0.53985,0.166637
5712,0.541717,0.164729
5715,0.545834,0.166388
5718,0.547938,0.164209
5721,0.556456,0.159982
5724,0.557188,0.163176
5727,0.556671,0.163549
5730,0.55652,0.16652
5733,0.556539,0.16396
5736,0.556739,0.163021
Time(milisec),406425
