framenum,queue density,dynamic density
6,0.0760577,0.0844206
9,0.089446,0.0437561
3,0.0634791,0.0248013
15,0.0978392,0.0642738
21,0.103932,0.0534663
12,0.0938735,0.0566904
24,0.105812,0.0326307
18,0.100768,0.0725535
30,0.114879,0.0650496
36,0.118368,0.108386
39,0.12026,0.10993
27,0.110982,0.0451979
33,0.116715,0.0952585
45,0.123015,0.0948498
51,0.123503,0.0740521
54,0.124885,0.0419587
42,0.121354,0.102358
66,0.128279,0.029698
48,0.122909,0.0851472
60,0.127098,0.0299326
69,0.130269,0.0281049
81,0.140006,0.0309544
57,0.126905,0.0294293
63,0.127125,0.0325324
75,0.133902,0.0179596
96,0.172852,0.0674185
72,0.131541,0.0179899
84,0.14415,0.0404299
78,0.134273,0.0247786
87,0.156618,0.0571066
90,0.169526,0.0568985
111,0.191187,0.0685613
99,0.176864,0.0538371
102,0.178438,0.0405585
93,0.176114,0.0558503
105,0.178828,0.0420798
117,0.208605,0.09958
126,0.213967,0.0824869
114,0.200095,0.0741769
132,0.220431,0.102236
108,0.18173,0.0568834
120,0.21069,0.113294
129,0.216673,0.0875312
141,0.224915,0.0864754
147,0.22328,0.0826232
123,0.21312,0.113218
135,0.222281,0.109131
156,0.220635,0.063517
144,0.224805,0.0831984
162,0.215231,0.0494551
159,0.216964,0.0643003
171,0.207689,0.0282449
150,0.223711,0.087728
138,0.223677,0.0935442
186,0.199508,0.00906683
177,0.202948,0.0171611
174,0.204923,0.0128775
165,0.211965,0.0552486
192,0.197707,0.00475289
153,0.222981,0.0719216
180,0.201536,0.00624007
201,0.19734,0.0112351
189,0.198891,0.00504806
168,0.210486,0.0450352
207,0.197336,0.00806781
204,0.197839,0.00357981
216,0.197624,0.0147355
195,0.196462,0.00614925
183,0.201056,0.00546432
231,0.198339,0.00589949
210,0.19762,0.00790509
219,0.197563,0.00548324
222,0.197677,0.00530917
246,0.196159,0.00699311
225,0.197813,0.0049194
198,0.196901,0.00581624
237,0.19852,0.00578218
234,0.199459,0.00543783
261,0.196477,0.00849542
240,0.195364,0.00605086
213,0.197923,0.00553621
252,0.19552,0.00475289
276,0.195871,0.0112276
249,0.196008,0.00810565
267,0.196519,0.00558541
255,0.195667,0.00602437
228,0.198373,0.00459774
291,0.197586,0.0198895
264,0.196265,0.00564974
282,0.197926,0.013517
243,0.195966,0.00811701
306,0.193113,0.00494589
279,0.196008,0.0110535
270,0.195819,0.00482101
297,0.192965,0.0123098
258,0.196201,0.0132407
321,0.19709,0.0056346
312,0.196999,0.00547188
285,0.201476,0.0218421
294,0.194721,0.010327
336,0.197279,0.00454477
273,0.195641,0.00659199
327,0.197298,0.00798456
300,0.192394,0.00679634
351,0.200375,0.0313668
309,0.19516,0.00825702
288,0.201271,0.0209831
342,0.199459,0.00508968
366,0.199315,0.0277643
315,0.198536,0.00659956
303,0.192507,0.00743964
357,0.199122,0.0293537
324,0.197412,0.00775373
381,0.199133,0.0246348
330,0.19751,0.00206993
318,0.198581,0.00568758
372,0.200045,0.0277568
339,0.197624,0.0050859
396,0.21105,0.0206047
333,0.197204,0.00330356
387,0.205669,0.0237342
345,0.199595,0.0132029
411,0.22401,0.0674412
354,0.198543,0.0303035
348,0.202051,0.0234088
402,0.213574,0.0205252
360,0.19908,0.0285022
426,0.25979,0.157765
363,0.198993,0.0286763
369,0.199413,0.0289866
417,0.238485,0.105207
375,0.200227,0.0281238
384,0.200704,0.0225006
378,0.199777,0.0278476
441,0.28962,0.214993
432,0.274476,0.15162
390,0.208166,0.0302392
399,0.212476,0.0227692
393,0.208961,0.021581
456,0.315916,0.220987
447,0.297086,0.223935
405,0.214334,0.0438545
408,0.216722,0.0505714
414,0.232438,0.0829827
420,0.242288,0.119171
471,0.323413,0.0154204
429,0.267884,0.160675
462,0.321032,0.179933
423,0.25059,0.139662
486,0.331299,0.00538106
435,0.282135,0.159756
444,0.295542,0.220752
477,0.327087,0.00658821
438,0.286475,0.191251
450,0.305654,0.222519
501,0.338231,0.0109476
453,0.312386,0.224154
459,0.318561,0.214421
492,0.333134,0.00541134
465,0.324173,0.116726
468,0.324434,0.0549951
516,0.378101,0.0681715
474,0.323833,0.00722773
507,0.359555,0.0409029
480,0.329214,0.00544161
483,0.330633,0.0056838
531,0.395834,0.0776243
489,0.332177,0.00560433
495,0.330462,0.00368198
522,0.387304,0.0725498
498,0.331908,0.00691365
510,0.371112,0.0321918
546,0.405714,0.0817188
504,0.349637,0.0108113
537,0.402127,0.0794445
513,0.375706,0.0562022
525,0.391739,0.0758987
561,0.401779,0.00702339
519,0.381541,0.0727163
552,0.407875,0.064709
528,0.394865,0.077787
540,0.402989,0.077401
576,0.405714,0.0163173
543,0.405411,0.0818171
534,0.399277,0.0810452
567,0.398887,0.00393552
555,0.406081,0.063551
582,0.419447,0.023878
591,0.433263,0.0431885
558,0.404726,0.0584084
549,0.408121,0.0782752
570,0.392939,0.0109286
606,0.449338,0.0663135
573,0.398063,0.0100053
597,0.437073,0.0510709
564,0.400246,0.00920684
585,0.42434,0.0266631
621,0.479032,0.0455233
588,0.428514,0.0362862
612,0.461228,0.0809165
579,0.411913,0.0245175
600,0.4411,0.0580148
636,0.49941,0.0427079
603,0.44491,0.066953
627,0.490218,0.0430447
594,0.435159,0.0482214
651,0.508249,0.0110611
615,0.467407,0.0716378
618,0.471812,0.0594944
609,0.454878,0.068584
642,0.500204,0.0333497
630,0.494948,0.0452093
633,0.497589,0.0436351
666,0.528707,0.00528646
657,0.516242,0.0115379
624,0.48458,0.0430674
645,0.500587,0.021161
681,0.53665,0.00521456
648,0.504079,0.0119125
639,0.500621,0.0365473
672,0.530754,0.00542269
660,0.520521,0.0143306
696,0.538977,0.0050632
687,0.53934,0.00504049
654,0.512454,0.0139787
663,0.525278,0.0132635
702,0.541274,0.00511996
711,0.543499,0.00648604
669,0.531707,0.00547945
675,0.532332,0.00637251
678,0.534837,0.00687202
684,0.538235,0.00573299
717,0.545277,0.00722773
726,0.539011,0.00546053
690,0.540661,0.0049421
693,0.541781,0.00493075
699,0.541459,0.00502157
732,0.537713,0.00540755
741,0.533592,0.0071634
705,0.542182,0.00636494
714,0.544922,0.00726557
708,0.542723,0.00574813
747,0.528748,0.00749641
756,0.528165,0.00569893
720,0.537603,0.00622493
729,0.538258,0.0047037
723,0.539083,0.00752289
771,0.51721,0.00435177
735,0.535991,0.00556649
762,0.528483,0.00658064
744,0.533622,0.00735639
738,0.534443,0.00552865
786,0.520298,0.00510104
777,0.518826,0.00635359
753,0.528385,0.00559298
759,0.528604,0.00589949
750,0.528786,0.00517294
801,0.540695,0.0268486
792,0.526266,0.0127375
774,0.517994,0.00672065
768,0.525505,0.00773102
816,0.555112,0.00548324
765,0.527223,0.00787482
807,0.545372,0.0325626
783,0.520431,0.00788617
789,0.522758,0.00726557
831,0.569772,0.00837054
780,0.564898,0.00509725
822,0.520177,0.00490805
798,0.535878,0.0249792
804,0.544135,0.0291039
795,0.530326,0.0198517
837,0.567751,0.0074737
846,0.566881,0.00667903
819,0.557822,0.0078559
813,0.551135,0.00644441
810,0.547249,0.0064709
852,0.567903,0.00696662
828,0.569053,0.00742829
861,0.568917,0.00554757
867,0.569806,0.00654658
825,0.566461,0.00715583
834,0.568883,0.00759858
876,0.569591,0.00796942
840,0.567528,0.00844623
882,0.568974,0.00566488
843,0.567967,0.00736396
891,0.569118,0.00760615
897,0.57163,0.00624763
849,0.567801,0.00697041
855,0.568565,0.0067585
858,0.568728,0.00451828
906,0.567721,0.00539242
912,0.569564,0.00671687
864,0.569174,0.005873
873,0.569329,0.00606978
870,0.567297,0.00730341
921,0.561212,0.00818512
879,0.570809,0.00841217
927,0.560119,0.00619087
888,0.568917,0.00638386
936,0.560308,0.00522213
894,0.570067,0.00908953
885,0.56914,0.00436691
903,0.572304,0.00555135
942,0.566741,0.00424582
951,0.566525,0.00443881
909,0.569541,0.00737153
900,0.572902,0.00583516
957,0.564304,0.00389768
918,0.563332,0.0068758
924,0.560709,0.00564217
915,0.567241,0.00793158
966,0.566325,0.00782184
972,0.568228,0.00486642
939,0.563245,0.00407175
933,0.558518,0.00412094
987,0.569398,0.00529781
930,0.557311,0.00536593
981,0.568682,0.00720503
954,0.566253,0.00447287
948,0.567108,0.00437448
1002,0.564978,0.00420419
945,0.567051,0.00362522
996,0.56989,0.00614925
969,0.566469,0.00801105
963,0.565413,0.00608113
1017,0.562533,0.00486642
960,0.564754,0.00525619
984,0.569647,0.00746235
1011,0.564433,0.0108984
978,0.570877,0.00622493
1032,0.56175,0.00535836
999,0.56735,0.00483615
975,0.569632,0.00560433
1026,0.561776,0.00483993
993,0.569163,0.00474911
1047,0.56511,0.00489669
1014,0.564486,0.0106183
990,0.568978,0.00503671
1041,0.562344,0.0062552
1062,0.558915,0.00348899
1029,0.561708,0.00521456
1008,0.56167,0.00474911
1056,0.564145,0.00468856
1005,0.56161,0.00590328
1044,0.563892,0.00614546
1023,0.562261,0.00524862
1077,0.560577,0.00628169
1071,0.558586,0.00532809
1020,0.561943,0.0112957
1059,0.563926,0.00696662
1092,0.561564,0.0101302
1038,0.561901,0.0049913
1074,0.559494,0.00955498
1086,0.558938,0.00808673
1035,0.562132,0.00645576
1107,0.563441,0.00513888
1101,0.563267,0.0129948
1053,0.564274,0.00584273
1122,0.561303,0.00326951
1050,0.564573,0.0053735
1089,0.560316,0.00476425
1116,0.561807,0.00363279
1068,0.557951,0.00641035
1104,0.563941,0.00593733
1137,0.563922,0.0198706
1065,0.558726,0.00786725
1083,0.560879,0.00561568
1131,0.56508,0.0158934
1119,0.560456,0.00357981
1080,0.560179,0.00533565
1098,0.563789,0.00975933
1146,0.563979,0.0207372
1152,0.565106,0.00972149
1134,0.564739,0.0188299
1095,0.563048,0.0052524
1167,0.564535,0.00603951
1149,0.564788,0.012272
1113,0.561159,0.00485507
1161,0.562374,0.00765912
1110,0.563653,0.00466964
1164,0.565152,0.00607356
1176,0.561054,0.0037955
1182,0.558439,0.00311814
1128,0.564387,0.00827216
1125,0.561788,0.00345493
1197,0.557428,0.00837433
1191,0.556706,0.00416257
1179,0.559756,0.00368955
1143,0.563222,0.0187164
1140,0.563566,0.0211421
1212,0.554893,0.00737153
1194,0.556853,0.00440097
1158,0.564187,0.00935442
1206,0.556974,0.00510482
1155,0.563612,0.00985393
1209,0.557519,0.00526754
1173,0.562,0.00473019
1227,0.556758,0.00465829
1221,0.556724,0.00742451
1170,0.562189,0.00412473
1224,0.557012,0.00519186
1188,0.557716,0.00741694
1185,0.559578,0.00507455
1242,0.559563,0.00555514
1236,0.556857,0.0152993
1239,0.557807,0.00658442
1203,0.556933,0.00495724
1200,0.557406,0.00566866
1257,0.557784,0.0084046
1215,0.555748,0.00375009
1218,0.555873,0.00294785
1254,0.557383,0.00899871
1251,0.559021,0.00851813
1272,0.558284,0.0124158
1230,0.558242,0.00493075
1269,0.556948,0.00532052
1233,0.558836,0.0036063
1287,0.556198,0.0166654
1245,0.559979,0.00766291
1266,0.55638,0.0127148
1284,0.558121,0.00570272
1248,0.559021,0.00641414
1260,0.55736,0.00852948
1302,0.561761,0.0161848
1275,0.558299,0.00778778
1299,0.562314,0.00932793
1281,0.558893,0.0102815
1263,0.556183,0.00330735
1317,0.555154,0.0148944
1314,0.556592,0.0140014
1290,0.558575,0.00445395
1278,0.558601,0.00844623
1296,0.559983,0.00563839
1332,0.554738,0.00324302
1293,0.559256,0.00615682
1329,0.554269,0.00343979
1311,0.557232,0.00603951
1305,0.561038,0.0167524
1344,0.556645,0.00389389
1347,0.558802,0.00550973
1308,0.56066,0.00496859
1320,0.555498,0.00365549
1326,0.554931,0.00356089
1359,0.564527,0.0178763
1335,0.554779,0.00354575
1323,0.555816,0.00390903
1362,0.562662,0.0244721
1341,0.555578,0.00678877
1374,0.560792,0.0294104
1350,0.559358,0.00493453
1338,0.554673,0.00380686
1356,0.563248,0.0110686
1389,0.551381,0.0127791
1377,0.558575,0.0273708
1365,0.564206,0.0246197
1404,0.549561,0.00421555
1371,0.562548,0.0295921
1353,0.56108,0.00561568
1392,0.551854,0.0124574
1419,0.54527,0.0111065
1368,0.56251,0.0273178
1386,0.549939,0.0193257
1380,0.557012,0.0202339
1434,0.557519,0.0103232
1407,0.548944,0.00531295
1383,0.55557,0.0205707
1401,0.550602,0.00775751
1449,0.569662,0.0628888
1422,0.547014,0.00576326
1395,0.551888,0.00811701
1416,0.544191,0.00792401
1464,0.570457,0.231117
1398,0.55039,0.00989934
1437,0.556312,0.0128358
1410,0.548676,0.0091463
1431,0.554564,0.0174185
1413,0.542383,0.00971392
1479,0.555623,0.295433
1425,0.548694,0.00725422
1452,0.570616,0.0926323
1446,0.567706,0.0217135
1428,0.550564,0.00452206
1494,0.51995,0.388791
1467,0.569299,0.210879
1443,0.56522,0.0303224
1440,0.560236,0.00711042
1461,0.569613,0.20996
1509,0.491523,0.402501
1458,0.573015,0.179865
1482,0.550867,0.344085
1476,0.563892,0.256641
1455,0.571812,0.126599
1524,0.451347,0.552868
1497,0.514486,0.396265
1473,0.564384,0.270037
1491,0.528816,0.375229
1470,0.566881,0.246447
1539,0.441228,0.574287
1512,0.477503,0.450458
1506,0.498456,0.40064
1488,0.534599,0.37132
1485,0.545921,0.371097
1527,0.448119,0.569352
1554,0.437913,0.606304
1503,0.502142,0.377636
1521,0.457406,0.542049
1569,0.458439,0.637198
1500,0.508121,0.392958
1542,0.439877,0.590161
1536,0.440876,0.573204
1518,0.462866,0.503633
1557,0.441296,0.622092
1584,0.475793,0.616242
1515,0.472342,0.485412
1551,0.438356,0.602581
1533,0.447461,0.59793
1599,0.482646,0.653905
1572,0.457477,0.632661
1530,0.45028,0.581526
1548,0.441001,0.596265
1566,0.456653,0.628298
1587,0.473901,0.612832
1614,0.496912,0.666832
1545,0.440982,0.5892
1581,0.473337,0.638333
1563,0.452176,0.635832
1629,0.452902,0.589885
1560,0.445834,0.641262
1602,0.495853,0.658787
1596,0.475028,0.635329
1644,0.434167,0.531166
1578,0.465878,0.631299
1575,0.459911,0.635212
1611,0.499247,0.679028
1659,0.419023,0.524154
1617,0.4845,0.639087
1590,0.472618,0.608477
1593,0.471036,0.620272
1674,0.412847,0.591122
1626,0.457587,0.592999
1605,0.503277,0.678869
1632,0.452282,0.584213
1620,0.468459,0.640487
1689,0.427503,0.554079
1608,0.506883,0.676803
1641,0.438617,0.5446
1623,0.461841,0.600079
1647,0.428196,0.573874
1704,0.474056,0.556804
1656,0.419973,0.540752
1635,0.45157,0.563748
1638,0.448676,0.501907
1662,0.41105,0.548611
1650,0.425679,0.585563
1719,0.440797,0.582453
1671,0.414153,0.55725
1653,0.422024,0.574658
1677,0.411095,0.605529
1665,0.411163,0.562246
1668,0.414081,0.590661
1686,0.415489,0.565072
1734,0.40327,0.539998
1692,0.437637,0.579009
1683,0.416828,0.586816
1749,0.370393,0.505449
1701,0.468527,0.575452
1680,0.413589,0.602376
1707,0.473488,0.556467
1764,0.341735,0.494994
1698,0.459354,0.584863
1695,0.449266,0.579683
1716,0.449902,0.615655
1722,0.434383,0.557886
1779,0.330145,0.501956
1731,0.409816,0.545198
1710,0.458132,0.583951
1737,0.404431,0.543215
1713,0.450715,0.59765
1794,0.287546,0.41805
1746,0.383024,0.53279
1725,0.43092,0.553512
1728,0.424824,0.542367
1752,0.367801,0.53562
1809,0.25641,0.451169
1761,0.348396,0.501922
1740,0.399936,0.528237
1824,0.220783,0.421956
1743,0.394861,0.510229
1767,0.338788,0.528797
1776,0.339715,0.523863
1755,0.366018,0.532782
1758,0.358787,0.531189
1782,0.325611,0.487194
1839,0.218803,0.463157
1770,0.34275,0.526364
1791,0.303871,0.433323
1797,0.272258,0.431518
1854,0.145398,0.286718
1773,0.346012,0.518781
1806,0.260656,0.462223
1785,0.320336,0.483596
1869,0.154155,0.231598
1812,0.235953,0.472712
1788,0.310641,0.465095
1821,0.221237,0.429047
1800,0.269795,0.435049
1803,0.264565,0.463948
1815,0.229637,0.444505
1884,0.2265,0.330209
1827,0.224654,0.426678
1836,0.224237,0.467812
1818,0.22255,0.42848
1830,0.231004,0.424132
1899,0.323503,0.405351
1842,0.211576,0.445788
1851,0.167479,0.32574
1833,0.228635,0.473454
1845,0.204299,0.413683
1857,0.140233,0.258828
1914,0.346942,0.481696
1866,0.134523,0.23134
1848,0.191115,0.336029
1860,0.140956,0.240876
1872,0.173102,0.263918
1881,0.207553,0.357447
1929,0.265685,0.310138
1863,0.138837,0.226955
1875,0.176417,0.295531
1896,0.307027,0.362817
1887,0.247548,0.333789
1878,0.187781,0.341096
1944,0.19768,0.298906
1890,0.272516,0.358794
1911,0.369802,0.44289
1893,0.293976,0.35803
1959,0.0918679,0.148532
1902,0.35333,0.396034
1905,0.376133,0.354991
1908,0.38696,0.375619
1974,0.00161962,0.00999395
1917,0.325282,0.40498
1926,0.287179,0.36307
1920,0.310043,0.386911
1923,0.301063,0.331541
1989,0.00417014,0.0134186
1941,0.206202,0.266446
1932,0.243711,0.325657
1938,0.214633,0.309892
1935,0.228487,0.307315
1947,0.184576,0.312223
1956,0.116987,0.181261
1953,0.145709,0.256043
2004,0.0342806,0.0291115
1962,0.0652009,0.140063
1950,0.172277,0.267846
1968,0.0255733,0.043321
1971,0.0103194,0.0223908
2019,0.235397,0.165901
1965,0.0449444,0.0783357
1977,0.00205858,0.0139181
1983,0.00236888,0.0105956
1986,0.00413229,0.0143646
2034,0.311924,0.197453
1992,0.00368955,0.0105616
1980,0.00248619,0.0116741
1998,0.00321653,0.0132748
2001,0.00707258,0.0151215
2049,0.191599,0.197745
2013,0.150515,0.107163
2007,0.0692916,0.0565655
1995,0.00359494,0.0115568
2016,0.191879,0.136082
2064,0.102535,0.18503
2010,0.106819,0.0798834
2022,0.269008,0.195803
2028,0.322834,0.254454
2031,0.330633,0.194608
2043,0.240649,0.139677
2025,0.30179,0.214599
2079,0.00852948,0.0142019
2037,0.289374,0.25579
2040,0.265451,0.219481
2046,0.215224,0.135352
2094,0.00784455,0.0119163
2058,0.139647,0.111235
2052,0.170404,0.198221
2109,0.0300159,0.0693257
2073,0.0358359,0.0668887
2061,0.129138,0.143669
2067,0.0797926,0.120741
2055,0.15165,0.192901
2088,0.00823053,0.0161432
2082,0.00770453,0.010641
2124,0.102823,0.210168
2076,0.0194392,0.028665
2070,0.0564028,0.0739537
2103,0.0148679,0.0342882
2097,0.00927874,0.0153637
2091,0.00798834,0.0110346
2085,0.0073791,0.0136229
2139,0.177026,0.28956
2118,0.0612011,0.139783
2112,0.0405775,0.0777757
2106,0.0224703,0.0530689
2154,0.202017,0.288008
2100,0.00944903,0.0144895
2127,0.128139,0.240305
2133,0.15719,0.287062
2121,0.0766518,0.184307
2169,0.213623,0.318493
2115,0.0507039,0.120726
2142,0.184466,0.29818
2148,0.192776,0.287387
2136,0.16981,0.283565
2184,0.121751,0.182922
2157,0.219662,0.309858
2130,0.143862,0.276239
2163,0.221585,0.314936
2151,0.196061,0.279955
2172,0.200821,0.292943
2145,0.189862,0.290316
2199,0.0307387,0.0838833
2178,0.160985,0.251264
2166,0.218626,0.290169
2214,0.00538863,0.0171649
2187,0.102089,0.178044
2193,0.0591804,0.0733293
2160,0.224998,0.327583
2202,0.0227011,0.0650231
2181,0.142519,0.203864
2229,0.00507455,0.0147506
2208,0.00925604,0.0348407
2217,0.00507455,0.0142587
2196,0.0428555,0.0583895
2175,0.181159,0.276061
2223,0.00467343,0.0191819
2244,0.00517672,0.0144592
2238,0.00578218,0.0145917
2232,0.0051578,0.0142435
2211,0.00616438,0.0304359
2190,0.0806857,0.137009
2259,0.00935821,0.0140733
2226,0.00458639,0.00966094
2253,0.00831,0.0223795
2247,0.00595247,0.0174828
2274,0.055434,0.0907515
2205,0.0153107,0.0404185
2268,0.0227655,0.0432188
2241,0.00561947,0.0132559
2289,0.0707144,0.0997767
2262,0.00998638,0.0252403
2220,0.00481344,0.0144328
2283,0.0676758,0.124113
2304,0.0830205,0.157606
2277,0.0608567,0.078279
2256,0.00825702,0.029698
2235,0.00527132,0.021827
2298,0.0749981,0.121335
2292,0.0713615,0.102501
2319,0.0577651,0.103345
2250,0.0063271,0.0190797
2313,0.0681261,0.101082
2271,0.0412056,0.0512336
2307,0.0821161,0.124343
2265,0.0108302,0.013377
2334,0.0326345,0.103883
2322,0.0528608,0.0739083
2328,0.0379437,0.0881897
2280,0.0647733,0.119413
2286,0.0708507,0.0963332
2349,0.0154583,0.0429804
2337,0.0300121,0.0699122
2343,0.0226481,0.053735
2295,0.0726671,0.125687
2301,0.0818626,0.161148
2364,0.0121888,0.0274389
2352,0.0143041,0.0633694
2358,0.00905548,0.0447249
2310,0.0741315,0.14832
2379,0.0144025,0.0402558
2316,0.0616401,0.09488
2325,0.0446908,0.0932302
2367,0.0129607,0.0302505
2373,0.0134905,0.0544312
2394,0.0560887,0.0922236
2331,0.0383713,0.114482
2382,0.013044,0.0438735
2340,0.026595,0.0579392
2388,0.0474646,0.078226
2409,0.068338,0.109298
2346,0.0194884,0.0788542
2397,0.058011,0.116234
2403,0.0626996,0.140475
2355,0.0101567,0.0472565
2361,0.0117271,0.0504238
2424,0.0180201,0.0870733
2418,0.0491599,0.09695
2412,0.0691894,0.12865
2376,0.0135208,0.034345
2370,0.0129494,0.0369258
2433,0.00715962,0.0122682
2439,0.0413419,0.0433664
2427,0.00732233,0.0334027
2391,0.0528343,0.110649
2385,0.0239121,0.0429199
2448,0.0532203,0.112404
2454,0.0583857,0.0995421
2406,0.0645047,0.144479
2442,0.046265,0.0812003
2400,0.0604897,0.0773291
2463,0.0592901,0.0459585
2469,0.0345001,0.0735677
2421,0.0333914,0.0885529
2457,0.0610195,0.0862635
2415,0.0591841,0.0826686
2478,0.0133316,0.0495308
2484,0.015814,0.0227314
2472,0.0229168,0.0409672
2430,0.00134716,0.0164421
2436,0.0333422,0.0405018
2493,0.020162,0.0268978
2499,0.0223454,0.0290017
2487,0.0177931,0.0271059
2445,0.0500114,0.0646447
2451,0.0556497,0.116525
2508,0.0260236,0.0504957
2514,0.0539166,0.0724249
2466,0.0466662,0.0679974
2460,0.0631007,0.0499319
2523,0.0609324,0.112113
2502,0.0227238,0.0159313
2529,0.0668016,0.114455
2517,0.0552827,0.130584
2481,0.0137062,0.0383864
2475,0.0131045,0.04695
2538,0.0721032,0.162386
2544,0.0780708,0.161958
2496,0.0209264,0.0184515
2532,0.0690873,0.113914
2553,0.0641944,0.186827
2490,0.0188754,0.0420457
2559,0.0375993,0.120351
2568,0.00638386,0.0281125
2511,0.0375842,0.0502725
2547,0.079944,0.192734
2505,0.0246765,0.0274692
2583,0.00617574,0.00899493
2574,0.00600545,0.00908575
2562,0.0247559,0.0586771
2526,0.0634905,0.1122
2589,0.00630061,0.00977825
2520,0.0566601,0.140297
2598,0.0067585,0.0102399
2577,0.00590328,0.00966472
2541,0.0737304,0.16922
2604,0.00645576,0.00911602
2613,0.00712934,0.0089306
2535,0.0712707,0.140676
2556,0.0520926,0.174082
2619,0.00640279,0.00884735
2628,0.0282449,0.0276357
2592,0.00613411,0.00981231
2571,0.00566109,0.0157572
2643,0.0916824,0.137134
2550,0.0728979,0.199966
2607,0.00662227,0.0108075
2634,0.0434875,0.0577348
2586,0.00681904,0.00915008
2658,0.158094,0.268243
2622,0.00635359,0.00901385
2649,0.135011,0.199815
2565,0.0125331,0.0405434
2601,0.00660713,0.00980095
2673,0.140695,0.361038
2664,0.159949,0.266264
2637,0.0494627,0.068232
2616,0.0070688,0.0087868
2580,0.0063044,0.00884735
2688,0.123704,0.298997
2679,0.136786,0.362314
2652,0.144668,0.248687
2595,0.0067812,0.009695
2703,0.0483009,0.136438
2631,0.0389919,0.0542685
2694,0.0943805,0.230988
2610,0.00648604,0.0105994
2667,0.152214,0.339098
2718,0.0399909,0.0802127
2646,0.113687,0.172527
2709,0.0398093,0.0851926
2625,0.0102588,0.0111405
2733,0.0641452,0.0639332
2682,0.126746,0.339079
2724,0.0414857,0.075509
2640,0.0683304,0.104632
2661,0.164626,0.288659
2748,0.0909937,0.07258
2697,0.0761863,0.223655
2655,0.150651,0.26346
2739,0.0803867,0.059309
2712,0.0391849,0.0868955
2676,0.138999,0.355971
2763,0.102183,0.101983
2670,0.146125,0.360471
2754,0.0959207,0.0831303
2727,0.0423901,0.073791
2691,0.108378,0.298142
2778,0.112181,0.121713
2685,0.125725,0.327814
2769,0.104696,0.115579
2706,0.0410353,0.0978998
2793,0.11673,0.0775865
2742,0.0831492,0.065129
2700,0.0602248,0.166855
2721,0.0405093,0.0760425
2784,0.114868,0.112934
2808,0.119416,0.0138349
2715,0.0403958,0.0829448
2757,0.098808,0.0892379
2736,0.0762734,0.0545069
2730,0.0525808,0.0766139
2823,0.121146,0.0097669
2799,0.116317,0.0120185
2772,0.106183,0.133774
2745,0.0861727,0.0625482
2751,0.0941724,0.070302
2787,0.113929,0.109604
2814,0.117672,0.00922198
2838,0.124215,0.00902899
2760,0.100628,0.0933891
2766,0.103667,0.105139
2802,0.117653,0.0127299
2829,0.121925,0.0109173
2853,0.123284,0.0106448
2775,0.110134,0.132302
2781,0.114792,0.117157
2817,0.118081,0.0129948
2868,0.121975,0.012185
2844,0.122217,0.00928631
2796,0.116518,0.023791
2790,0.115027,0.104129
2832,0.123106,0.0141111
2883,0.127568,0.0358359
2811,0.117222,0.0132143
2847,0.12258,0.0131991
2826,0.121691,0.0101415
2859,0.123382,0.01385
2898,0.129369,0.0383221
2805,0.118281,0.0144063
2862,0.120669,0.0135851
2874,0.12457,0.00977825
2913,0.126648,0.00949822
2820,0.118811,0.0336714
2841,0.122947,0.00849542
2877,0.124692,0.0118633
2889,0.129535,0.038394
2835,0.124483,0.0103686
2928,0.126292,0.0291455
2856,0.123072,0.00968364
2904,0.127409,0.0351888
2943,0.134568,0.023352
2892,0.131734,0.0453493
2850,0.123061,0.0104972
2871,0.123167,0.0145084
2919,0.125384,0.0348785
2907,0.127526,0.0331908
2865,0.121267,0.0142246
2958,0.16925,0.0688375
2886,0.127639,0.0208923
2922,0.125626,0.0306933
2934,0.132858,0.0333005
2880,0.125104,0.0252252
2901,0.128495,0.03906
2973,0.200375,0.120158
2949,0.150269,0.037289
2937,0.130383,0.0313403
2916,0.126629,0.0313252
2895,0.129471,0.0391773
2988,0.228517,0.148944
2964,0.179899,0.0871339
2931,0.130485,0.0309619
2952,0.157826,0.0466927
2910,0.128839,0.0313479
3003,0.294517,0.228824
2979,0.212806,0.135064
2946,0.141194,0.0223492
2967,0.186071,0.0977409
2925,0.126833,0.0228903
3018,0.340335,0.131011
2994,0.262507,0.16606
2961,0.171362,0.0774919
2940,0.131026,0.0163324
2982,0.218289,0.13942
3009,0.310073,0.253402
3033,0.353546,0.120351
2955,0.161428,0.0629645
3024,0.352902,0.0977674
2976,0.206921,0.128305
2997,0.274968,0.176114
3048,0.350223,0.12219
2991,0.245569,0.156679
2970,0.193204,0.110736
3039,0.350212,0.127216
3012,0.320631,0.213858
3063,0.368883,0.0740823
3006,0.302104,0.230186
2985,0.225781,0.144555
3027,0.355279,0.0997275
3054,0.352789,0.122557
3021,0.346276,0.103239
3078,0.396795,0.0807046
3042,0.3512,0.125244
3069,0.387001,0.0823848
3000,0.288398,0.189541
3093,0.403224,0.113895
3036,0.346734,0.138746
3084,0.401854,0.0964921
3015,0.332392,0.177711
3057,0.355862,0.0684667
3108,0.39986,0.0787633
3051,0.351597,0.12876
3099,0.408348,0.140305
3030,0.354836,0.103292
3123,0.380398,0.00490426
3072,0.391724,0.0753462
3066,0.376807,0.0724097
3114,0.389431,0.0575683
3138,0.382362,0.035098
3045,0.351797,0.120453
3087,0.395209,0.104639
3129,0.381352,0.00370847
3153,0.394055,0.0157496
3060,0.367895,0.0702793
3102,0.40915,0.1399
3081,0.397639,0.0772913
3168,0.395856,0.00507076
3144,0.388023,0.0460456
3075,0.393646,0.0725157
3117,0.385019,0.0255619
3096,0.40702,0.134489
3183,0.401351,0.00722773
3159,0.39773,0.00595626
3090,0.400367,0.122179
3132,0.382824,0.00748505
3111,0.391187,0.0770226
3198,0.421702,0.00891546
3174,0.397484,0.00532052
3126,0.37955,0.00582381
3147,0.390199,0.0466927
3105,0.406721,0.122879
3213,0.429399,0.00889654
3189,0.40803,0.0160562
3141,0.384826,0.0349996
3162,0.39544,0.00681526
3228,0.433346,0.00585787
3120,0.382479,0.0116363
3204,0.42837,0.00451071
3177,0.397673,0.00585408
3156,0.396382,0.00948308
3243,0.435995,0.00523727
3219,0.430474,0.00440097
3135,0.386684,0.0270113
3171,0.395913,0.00605464
3192,0.413858,0.00638386
3258,0.434489,0.00605843
3234,0.436142,0.00527889
3150,0.391251,0.0424014
3207,0.430406,0.00466586
3186,0.404477,0.0169908
3273,0.438867,0.00538106
3165,0.396375,0.00567623
3222,0.430338,0.00473019
3249,0.434436,0.0093355
3201,0.425123,0.0048702
3237,0.433376,0.00959283
3288,0.433183,0.010467
3180,0.40064,0.00486642
3264,0.433649,0.0103837
3216,0.430727,0.00420041
3303,0.434186,0.00946795
3252,0.43534,0.00420419
3195,0.4197,0.00712556
3279,0.439998,0.00664119
3231,0.434962,0.00788617
3318,0.427015,0.00805646
3267,0.435143,0.0162529
3210,0.433289,0.00434421
3294,0.435132,0.0102323
3333,0.426769,0.00490426
3246,0.435083,0.00531295
3282,0.439121,0.0097669
3225,0.432203,0.0056346
3309,0.433308,0.00516158
3348,0.426183,0.0171309
3261,0.431768,0.00865057
3297,0.43467,0.010414
3324,0.425108,0.00532809
3363,0.426807,0.0180466
3240,0.435809,0.00528646
3312,0.424272,0.00787482
3276,0.440036,0.00832513
3339,0.425657,0.0149777
3255,0.434576,0.00786347
3378,0.432824,0.00978582
3291,0.432797,0.0091463
3327,0.426981,0.00676606
3270,0.437168,0.00536593
3354,0.424726,0.0125823
3393,0.430826,0.00429501
3306,0.434152,0.00432529
3342,0.427462,0.00645955
3369,0.430481,0.00538106
3285,0.439775,0.0048475
3408,0.436214,0.00422311
3321,0.425607,0.00571407
3357,0.426697,0.00872625
3423,0.435995,0.00490805
3384,0.43355,0.00514645
3300,0.434996,0.00614168
3372,0.431314,0.0102702
3336,0.423761,0.00541512
3438,0.439601,0.0056838
3399,0.431333,0.00471505
3387,0.42913,0.00620223
3351,0.42538,0.0107243
3315,0.427219,0.00528268
3453,0.441304,0.00508968
3414,0.433316,0.00585787
3402,0.432952,0.00497616
3366,0.428862,0.00934686
3468,0.442787,0.00388632
3330,0.427719,0.00735639
3417,0.43436,0.00554757
3429,0.435904,0.00553243
3483,0.436574,0.00446908
3381,0.433085,0.00695906
3345,0.427397,0.00829486
3432,0.436188,0.00563839
3444,0.440165,0.00528268
3396,0.430742,0.00525997
3498,0.43531,0.00548702
3447,0.440339,0.00684175
3360,0.42837,0.00978582
3459,0.441391,0.00505184
3411,0.431654,0.00662605
3513,0.434549,0.00509725
3375,0.432423,0.00835919
3426,0.435446,0.00607735
3462,0.440672,0.00483236
3474,0.43707,0.0051578
3528,0.435647,0.00441611
3477,0.436744,0.00500265
3489,0.434341,0.0049913
3390,0.430871,0.00426852
3441,0.439976,0.00554378
3543,0.432044,0.00499508
3405,0.435113,0.00497238
3456,0.441471,0.00536971
3558,0.440948,0.00471884
3492,0.433993,0.00510861
3504,0.435215,0.00510482
3420,0.435586,0.00527132
3471,0.439438,0.00572921
3573,0.437421,0.00518429
3519,0.435268,0.00447665
3507,0.43517,0.00509725
3435,0.437281,0.00540377
3534,0.435613,0.00513131
3588,0.441804,0.00573677
3486,0.432854,0.00507455
3522,0.435159,0.00396958
3450,0.440562,0.0050859
3501,0.435756,0.00531673
3603,0.433085,0.00545675
3537,0.430739,0.00559676
3549,0.436491,0.00550594
3465,0.442636,0.00443881
3516,0.435299,0.00452585
3564,0.438273,0.00496859
3552,0.438209,0.00470749
3480,0.436335,0.00461667
3618,0.439064,0.00730341
3579,0.439128,0.00529024
3531,0.435923,0.00497994
3495,0.434625,0.00582003
3567,0.437452,0.00551729
3594,0.440604,0.00607356
3633,0.440146,0.0203133
3546,0.434409,0.00491561
3582,0.440453,0.00469235
3510,0.434818,0.0052524
3609,0.434905,0.00541134
3561,0.438394,0.00531295
3648,0.435003,0.0143003
3597,0.435893,0.0067093
3525,0.435465,0.00451449
3624,0.442193,0.00638765
3612,0.436506,0.0104102
3576,0.437811,0.00482858
3663,0.438016,0.0126239
3540,0.431564,0.00492697
3639,0.438197,0.0178725
3591,0.442106,0.0058011
3678,0.434088,0.00632332
3627,0.440074,0.0152766
3555,0.438447,0.00483615
3642,0.437236,0.0182434
3606,0.433989,0.00507455
3654,0.437126,0.0124612
3693,0.4404,0.00524862
3657,0.437773,0.0131688
3570,0.436078,0.0054681
3621,0.440759,0.00630061
3708,0.437138,0.00295542
3669,0.436843,0.00910845
3585,0.44127,0.00469235
3684,0.439378,0.00454098
3672,0.433331,0.0107281
3723,0.43875,0.00563839
3636,0.438863,0.0118671
3600,0.434167,0.00667524
3738,0.438829,0.00687202
3687,0.440831,0.00589192
3615,0.437281,0.00676228
3699,0.435874,0.00310679
3651,0.436112,0.0130705
3630,0.439964,0.018391
3702,0.4352,0.00216075
3753,0.435389,0.00676228
3714,0.438663,0.00502914
3666,0.437777,0.00941875
3729,0.439018,0.00590706
3768,0.42966,0.00845001
3681,0.43699,0.00811322
3645,0.433743,0.0136646
3717,0.439253,0.00768183
3744,0.437573,0.0067093
3660,0.437777,0.0100394
3732,0.439287,0.00549837
3696,0.43699,0.00512753
3759,0.434739,0.00743207
3783,0.439669,0.00550216
3675,0.431601,0.00745478
3774,0.428298,0.00651253
3747,0.435007,0.00853326
3798,0.44639,0.00543026
3711,0.437569,0.00543026
3690,0.440967,0.00633467
3789,0.446284,0.00614546
3762,0.434406,0.00538863
3813,0.454234,0.00562703
3726,0.438799,0.00593733
3804,0.451026,0.00547567
3705,0.436131,0.00251646
3741,0.438159,0.00823431
3777,0.42977,0.00652388
3828,0.470397,0.00755695
3819,0.457035,0.00511617
3720,0.438016,0.00303111
3792,0.448131,0.00563082
3756,0.434489,0.00721259
3843,0.472523,0.00634224
3735,0.438523,0.00711421
3834,0.472414,0.0076175
3807,0.45249,0.00550973
3858,0.471975,0.00434799
3771,0.425422,0.00819647
3750,0.435015,0.00614168
3849,0.470453,0.00641414
3822,0.467312,0.0048475
3765,0.432763,0.00960796
3786,0.443079,0.00578975
3873,0.468932,0.00659578
3864,0.470752,0.00477182
3780,0.43523,0.00520321
3837,0.472508,0.00677363
3801,0.449398,0.00650874
3888,0.470851,0.00542269
3879,0.468505,0.011519
3795,0.443764,0.00633089
3852,0.471203,0.00434421
3903,0.465632,0.0101945
3816,0.455298,0.00585787
3831,0.471479,0.0087868
3894,0.468716,0.00552108
3810,0.452585,0.0056119
3918,0.470654,0.00620223
3867,0.469451,0.00589571
3846,0.469818,0.00719367
3909,0.469848,0.0117725
3825,0.468682,0.00591841
3933,0.465977,0.00669416
3861,0.471816,0.00507833
3882,0.468493,0.00481344
3924,0.466745,0.00538485
3840,0.472485,0.00462423
3948,0.467812,0.00544918
3876,0.469038,0.00558919
3897,0.464993,0.00744721
3855,0.471982,0.00440097
3939,0.468766,0.00691743
3963,0.466117,0.00628548
3912,0.471312,0.00560054
3891,0.470404,0.00678877
3870,0.46665,0.00765156
3954,0.468077,0.00560054
3927,0.467437,0.0076402
3906,0.467884,0.00560433
3978,0.464346,0.00516537
3969,0.46942,0.00572164
3885,0.470836,0.0120223
3942,0.466117,0.00818134
3921,0.466567,0.00543026
3993,0.466809,0.00510104
3984,0.458056,0.0084538
3957,0.467233,0.00640657
3900,0.461443,0.00963445
3936,0.467445,0.0063271
4008,0.465769,0.00519564
3999,0.465182,0.00425339
3972,0.465814,0.00516158
3915,0.471539,0.00574434
3951,0.468111,0.00573677
4023,0.465375,0.00506698
3987,0.461655,0.0070196
4014,0.465076,0.00504049
3930,0.46416,0.00773102
3966,0.468444,0.00532052
4038,0.466756,0.00680012
4029,0.467986,0.00531673
4002,0.464743,0.00560811
3945,0.466412,0.00660713
3981,0.462624,0.00641414
4044,0.467369,0.0063044
4053,0.46525,0.00542269
4017,0.465988,0.00508212
3960,0.467203,0.00533944
4059,0.4655,0.00544161
3996,0.463672,0.00396579
4032,0.46732,0.00607356
4068,0.462537,0.00566109
3975,0.465409,0.00521078
4074,0.466582,0.00612654
4047,0.465405,0.00586165
4011,0.465095,0.00526376
3990,0.465144,0.0116514
4083,0.467653,0.00562703
4062,0.46606,0.00429123
4089,0.465753,0.00543783
4026,0.467116,0.0043215
4005,0.465625,0.00646333
4098,0.461152,0.00595626
4077,0.467104,0.00478695
4104,0.462329,0.00665254
4041,0.46707,0.00603951
4113,0.465716,0.00613033
4020,0.463199,0.00840082
4092,0.466211,0.00628926
4056,0.465254,0.00477182
4128,0.465322,0.00493453
4119,0.46374,0.00771967
4035,0.467755,0.00548702
4107,0.464122,0.00576705
4071,0.465666,0.00664497
4134,0.465943,0.00594869
4050,0.465148,0.00457126
4086,0.466836,0.0060168
4122,0.46178,0.00527511
4143,0.47059,0.00687959
4065,0.464641,0.00497994
4149,0.4758,0.0075456
4137,0.46726,0.00656929
4101,0.461496,0.00695527
4158,0.48576,0.0195338
4080,0.468001,0.00581624
4164,0.486748,0.0372436
4116,0.464565,0.00561947
4173,0.50459,0.07244
4152,0.480092,0.0100658
4095,0.460142,0.0076175
4131,0.466071,0.00602815
4179,0.515761,0.104159
4188,0.509351,0.117176
4110,0.465405,0.00528646
4167,0.489548,0.0421252
4194,0.504745,0.137247
4203,0.503217,0.163725
4182,0.516208,0.111595
4146,0.469061,0.00829865
4125,0.465685,0.00474911
4209,0.503251,0.23931
4218,0.491751,0.455502
4197,0.497412,0.156005
4161,0.485685,0.0238477
4140,0.466344,0.00786347
4224,0.466435,0.514565
4233,0.439665,0.523204
4176,0.510509,0.0920949
4212,0.499746,0.282199
4155,0.484799,0.0133126
4239,0.427666,0.505616
4248,0.394914,0.546795
4227,0.456232,0.531889
4191,0.506728,0.120957
4170,0.49706,0.0372588
4263,0.409638,0.635541
4206,0.504628,0.157863
4254,0.398131,0.559691
4242,0.415799,0.506191
4185,0.514455,0.112806
4278,0.41771,0.6174
4221,0.47904,0.507845
4269,0.416245,0.621857
4200,0.497162,0.164357
4257,0.403447,0.5566
4293,0.421736,0.647207
4236,0.432199,0.518232
4284,0.417729,0.65509
4215,0.497275,0.345822
4272,0.412843,0.613816
4299,0.427624,0.664168
4308,0.455688,0.693559
4251,0.391236,0.556365
4287,0.420241,0.641535
4230,0.447983,0.530913
4314,0.482676,0.724014
4323,0.493139,0.676228
4266,0.413941,0.619239
4329,0.474026,0.677935
4245,0.393272,0.530496
4302,0.439151,0.68657
4281,0.417861,0.633516
4260,0.409453,0.623799
4338,0.454579,0.65162
4344,0.458208,0.673326
4317,0.496121,0.721971
4296,0.416559,0.66024
4275,0.419087,0.619606
4353,0.475486,0.648097
4332,0.465492,0.68215
4359,0.469382,0.652785
4311,0.467437,0.71248
4290,0.421309,0.630228
4374,0.462034,0.548483
4368,0.463298,0.596954
4326,0.485037,0.682676
4347,0.458514,0.66077
4305,0.452573,0.707466
4341,0.454129,0.665557
4383,0.448081,0.555146
4362,0.465822,0.642443
4389,0.426561,0.530303
4320,0.491997,0.660565
4356,0.47552,0.650692
4398,0.407553,0.549073
4404,0.392208,0.5549
4335,0.45711,0.675842
4377,0.458677,0.577844
4371,0.461106,0.563929
4413,0.367449,0.494195
4350,0.46721,0.643908
4419,0.361875,0.518069
4428,0.362745,0.534186
4386,0.438909,0.503186
4392,0.41844,0.538277
4365,0.465999,0.622569
4443,0.4303,0.575448
4401,0.400314,0.553213
4407,0.384844,0.507689
4434,0.39091,0.539919
4380,0.454723,0.573462
4458,0.498755,0.576883
4422,0.354185,0.433849
4416,0.362893,0.498146
4449,0.463074,0.568626
4395,0.41321,0.529626
4473,0.483089,0.563298
4431,0.376531,0.531636
4410,0.376289,0.50232
4437,0.406478,0.565031
4464,0.498456,0.607061
4488,0.429486,0.51763
4452,0.476061,0.577219
4425,0.357765,0.494706
4446,0.439438,0.577602
4503,0.422383,0.485946
4479,0.466185,0.531583
4440,0.419802,0.553432
4467,0.498354,0.563063
4461,0.504163,0.5925
4518,0.39919,0.55154
4494,0.420677,0.504726
4482,0.456558,0.528536
4455,0.48447,0.588485
4533,0.432177,0.583441
4476,0.475649,0.560751
4509,0.417256,0.536827
4497,0.416934,0.480315
4548,0.368054,0.511735
4491,0.424374,0.519409
4470,0.487656,0.543522
4524,0.408885,0.514743
4512,0.413343,0.553107
4563,0.372421,0.598645
4539,0.405181,0.561091
4485,0.441073,0.506198
4527,0.423238,0.53951
4506,0.421778,0.510353
4578,0.391633,0.632669
4554,0.350295,0.537183
4542,0.392383,0.557973
4521,0.395149,0.522444
4500,0.417929,0.458272
4593,0.387138,0.596292
4557,0.354333,0.542261
4569,0.398263,0.631287
4608,0.346628,0.592413
4515,0.406846,0.564285
4584,0.380841,0.623053
4536,0.423348,0.546742
4572,0.398081,0.627859
4623,0.27104,0.486672
4530,0.432619,0.541368
4599,0.370854,0.56564
4587,0.383467,0.61284
4551,0.358548,0.513521
4545,0.374313,0.524654
4638,0.285268,0.506153
4614,0.318296,0.558128
4566,0.386362,0.603697
4602,0.360876,0.584371
4560,0.361311,0.585915
4629,0.257689,0.467104
4581,0.382415,0.621592
4653,0.312768,0.533422
4617,0.302395,0.541921
4575,0.395187,0.634697
4644,0.287561,0.533955
4596,0.375354,0.563328
4632,0.27678,0.466151
4668,0.275172,0.35551
4590,0.384508,0.605408
4683,0.211315,0.400503
4611,0.334069,0.580966
4659,0.29787,0.500083
4647,0.29583,0.534549
4605,0.354465,0.590229
4674,0.247253,0.419719
4698,0.208802,0.345735
4626,0.262363,0.461099
4620,0.282059,0.512719
4713,0.222773,0.37862
4662,0.282824,0.432109
4641,0.285635,0.528135
4689,0.216261,0.311742
4728,0.27619,0.429342
4677,0.234443,0.416068
4635,0.285469,0.487913
4656,0.307583,0.489578
4692,0.213839,0.402225
4704,0.224669,0.354337
4743,0.257417,0.36172
4650,0.308056,0.533441
4671,0.258707,0.352395
4758,0.19046,0.294415
4707,0.214966,0.373473
4719,0.255389,0.3669
4665,0.278578,0.424113
4686,0.208208,0.350745
4773,0.108435,0.261163
4722,0.26519,0.339272
4734,0.275172,0.44692
4680,0.220714,0.377492
4737,0.270291,0.452441
4701,0.208424,0.373454
4788,0.0234844,0.0875199
4695,0.214361,0.326058
4749,0.24113,0.366927
4752,0.228559,0.323681
4716,0.236411,0.36472
4764,0.155828,0.263725
4803,0.000851434,0.00799591
4710,0.214236,0.398623
4731,0.27613,0.445084
4779,0.0717854,0.195603
4725,0.274177,0.365269
4767,0.138144,0.305275
4818,0.00132067,0.0090252
4794,0.00795807,0.0245932
4746,0.24891,0.379929
4740,0.268372,0.443665
4782,0.0569401,0.163105
4833,0.0016953,0.0104821
4761,0.1676,0.286347
4755,0.209827,0.285972
4809,0.000635738,0.00805268
4848,0.00472641,0.0111746
4797,0.00206236,0.00784076
4776,0.0886135,0.219197
4824,0.0016726,0.010607
4770,0.120204,0.273322
4863,0.00449179,0.0134716
4791,0.0119882,0.0337963
4812,0.000949822,0.00841595
4785,0.0406645,0.137251
4839,0.00404904,0.0101037
4806,0.000700068,0.00759101
4878,0.00427609,0.0141262
4827,0.00190343,0.01122
4800,0.00116173,0.0100658
4821,0.00192613,0.0133618
4854,0.00462423,0.0103459
4893,0.00384091,0.00872625
4842,0.00417014,0.010327
4815,0.00117309,0.00879815
4869,0.00413986,0.00903655
4836,0.00335276,0.0117006
4908,0.00275865,0.00899871
4857,0.00451828,0.0144252
4884,0.00415121,0.0100242
4830,0.00175206,0.00999773
4851,0.00388254,0.0150231
4923,0.0370544,0.0561871
4899,0.00311814,0.00855218
4872,0.00465451,0.0116552
4845,0.00463937,0.0221259
4866,0.00394309,0.0200257
4938,0.1012,0.164399
4860,0.00435934,0.0240861
4914,0.00138878,0.0120941
4887,0.00431772,0.00899115
4881,0.00339817,0.0112238
4953,0.09737,0.1305
4902,0.00303867,0.00838946
4929,0.0689472,0.0999735
4875,0.00431015,0.026122
4896,0.00322788,0.00860516
4968,0.0608113,0.0851737
4917,0.00829108,0.0158064
4890,0.00389768,0.0172557
4944,0.110274,0.100965
4911,0.00192235,0.0138803
4983,0.0752289,0.162272
4926,0.0450882,0.0691857
4959,0.0848937,0.123197
4932,0.0907061,0.123473
4905,0.00280027,0.0113562
4974,0.0687467,0.147502
4941,0.105434,0.139268
4947,0.113483,0.123223
4998,0.0912056,0.185238
4920,0.0299289,0.0409407
4989,0.079331,0.131897
4956,0.0893211,0.12054
5013,0.0524521,0.202793
4962,0.0775032,0.149852
4935,0.0971997,0.197245
4977,0.0726822,0.125221
5028,0.00737531,0.0371566
4971,0.0646447,0.137134
5004,0.0824869,0.16044
4950,0.107235,0.1324
5043,0.0100583,0.0675433
4992,0.0825437,0.107504
5019,0.0186294,0.122519
4986,0.0782336,0.116374
4965,0.062219,0.109423
5034,0.00811701,0.0515893
5058,0.0557368,0.0757739
5007,0.0793083,0.202229
5001,0.0876485,0.174396
4980,0.0706161,0.166151
5049,0.0178347,0.0734655
5016,0.0336108,0.156055
4995,0.0857565,0.136392
5022,0.0143382,0.0954514
5073,0.172258,0.127155
5064,0.0920419,0.0864527
5031,0.00729963,0.0407818
5088,0.201763,0.183433
5010,0.0703209,0.240195
5037,0.00851056,0.043355
5079,0.204677,0.145716
5046,0.0117914,0.0506584
5103,0.156785,0.201642
5094,0.187512,0.191592
5025,0.0121925,0.0415916
5052,0.0299856,0.0910656
5118,0.0411527,0.0632748
5061,0.0749527,0.0806516
5109,0.119697,0.177484
5040,0.00903277,0.0641073
5067,0.114493,0.115152
5133,0.00114281,0.00799591
5124,0.00781427,0.00507076
5076,0.194672,0.137898
5082,0.204795,0.17059
5055,0.0406456,0.10834
5148,0.00150231,0.0125218
5091,0.196257,0.18388
5070,0.14838,0.124404
5139,0.00169908,0.00930145
5097,0.177666,0.170018
5106,0.145421,0.199198
5163,0.00229698,0.00872625
5112,0.090252,0.143079
5154,0.00135473,0.0106108
5121,0.0209793,0.0355218
5085,0.20386,0.176217
5178,0.0014796,0.0100242
5127,0.000980095,0.00431772
5169,0.00178234,0.00864679
5142,0.00153258,0.00963824
5193,0.000961175,0.0141338
5100,0.164191,0.158363
5136,0.00199425,0.0104443
5184,0.00142284,0.00896087
5157,0.00130553,0.0104632
5208,0,0.00929766
5151,0.00144176,0.0097896
5115,0.0633581,0.114198
5199,6.81147e-05,0.00974041
5223,0.00126012,0.0093355
5172,0.00166881,0.00904034
5166,0.00197533,0.0087149
5214,0.000136229,0.00959661
5130,0.00108227,0.00947552
5238,0.000919549,0.00890411
5187,0.00113525,0.0100621
5229,0.000946038,0.00990691
5181,0.0014569,0.0090971
5145,0.00146447,0.0097669
5253,0.000911981,0.00860895
5244,0.00089306,0.00899871
5202,5.29781e-05,0.0106335
5160,0.00259214,0.00914251
5268,0.0457201,0.0702452
5196,0.000162719,0.00882086
5259,0.0118747,0.018951
5217,0.000151366,0.0104935
5211,0.000113525,0.0100129
5175,0.00161583,0.00922198
5232,0.000915765,0.00936199
5283,0.055207,0.109305
5274,0.0504541,0.0858435
5226,0.00102929,0.0101377
5190,0.000968743,0.0132899
5289,0.0608075,0.125736
5247,0.000991448,0.00898358
5298,0.105646,0.189192
5241,0.000904412,0.00927117
5262,0.0306327,0.0323772
5205,0,0.00924468
5304,0.116612,0.170408
5256,0.000919549,0.00862408
5313,0.12468,0.0743699
5277,0.0521948,0.0963937
5220,0.00158556,0.00882464
5319,0.125187,0.104685
5328,0.126402,0.0811284
5271,0.0486566,0.0821842
5292,0.0790434,0.146999
5235,0.000930901,0.00914251
5334,0.149334,0.1061
5286,0.0565277,0.1317
5307,0.118535,0.159581
5343,0.156009,0.117668
5250,0.000919549,0.00827216
5349,0.157372,0.149395
5322,0.125131,0.0966245
5301,0.111682,0.181704
5358,0.190142,0.157466
5265,0.04211,0.0603497
5364,0.203235,0.173095
5337,0.153372,0.10417
5316,0.124832,0.081575
5280,0.0537009,0.096231
5373,0.211016,0.165121
5379,0.213926,0.176183
5352,0.162295,0.160312
5331,0.137429,0.0959964
5295,0.0960607,0.17594
5394,0.240729,0.149977
5388,0.223288,0.187932
5367,0.205468,0.152971
5346,0.156687,0.111417
5310,0.121626,0.140297
5403,0.243344,0.0727352
5409,0.246091,0.105816
5361,0.197888,0.152668
5382,0.213786,0.194823
5325,0.12546,0.0843223
5418,0.260785,0.115753
5376,0.212862,0.173405
5424,0.285764,0.123874
5397,0.24326,0.106694
5340,0.154265,0.108775
5433,0.306524,0.141535
5391,0.232612,0.155748
5439,0.335556,0.183982
5412,0.247287,0.109203
5355,0.175804,0.169167
5406,0.244248,0.105759
5454,0.362692,0.155279
5448,0.362128,0.14997
5427,0.291247,0.126905
5370,0.208889,0.155222
5469,0.344172,0.109521
5463,0.354586,0.143276
5421,0.273129,0.110573
5442,0.347029,0.160997
5484,0.336055,0.0726368
5385,0.213907,0.189563
5457,0.362018,0.149096
5436,0.321505,0.147487
5478,0.325634,0.0688564
5499,0.37303,0.100367
5400,0.242878,0.111606
5472,0.332347,0.0758306
5493,0.360736,0.092689
5415,0.250715,0.100443
5451,0.364459,0.149478
5514,0.385291,0.101309
5487,0.343469,0.0761485
5466,0.34941,0.12336
5508,0.385083,0.085185
5430,0.293896,0.134413
5529,0.405502,0.0507833
5502,0.379656,0.0854537
5481,0.330436,0.0693294
5523,0.391402,0.104609
5445,0.354613,0.159763
5517,0.38363,0.106096
5496,0.368592,0.101063
5544,0.428309,0.0760463
5460,0.359173,0.144316
5538,0.422054,0.0623817
5532,0.412291,0.0410164
5511,0.385647,0.0945924
5559,0.444941,0.0990767
5553,0.432638,0.0832286
5475,0.327314,0.0782714
5547,0.427231,0.0851169
5526,0.398119,0.069303
5574,0.49007,0.102463
5562,0.450121,0.107152
5568,0.47076,0.101041
5490,0.351381,0.0840574
5589,0.511863,0.0627488
5541,0.426928,0.0753652
5583,0.508374,0.110187
5604,0.501502,0.0506774
5577,0.501056,0.112855
5556,0.438303,0.0886248
5505,0.383789,0.0787028
5598,0.50481,0.0556422
5619,0.518819,0.0303981
5592,0.511394,0.0688451
5520,0.383066,0.1075
5571,0.478517,0.107739
5613,0.511636,0.0549459
5634,0.529804,0.0446227
5607,0.501771,0.0465072
5535,0.416537,0.0504011
5628,0.525089,0.0444032
5586,0.509211,0.08587
5649,0.533929,0.0106448
5622,0.52009,0.0211534
5643,0.529225,0.0400401
5550,0.429244,0.0864906
5601,0.502513,0.05291
5658,0.532956,0.00543026
5664,0.535034,0.00591085
5565,0.459634,0.11153
5637,0.530602,0.0490388
5616,0.514652,0.0476311
5673,0.53349,0.0071861
5580,0.505903,0.11819
5679,0.535469,0.0116665
5631,0.527617,0.0429653
5688,0.541641,0.013744
5652,0.534004,0.00842731
5694,0.541342,0.00774237
5595,0.506596,0.0603913
5646,0.532063,0.0212329
5703,0.542579,0.00498751
5667,0.535249,0.00624763
5709,0.54569,0.0063044
5610,0.506777,0.0456899
5682,0.537213,0.0121812
5718,0.553686,0.00615303
5661,0.533456,0.00644063
5724,0.562246,0.00550973
5625,0.52269,0.0230341
5697,0.537826,0.0084046
5676,0.535987,0.00589571
5733,0.56133,0.00458639
5640,0.528975,0.0454893
5712,0.547453,0.00779914
5691,0.542375,0.00857867
5655,0.53285,0.00641792
5727,0.561549,0.00511239
5706,0.543817,0.00531673
5670,0.531477,0.00548324
5721,0.561697,0.0061833
5685,0.539472,0.015515
5736,0.561939,0.00462045
5700,0.539756,0.00591463
5715,0.551438,0.00584273
5730,0.561231,0.00538485
Time(milisec),220842
