framenum,queue density,dynamic density
3,0.0658167,0.0418333
6,0.0739917,0.0222083
9,0.08605,0.0354667
12,0.09065,0.0221167
15,0.094425,0.0506417
18,0.0977417,0.0328583
21,0.100842,0.009175
24,0.103083,0.00795833
27,0.107933,0.0134667
30,0.111717,0.0421833
33,0.11405,0.0346917
36,0.115558,0.0345333
39,0.117883,0.113283
42,0.119342,0.1087
45,0.120942,0.096275
48,0.121192,0.0512917
51,0.121925,0.0216583
54,0.124792,0.0175583
57,0.1281,0.0112583
60,0.1307,0.0223083
63,0.129633,0.0171583
66,0.128592,0.0262833
69,0.12995,0.0267417
72,0.131025,0.0217583
75,0.133408,0.0222333
78,0.133725,0.0199667
81,0.139625,0.0196667
84,0.143442,0.0197917
87,0.154642,0.0260917
90,0.167292,0.0405417
93,0.173342,0.0581417
96,0.16995,0.0494583
99,0.173442,0.0396917
102,0.175092,0.0451
105,0.175575,0.0368
108,0.178583,0.033075
111,0.186967,0.045275
114,0.195617,0.0716333
117,0.203183,0.0744167
120,0.206383,0.0860583
123,0.20855,0.0669167
126,0.210258,0.0811167
129,0.212975,0.0877417
132,0.216958,0.0778833
135,0.218392,0.049075
138,0.22035,0.0512833
141,0.221775,0.065675
144,0.2218,0.0577167
147,0.2205,0.05315
150,0.221575,0.04495
153,0.220458,0.0249833
156,0.218817,0.0118333
159,0.2151,0.00548333
162,0.213383,3.33333e-05
165,0.210742,0.000233333
168,0.2089,0
171,0.205875,0
174,0.2039,0
177,0.20155,0
180,0.200392,0
183,0.199525,0
186,0.1981,0
189,0.197375,0
192,0.196642,0
195,0.195575,0
198,0.195867,0
201,0.195833,0.000516667
204,0.196533,0
207,0.195667,0
210,0.196067,0
213,0.196675,0
216,0.196358,0
219,0.196042,0
222,0.196233,0
225,0.195908,0
228,0.196483,0
231,0.196667,0
234,0.197867,0
237,0.197133,0.000266667
240,0.193617,0
243,0.194667,0.00261667
246,0.195592,0.000666667
249,0.195533,0.00143333
252,0.195008,0
255,0.1947,0.000258333
258,0.195317,0.00496667
261,0.195483,0.000266667
264,0.195025,0
267,0.195383,0
270,0.195058,0
273,0.194692,0
276,0.194933,0
279,0.196742,0.005575
282,0.199525,0.000475
285,0.203908,0.0123417
288,0.204633,0.016425
291,0.202175,0.00610833
294,0.198683,0.003725
297,0.195525,0.000625
300,0.193025,0.00408333
303,0.191817,0.00501667
306,0.192642,0
309,0.194375,0
312,0.195542,0
315,0.197242,0
318,0.197108,0
321,0.196275,0
324,0.1959,0
327,0.195808,0
330,0.1959,0
333,0.196192,0
336,0.196142,0
339,0.196233,0
342,0.198158,0
345,0.1977,0.00675833
348,0.199825,0.0137917
351,0.198675,0.0140917
354,0.196883,0.016275
357,0.197258,0.0259167
360,0.1972,0.0252417
363,0.197275,0.0262167
366,0.197533,0.0255667
369,0.197825,0.0255583
372,0.198217,0.0250333
375,0.198275,0.0243833
378,0.197883,0.0178667
381,0.197292,0.016425
384,0.198767,0.0142917
387,0.2029,0.00535
390,0.205117,0.00845833
393,0.205925,0.0009
396,0.208467,0.000266667
399,0.209817,0
402,0.210642,0.000308333
405,0.21295,0.00285833
408,0.216658,0.00615
411,0.225675,0.00148333
414,0.235892,0.0200833
417,0.243492,0.0683917
420,0.250333,0.109325
423,0.260133,0.13215
426,0.271667,0.149967
429,0.280483,0.15545
432,0.288558,0.155408
435,0.296742,0.153975
438,0.302525,0.1468
441,0.305483,0.176233
444,0.309367,0.192133
447,0.311825,0.220925
450,0.3192,0.198933
453,0.325033,0.178633
456,0.327608,0.15425
459,0.330108,0.10065
462,0.331842,0.0199917
465,0.334792,0.000758333
468,0.3351,0.000808333
471,0.334575,0
474,0.334975,0
477,0.33785,0
480,0.340467,0
483,0.341333,0
486,0.341658,0
489,0.342775,0.00574167
492,0.343283,0.00718333
495,0.340533,0
498,0.342042,0
501,0.348267,0.000483333
504,0.358783,0
507,0.368608,0.0077
510,0.37895,0.00885833
513,0.383933,0.0377167
516,0.386017,0.034975
519,0.3902,0.0608917
522,0.396333,0.0651167
525,0.400642,0.0662917
528,0.404042,0.0705583
531,0.405042,0.0537167
534,0.408283,0.04295
537,0.411542,0.0483333
540,0.412525,0.05235
543,0.414625,0.078025
546,0.415175,0.0712667
549,0.417283,0.0536917
552,0.417433,0.0295333
555,0.41545,0
558,0.415092,0
561,0.411375,0.00489167
564,0.4102,0
567,0.409283,0
570,0.403675,0.00578333
573,0.408133,0.0118333
576,0.41495,0.0124833
579,0.420325,0.0178417
582,0.427075,0.0216583
585,0.4312,0.0228083
588,0.434992,0.0339333
591,0.439083,0.03855
594,0.4409,0.0396333
597,0.442583,0.039375
600,0.446442,0.027
603,0.4499,0.0272417
606,0.454625,0.0015
609,0.459267,0.00125
612,0.464792,0.00833333
615,0.470492,0
618,0.474625,0.000191667
621,0.481992,0
624,0.487392,0
627,0.492333,0
630,0.497058,0
633,0.500217,0
636,0.501933,0
639,0.503217,0
642,0.502842,0.0048
645,0.502575,0
648,0.506008,0
651,0.509783,0
654,0.513675,0
657,0.516658,0
660,0.520592,0.0064
663,0.5248,0.00643333
666,0.527825,0
669,0.530908,0
672,0.530233,0.00518333
675,0.531375,0
678,0.533558,0
681,0.535267,0.00651667
684,0.5375,0
687,0.537483,0
690,0.538967,0
693,0.540267,0.00744167
696,0.537358,0
699,0.54,0.0061
702,0.5397,0.003825
705,0.540342,0
708,0.54195,0
711,0.542408,0.0057
714,0.543792,0
717,0.543708,0.00519167
720,0.536783,0
723,0.538308,0
726,0.5381,0
729,0.537775,0.00455833
732,0.5378,0.00485833
735,0.535317,0
738,0.53375,0
741,0.532483,0
744,0.532167,0
747,0.528075,0
750,0.528483,0.00696667
753,0.527875,0
756,0.527517,0
759,0.527858,0
762,0.5277,0
765,0.5267,0
768,0.524883,0
771,0.5167,0
774,0.517725,0
777,0.518867,0
780,0.519717,0
783,0.519817,0
786,0.520117,0
789,0.522,0
792,0.525075,0.015775
795,0.529575,0.0124167
798,0.5348,0.0149333
801,0.538458,0.00824167
804,0.541817,0
807,0.543058,0.00501667
810,0.544842,0
813,0.548367,0
816,0.551933,0.008425
819,0.554733,0.00784167
822,0.560475,0
825,0.561933,0
828,0.564258,0
831,0.565217,0.00354167
834,0.564333,0
837,0.563467,0
840,0.563225,0
843,0.5633,0
846,0.56275,0
849,0.563625,0.00499167
852,0.563692,0.00569167
855,0.564325,0
858,0.564133,0
861,0.564092,0.00555833
864,0.564808,0
867,0.564633,0.002375
870,0.562392,0.00641667
873,0.564558,0.00603333
876,0.565092,0
879,0.566342,0.00521667
882,0.56425,0.00461667
885,0.564183,0
888,0.563608,2.5e-05
891,0.5639,0
894,0.565125,0
897,0.566475,0.00486667
900,0.567333,0
903,0.567167,0.00558333
906,0.563442,0
909,0.56505,0.00498333
912,0.56465,0
915,0.562733,0
918,0.558758,0.0001
921,0.557183,0.00645833
924,0.556383,0
927,0.555992,0.0051
930,0.552475,0.00620833
933,0.553458,0.00631667
936,0.55505,0
939,0.558158,0.00725833
942,0.561417,0
945,0.561717,0
948,0.561908,0
951,0.561425,0.00571667
954,0.561233,0
957,0.560292,0
960,0.5602,0
963,0.561067,0
966,0.56115,0
969,0.562325,0.00469167
972,0.563858,0.00568333
975,0.56515,1.66667e-05
978,0.566858,4.16667e-05
981,0.564925,0.00601667
984,0.565933,0.000241667
987,0.565567,0.00541667
990,0.565308,0.00474167
993,0.565367,0.003325
996,0.565917,0
999,0.563225,5.83333e-05
1002,0.561017,0
1005,0.558117,0
1008,0.558967,0
1011,0.5605,0.00393333
1014,0.560892,0
1017,0.558858,0
1020,0.558275,0
1023,0.55855,0
1026,0.558175,0
1029,0.558333,0
1032,0.557842,0
1035,0.558217,0
1038,0.557233,0
1041,0.557625,0
1044,0.559367,0
1047,0.560983,0
1050,0.560267,0.006275
1053,0.559975,0
1056,0.559292,0
1059,0.559017,0.00635
1062,0.554642,0
1065,0.554808,0
1068,0.553933,0
1071,0.554342,0
1074,0.555375,0
1077,0.55665,0
1080,0.556392,0.00510833
1083,0.55675,0
1086,0.55485,0
1089,0.555808,0.00580833
1092,0.556558,0
1095,0.558583,8.33333e-06
1098,0.559342,0
1101,0.558608,0.00415
1104,0.559475,0
1107,0.558883,0
1110,0.558858,0
1113,0.556625,0
1116,0.556992,0
1119,0.556008,0.00648333
1122,0.556508,0
1125,0.557133,0
1128,0.559725,0.005125
1131,0.560317,0.0105333
1134,0.560217,0.014575
1137,0.559183,0.0161417
1140,0.559317,0.0183167
1143,0.5586,0.0168833
1146,0.559425,0.0149667
1149,0.559442,0.010125
1152,0.560375,0.00199167
1155,0.558567,0.00811667
1158,0.559367,0
1161,0.557342,0
1164,0.559667,0
1167,0.558975,0
1170,0.556825,0.00629167
1173,0.557192,0
1176,0.55635,0
1179,0.554842,0.00499167
1182,0.553833,0
1185,0.554608,0
1188,0.553292,0
1191,0.553017,0
1194,0.5533,0
1197,0.553533,0.00339167
1200,0.553533,0
1203,0.552883,0
1206,0.553,0
1209,0.553408,0
1212,0.550383,0
1215,0.551167,0
1218,0.551175,0
1221,0.552225,0
1224,0.552717,0
1227,0.552733,0.00450833
1230,0.554217,0
1233,0.554392,0
1236,0.553692,0.00615833
1239,0.554525,0.000291667
1242,0.556217,0
1245,0.556667,0
1248,0.555242,0.000141667
1251,0.55545,0.00394167
1254,0.553875,0.00645833
1257,0.554167,0
1260,0.553325,0
1263,0.552058,0
1266,0.552317,0
1269,0.552983,0
1272,0.554192,0
1275,0.554358,0
1278,0.554967,0
1281,0.554883,8.33333e-05
1284,0.554508,0
1287,0.552275,0.00191667
1290,0.5546,0.00723333
1293,0.55515,0
1296,0.555483,0
1299,0.55755,0.00541667
1302,0.557217,0.00840833
1305,0.556592,0.0107583
1308,0.5564,0
1311,0.552608,0.00108333
1314,0.551908,0.00680833
1317,0.55095,0.0034
1320,0.551083,0
1323,0.551108,0
1326,0.550417,0
1329,0.549333,0
1332,0.550017,0
1335,0.549883,0
1338,0.550692,0
1341,0.551475,0
1344,0.552617,0
1347,0.554242,0
1350,0.55495,0
1353,0.556867,0
1356,0.558942,0
1359,0.560492,0.006875
1362,0.559692,0.00035
1365,0.56115,2.5e-05
1368,0.559142,0.000216667
1371,0.559933,0
1374,0.557583,0
1377,0.5555,0.004775
1380,0.554067,1.66667e-05
1383,0.552592,0
1386,0.547575,0.000383333
1389,0.549125,0.000241667
1392,0.549975,0
1395,0.54975,0.000325
1398,0.5487,0
1401,0.548625,0
1404,0.54765,0
1407,0.546983,0
1410,0.5465,0
1413,0.539725,0
1416,0.541617,0
1419,0.542392,0
1422,0.54415,0
1425,0.545708,0
1428,0.547492,0
1431,0.55215,0.0038
1434,0.555175,0.00135
1437,0.554383,0.00155833
1440,0.558967,0
1443,0.5635,0.00164167
1446,0.566042,1.66667e-05
1449,0.568792,0.00144167
1452,0.5701,5e-05
1455,0.5725,0.000183333
1458,0.573058,0.0163917
1461,0.570817,0.0525333
1464,0.572417,0.0758333
1467,0.572575,0.0741833
1470,0.571033,0.108392
1473,0.57055,0.130458
1476,0.56895,0.151608
1479,0.561942,0.161192
1482,0.5599,0.148292
1485,0.5551,0.187183
1488,0.544383,0.219192
1491,0.5393,0.238833
1494,0.530067,0.254567
1497,0.524667,0.277317
1500,0.518,0.321142
1503,0.5117,0.296833
1506,0.506842,0.30005
1509,0.500167,0.294858
1512,0.486708,0.268083
1515,0.480483,0.2857
1518,0.471192,0.342225
1521,0.4645,0.390683
1524,0.458342,0.3831
1527,0.454833,0.405142
1530,0.456758,0.373433
1533,0.454525,0.4335
1536,0.446875,0.413942
1539,0.447417,0.514075
1542,0.44605,0.555567
1545,0.445033,0.544792
1548,0.445033,0.582133
1551,0.443367,0.6137
1554,0.442742,0.621008
1557,0.444717,0.622667
1560,0.447683,0.627575
1563,0.454542,0.638833
1566,0.461008,0.6617
1569,0.463625,0.6747
1572,0.462575,0.670592
1575,0.464683,0.6622
1578,0.467283,0.686425
1581,0.474458,0.678558
1584,0.476433,0.663192
1587,0.474925,0.624983
1590,0.474433,0.601392
1593,0.472783,0.635208
1596,0.477408,0.625442
1599,0.4865,0.588592
1602,0.500742,0.566142
1605,0.509125,0.5347
1608,0.514475,0.533067
1611,0.502275,0.477475
1614,0.500317,0.440908
1617,0.490617,0.427992
1620,0.472392,0.405592
1623,0.465875,0.391917
1626,0.460358,0.378083
1629,0.455075,0.357325
1632,0.452683,0.378767
1635,0.449792,0.3679
1638,0.44625,0.3576
1641,0.437792,0.383358
1644,0.431417,0.395225
1647,0.424308,0.380158
1650,0.421358,0.370858
1653,0.418025,0.389567
1656,0.417458,0.506858
1659,0.415383,0.4388
1662,0.407608,0.521225
1665,0.407,0.519992
1668,0.410342,0.510017
1671,0.413217,0.501775
1674,0.415942,0.4897
1677,0.419667,0.461283
1680,0.424067,0.4551
1683,0.429392,0.401417
1686,0.430125,0.413475
1689,0.44275,0.377383
1692,0.455025,0.36905
1695,0.468333,0.343092
1698,0.478458,0.317225
1701,0.487158,0.3522
1704,0.493692,0.327908
1707,0.494292,0.357142
1710,0.478033,0.361125
1713,0.46985,0.32235
1716,0.465617,0.37305
1719,0.456625,0.420292
1722,0.448317,0.381142
1725,0.444642,0.403408
1728,0.439483,0.423458
1731,0.424225,0.406717
1734,0.415325,0.4823
1737,0.4148,0.452525
1740,0.409958,0.49845
1743,0.401883,0.4526
1746,0.392717,0.407733
1749,0.381125,0.473567
1752,0.376033,0.474983
1755,0.372142,0.465992
1758,0.364992,0.407608
1761,0.353092,0.407242
1764,0.346242,0.388517
1767,0.342375,0.39635
1770,0.34505,0.387808
1773,0.34725,0.413283
1776,0.341375,0.430733
1779,0.330925,0.428592
1782,0.327667,0.4156
1785,0.32255,0.458508
1788,0.314825,0.435967
1791,0.30865,0.423792
1794,0.293358,0.393208
1797,0.281633,0.40675
1800,0.279333,0.414958
1803,0.273525,0.424025
1806,0.267458,0.399025
1809,0.26315,0.399975
1812,0.241683,0.338925
1815,0.233875,0.368158
1818,0.2265,0.310825
1821,0.225292,0.319008
1824,0.223742,0.267717
1827,0.2262,0.283217
1830,0.231575,0.246275
1833,0.228375,0.243317
1836,0.224342,0.251517
1839,0.221075,0.232408
1842,0.214567,0.311542
1845,0.206525,0.219008
1848,0.195633,0.179517
1851,0.17225,0.175033
1854,0.149567,0.134575
1857,0.142025,0.150875
1860,0.140367,0.138817
1863,0.136283,0.115825
1866,0.131492,0.0865833
1869,0.147567,0.0999
1872,0.168075,0.140933
1875,0.172158,0.13245
1878,0.1881,0.130533
1881,0.21195,0.169175
1884,0.235475,0.12185
1887,0.258625,0.156392
1890,0.286958,0.151925
1893,0.311225,0.128183
1896,0.328033,0.115258
1899,0.342408,0.154342
1902,0.367583,0.18115
1905,0.38775,0.1498
1908,0.399483,0.1923
1911,0.38385,0.160033
1914,0.361275,0.203575
1917,0.337892,0.256583
1920,0.322283,0.238458
1923,0.311233,0.2182
1926,0.295733,0.197633
1929,0.275025,0.176658
1932,0.253033,0.135333
1935,0.234717,0.134767
1938,0.221017,0.0973583
1941,0.212233,0.0815167
1944,0.2057,0.175992
1947,0.193883,0.176517
1950,0.182842,0.180358
1953,0.158558,0.173342
1956,0.128917,0.150333
1959,0.103175,0.136242
1962,0.075075,0.0328417
1965,0.0519667,0.0331083
1968,0.0335833,0.018525
1971,0.0139917,0.01255
1974,0.003825,0.00891667
1977,0.00240833,0.00109167
1980,0.00285833,0.000991667
1983,0.00271667,0
1986,0.00460833,0
1989,0.00479167,0
1992,0.00444167,0
1995,0.004375,0.000191667
1998,0.00364167,0.000108333
2001,0.00903333,0.000666667
2004,0.0380083,0.0156333
2007,0.0741333,0.0289583
2010,0.113008,0.035525
2013,0.158183,0.0307667
2016,0.20005,0.0464083
2019,0.244658,0.059575
2022,0.276067,0.07205
2025,0.305717,0.11115
2028,0.327058,0.0964333
2031,0.338417,0.0650667
2034,0.318858,0.0894333
2037,0.296492,0.1028
2040,0.271792,0.0533583
2043,0.247775,0.0471917
2046,0.222067,0.0543583
2049,0.198467,0.0736333
2052,0.177358,0.0998417
2055,0.159217,0.0799333
2058,0.146292,0.0355167
2061,0.139017,0.040325
2064,0.112475,0.0358833
2067,0.0887167,0.0351917
2070,0.064275,0.0130583
2073,0.0424833,0.0151917
2076,0.024125,0.00204167
2079,0.012175,0.000741667
2082,0.00866667,0.002575
2085,0.008225,0.000625
2088,0.0087,0.001825
2091,0.00865833,0
2094,0.0085,0
2097,0.00999167,0.000733333
2100,0.0126833,0.00275
2103,0.0197083,0.01815
2106,0.0285583,0.043175
2109,0.037425,0.0228417
2112,0.0506,0.0542167
2115,0.0620667,0.0899083
2118,0.0727167,0.129
2121,0.090425,0.133967
2124,0.116683,0.151892
2127,0.141133,0.185533
2130,0.156133,0.170558
2133,0.168917,0.17985
2136,0.180517,0.205542
2139,0.187508,0.210483
2142,0.193467,0.2334
2145,0.198225,0.213967
2148,0.200283,0.234133
2151,0.203617,0.216967
2154,0.209,0.209467
2157,0.224342,0.212775
2160,0.229033,0.224817
2163,0.225167,0.200183
2166,0.223442,0.172075
2169,0.218842,0.162575
2172,0.208042,0.199508
2175,0.188708,0.174258
2178,0.169017,0.103533
2181,0.149525,0.118917
2184,0.128742,0.0869667
2187,0.108983,0.0838083
2190,0.0875667,0.0267583
2193,0.06505,0.02275
2196,0.0475917,0.0110083
2199,0.0341083,0.0473667
2202,0.0258333,0.032975
2205,0.0181917,0.0134083
2208,0.011475,0.041825
2211,0.00744167,0.0318417
2214,0.00545,0.0195333
2217,0.00514167,0
2220,0.0049,0.001125
2223,0.00491667,0.0052
2226,0.00481667,0.0074
2229,0.00533333,0.00696667
2232,0.00518333,0.00453333
2235,0.00549167,0.003825
2238,0.006075,0.003
2241,0.00649167,0.000658333
2244,0.00551667,0.000916667
2247,0.00654167,0
2250,0.00666667,0.001875
2253,0.0089,0.00481667
2256,0.00901667,0.002475
2259,0.0102833,0
2262,0.010675,0.025925
2265,0.0115917,0.00274167
2268,0.0240667,0.0218
2271,0.0424833,0.035925
2274,0.0549583,0.0453333
2277,0.0595583,0.0271667
2280,0.0624667,0.08715
2283,0.06425,0.0670667
2286,0.0681833,0.0592833
2289,0.0675667,0.0634583
2292,0.0692833,0.0691583
2295,0.0703583,0.0655333
2298,0.0734667,0.0802083
2301,0.081075,0.0749667
2304,0.083175,0.07985
2307,0.08245,0.0639667
2310,0.0764833,0.0724583
2313,0.0694333,0.04335
2316,0.0627417,0.0112083
2319,0.0586583,0.003925
2322,0.0533167,0.000516667
2325,0.04635,0.00240833
2328,0.03945,0.02115
2331,0.03935,0.018375
2334,0.0341083,0.0222
2337,0.0314167,0.03085
2340,0.0281917,0.0236
2343,0.023575,0.00110833
2346,0.02095,0.0123583
2349,0.01695,0.0110667
2352,0.014775,0.0143083
2355,0.010125,0.0113833
2358,0.00835833,0.01695
2361,0.01115,0.0053
2364,0.011525,0.0027
2367,0.0125,0.0102083
2370,0.0123833,0.00455833
2373,0.0131833,0.00758333
2376,0.0136583,0.00476667
2379,0.0147417,0.001225
2382,0.0137,0
2385,0.0235083,0.0113833
2388,0.0457167,0.016925
2391,0.0513667,0.0310833
2394,0.0532333,0.05695
2397,0.0552,0.0312833
2400,0.0576667,0.0254
2403,0.0607083,0.0598333
2406,0.063575,0.0402833
2409,0.0687917,0.0674333
2412,0.072075,0.06195
2415,0.06235,0.0264917
2418,0.0523583,0.036075
2421,0.0382167,0.0752083
2424,0.0220917,0.0441833
2427,0.0100417,0.0363083
2430,0.00179167,0.0162917
2433,0.007075,0.00139167
2436,0.0300917,0.030175
2439,0.038,0.0188167
2442,0.0429667,0.0136083
2445,0.04735,0.024025
2448,0.0510083,0.0395583
2451,0.0540833,0.05605
2454,0.05755,0.0274833
2457,0.0610917,0.0211167
2460,0.0640083,0.0188
2463,0.06295,0.00651667
2466,0.050575,0.017775
2469,0.0380167,0.011225
2472,0.0262583,0.005725
2475,0.0158,0.00711667
2478,0.0146583,0.018
2481,0.0130917,0.0189667
2484,0.0150917,0.000775
2487,0.0168917,0.0110167
2490,0.0185167,0.00485
2493,0.0198417,0.00146667
2496,0.0210667,0.000291667
2499,0.0225,0.00025
2502,0.023675,0.002875
2505,0.02555,0.00241667
2508,0.0270667,0.00460833
2511,0.0373833,0.0112583
2514,0.0521583,0.0317833
2517,0.0531,0.0519167
2520,0.053425,0.0652417
2523,0.0571583,0.0576083
2526,0.0598,0.0591667
2529,0.0641167,0.0499417
2532,0.0670917,0.0825667
2535,0.069575,0.0692667
2538,0.07135,0.105308
2541,0.0736917,0.0962583
2544,0.0788417,0.101933
2547,0.0817583,0.0988083
2550,0.07735,0.0611667
2553,0.06825,0.0436917
2556,0.0578417,0.0529917
2559,0.0427833,0.0348167
2562,0.0294083,0.0505083
2565,0.0161583,0.0446917
2568,0.007,0.0238667
2571,0.00585,0.000325
2574,0.00610833,0
2577,0.00616667,0
2580,0.00659167,0
2583,0.00650833,0
2586,0.00720833,0
2589,0.006625,0
2592,0.00644167,0
2595,0.00711667,0
2598,0.00703333,0
2601,0.00689167,0
2604,0.00673333,0
2607,0.00699167,0
2610,0.00686667,0
2613,0.00725,0
2616,0.00715,0
2619,0.00649167,0
2622,0.006475,0
2625,0.00995833,0.0022
2628,0.0259167,0.0191
2631,0.03585,0.0274417
2634,0.0403,0.0288333
2637,0.0466333,0.0250917
2640,0.0650333,0.0672417
2643,0.0862167,0.104425
2646,0.1063,0.0991583
2649,0.126983,0.100542
2652,0.137008,0.106642
2655,0.144125,0.1523
2658,0.152375,0.12035
2661,0.16055,0.134692
2664,0.159233,0.117808
2667,0.151825,0.1151
2670,0.1465,0.1558
2673,0.141325,0.123483
2676,0.139458,0.0767417
2679,0.1358,0.121533
2682,0.12935,0.117992
2685,0.127892,0.14705
2688,0.127567,0.130275
2691,0.113083,0.147358
2694,0.099175,0.180158
2697,0.0807,0.128458
2700,0.0636583,0.082125
2703,0.0505333,0.059725
2706,0.0407333,0.0216167
2709,0.038225,0.0176
2712,0.0374667,0.0426
2715,0.0391167,0.07805
2718,0.039,0.0604417
2721,0.0397083,0.0521583
2724,0.040425,0.000525
2727,0.0417167,0
2730,0.0507583,0.00535
2733,0.0606333,0.0135333
2736,0.0725333,0.0364
2739,0.0759167,0.0462833
2742,0.0789333,0.0377167
2745,0.082175,0.029
2748,0.086375,0.0235333
2751,0.08985,0.0112583
2754,0.092025,0.0395917
2757,0.0947917,0.0704917
2760,0.097425,0.0604667
2763,0.0987917,0.0673917
2766,0.100508,0.0807833
2769,0.102117,0.07315
2772,0.103767,0.086325
2775,0.107825,0.0807583
2778,0.110308,0.0633333
2781,0.112783,0.0911083
2784,0.113675,0.0702833
2787,0.112308,0.0396333
2790,0.113683,0.00940833
2793,0.115575,0.000366667
2796,0.1159,0.000233333
2799,0.115558,0
2802,0.116767,0
2805,0.117483,0
2808,0.119092,0
2811,0.116633,0
2814,0.117358,0
2817,0.117308,0
2820,0.118483,0
2823,0.120392,0
2826,0.121233,0
2829,0.121683,0
2832,0.12245,0
2835,0.123867,5e-05
2838,0.123967,3.33333e-05
2841,0.122933,0
2844,0.121733,0
2847,0.122408,0
2850,0.12365,0.000608333
2853,0.126483,0.00458333
2856,0.126608,0
2859,0.123867,0.0122333
2862,0.120217,0.00469167
2865,0.120975,0.000266667
2868,0.121425,0.000158333
2871,0.123117,0
2874,0.1244,0
2877,0.124158,6.66667e-05
2880,0.124125,0.00865833
2883,0.126783,0.000316667
2886,0.126792,0.000308333
2889,0.128325,0.00719167
2892,0.130383,0.0244083
2895,0.128383,0.0289083
2898,0.128658,0.00603333
2901,0.128233,0.00758333
2904,0.128108,0.0213583
2907,0.127892,0.02195
2910,0.129117,0.0229583
2913,0.126958,0.0249167
2916,0.127283,0.0270667
2919,0.126175,0.0219167
2922,0.126333,0.0212167
2925,0.127367,0.0235333
2928,0.126692,0.00301667
2931,0.130717,0.00281667
2934,0.133475,0.00365
2937,0.13145,0.00899167
2940,0.132392,0
2943,0.136633,0.00994167
2946,0.14425,0.0029
2949,0.154,0.0251
2952,0.163733,0.0359
2955,0.1675,0.052975
2958,0.176042,0.0631583
2961,0.177792,0.0779667
2964,0.186475,0.0914333
2967,0.193025,0.09855
2970,0.200708,0.0960167
2973,0.2092,0.0997
2976,0.2159,0.123383
2979,0.222058,0.139808
2982,0.227583,0.141133
2985,0.235483,0.143008
2988,0.238625,0.149058
2991,0.255525,0.159575
2994,0.271858,0.163225
2997,0.282425,0.165908
3000,0.29465,0.16485
3003,0.301158,0.165975
3006,0.308458,0.128092
3009,0.315258,0.127675
3012,0.323808,0.0321667
3015,0.334392,0.0546167
3018,0.340758,0.0491333
3021,0.346408,0.047375
3024,0.352967,0.0925583
3027,0.356692,0.090025
3030,0.357225,0.094525
3033,0.356217,0.0989583
3036,0.350375,0.0867333
3039,0.35395,0.122992
3042,0.3559,0.1225
3045,0.3558,0.116533
3048,0.355508,0.0953833
3051,0.3567,0.0513333
3054,0.357508,0.0353417
3057,0.361767,0.0150833
3060,0.372683,0.0120417
3063,0.371583,0.00446667
3066,0.379433,0.005625
3069,0.389133,0.0174833
3072,0.393892,0.037275
3075,0.395433,0.0497333
3078,0.397517,0.0597083
3081,0.39945,0.0671
3084,0.40345,0.0829833
3087,0.39695,0.0736667
3090,0.401558,0.072925
3093,0.404275,0.075275
3096,0.407208,0.132192
3099,0.408233,0.135508
3102,0.409725,0.111783
3105,0.40755,0.0390417
3108,0.400233,0.027925
3111,0.392517,0.009425
3114,0.391175,0
3117,0.386533,0
3120,0.38465,0.00556667
3123,0.381025,8.33333e-06
3126,0.380292,0.000925
3129,0.38255,0.0025
3132,0.383292,0
3135,0.387517,0.0178333
3138,0.382783,0.0180667
3141,0.385033,0.002725
3144,0.388,0
3147,0.391342,0.003275
3150,0.392433,0
3153,0.394183,0
3156,0.396567,0
3159,0.397392,0.00560833
3162,0.395208,0
3165,0.396025,0
3168,0.394233,0
3171,0.393975,0
3174,0.395192,0
3177,0.3954,0
3180,0.397983,0
3183,0.3987,0.000575
3186,0.401217,0.00138333
3189,0.404158,0.000808333
3192,0.409692,0.0015
3195,0.4154,0
3198,0.417467,0.00145833
3201,0.420333,0
3204,0.423925,0
3207,0.426292,0
3210,0.428833,0
3213,0.42505,0
3216,0.426833,0
3219,0.426925,0.00465
3222,0.426575,0
3225,0.428083,0
3228,0.428958,0
3231,0.430875,0
3234,0.431408,8.33333e-06
3237,0.428375,0
3240,0.430517,0
3243,0.430692,0
3246,0.429558,0
3249,0.42935,0
3252,0.429617,0
3255,0.429225,0.00375
3258,0.428933,0
3261,0.425775,0.00125833
3264,0.426858,0.00143333
3267,0.4286,0.0160667
3270,0.430817,0
3273,0.43245,0
3276,0.433867,0.00263333
3279,0.434092,0
3282,0.434192,0
3285,0.435467,0
3288,0.428792,0.002825
3291,0.427958,0.0045
3294,0.430342,0.004725
3297,0.429833,0.00679167
3300,0.4298,0
3303,0.429033,0.00228333
3306,0.428775,0
3309,0.42805,0
3312,0.419742,0
3315,0.422542,3.33333e-05
3318,0.422067,0.00190833
3321,0.42015,0
3324,0.419292,8.33333e-06
3327,0.42105,0
3330,0.422067,0
3333,0.419992,4.16667e-05
3336,0.416483,0
3339,0.41935,0
3342,0.421558,0
3345,0.42145,0
3348,0.419967,0
3351,0.419158,0.000133333
3354,0.417342,0.000108333
3357,0.419308,0
3360,0.421917,0
3363,0.419242,0.000241667
3366,0.420042,0.000358333
3369,0.421458,0
3372,0.422858,0
3375,0.425158,0
3378,0.426025,0
3381,0.42685,0
3384,0.427767,0
3387,0.424525,0
3390,0.425883,0
3393,0.425775,0
3396,0.42635,0
3399,0.427333,0
3402,0.428542,0
3405,0.430542,0
3408,0.43205,0
3411,0.427275,0
3414,0.42945,0
3417,0.430875,0
3420,0.431425,0
3423,0.432,0
3426,0.43135,0
3429,0.431733,0
3432,0.432042,0
3435,0.433575,0
3438,0.435925,0
3441,0.435975,0
3444,0.436208,0
3447,0.436342,0
3450,0.43655,0
3453,0.437017,0
3456,0.437217,0
3459,0.437275,0
3462,0.436458,0
3465,0.438433,0
3468,0.43875,0
3471,0.435442,0
3474,0.433267,0
3477,0.432792,0
3480,0.431992,0
3483,0.432008,0
3486,0.428792,0
3489,0.430908,0
3492,0.430408,0
3495,0.430992,0
3498,0.431333,0
3501,0.4319,0
3504,0.431283,0
3507,0.431358,0
3510,0.43105,0
3513,0.430275,0
3516,0.431417,0
3519,0.431217,0
3522,0.43105,0
3525,0.431017,0
3528,0.4311,0
3531,0.430917,0
3534,0.430858,0
3537,0.4263,0
3540,0.427633,0
3543,0.427992,0
3546,0.430542,0
3549,0.432283,0.00541667
3552,0.433675,0
3555,0.434208,0
3558,0.436658,0
3561,0.433792,0
3564,0.433642,0
3567,0.433133,0
3570,0.431592,0
3573,0.4334,0
3576,0.434083,0
3579,0.435442,0
3582,0.436425,0
3585,0.436908,0
3588,0.437417,0
3591,0.437375,0.0015
3594,0.436017,0
3597,0.432575,0.00410833
3600,0.430167,8.33333e-05
3603,0.428967,0
3606,0.430333,0
3609,0.430625,0
3612,0.43245,0
3615,0.433183,0
3618,0.435067,0
3621,0.4373,0
3624,0.438492,0
3627,0.436558,0
3630,0.436033,0
3633,0.436617,0
3636,0.435258,0
3639,0.434608,0.004525
3642,0.433358,5e-05
3645,0.429508,0
3648,0.431033,0
3651,0.432092,0.0063
3654,0.43315,0
3657,0.433867,8.33333e-06
3660,0.433725,0
3663,0.433708,0
3666,0.43355,0
3669,0.432867,0
3672,0.428733,0
3675,0.426467,0
3678,0.427908,0
3681,0.430567,0
3684,0.4329,3.33333e-05
3687,0.435075,0
3690,0.435633,0
3693,0.434858,0
3696,0.432733,0
3699,0.431592,0
3702,0.430308,0
3705,0.431592,0
3708,0.432258,0
3711,0.433025,0
3714,0.433983,0
3717,0.434475,0
3720,0.432825,0.00656667
3723,0.433667,0
3726,0.433833,0
3729,0.434033,0
3732,0.434192,0
3735,0.433075,0
3738,0.433383,0
3741,0.433033,0
3744,0.432325,0
3747,0.430042,0
3750,0.4301,0
3753,0.430875,0
3756,0.429875,0
3759,0.430133,0
3762,0.429517,0
3765,0.427683,0
3768,0.42445,0.0001
3771,0.419475,1.66667e-05
3774,0.421542,0
3777,0.422467,0
3780,0.427283,0.000125
3783,0.432875,0
3786,0.437808,0
3789,0.44065,0.006325
3792,0.44235,0
3795,0.438408,0
3798,0.440742,0
3801,0.443283,0
3804,0.444708,0.00664167
3807,0.445683,0
3810,0.445692,0
3813,0.448092,0
3816,0.448942,0
3819,0.4503,0.00570833
3822,0.46045,0
3825,0.462208,0
3828,0.464233,0
3831,0.465825,0
3834,0.467458,0
3837,0.468225,0
3840,0.468458,0
3843,0.468525,0
3846,0.46565,0
3849,0.466142,0
3852,0.466725,0
3855,0.46735,0
3858,0.466925,0
3861,0.466842,0
3864,0.465275,0.000133333
3867,0.46405,0.004875
3870,0.462317,0
3873,0.463858,0
3876,0.463758,0
3879,0.46365,0.00650833
3882,0.463675,0
3885,0.465683,0.001275
3888,0.465975,0
3891,0.465442,0
3894,0.461817,0.0067
3897,0.459658,0.00570833
3900,0.455,0.000175
3903,0.459742,0.000708333
3906,0.462292,0.000233333
3909,0.4648,0
3912,0.466808,0
3915,0.466733,0
3918,0.465742,0
3921,0.462408,0
3924,0.462108,0
3927,0.462658,0
3930,0.458858,0
3933,0.461117,0
3936,0.4627,0
3939,0.462942,0.00635
3942,0.460125,0.000108333
3945,0.462483,0
3948,0.463567,0
3951,0.464017,0
3954,0.4639,0
3957,0.463075,0.000166667
3960,0.461725,0
3963,0.461208,0
3966,0.463983,0
3969,0.464933,0
3972,0.461825,0
3975,0.4612,0
3978,0.459925,0
3981,0.456983,0.000258333
3984,0.452825,0.001075
3987,0.457,0.0001
3990,0.460492,0.002075
3993,0.462558,0
3996,0.459183,0
3999,0.460333,0
4002,0.459992,0
4005,0.461633,0
4008,0.461317,0
4011,0.46055,0
4014,0.460808,0
4017,0.461242,0.005
4020,0.458683,0.00498333
4023,0.461358,0
4026,0.462908,0
4029,0.463983,0.00015
4032,0.463075,0
4035,0.463058,0.000258333
4038,0.462542,0.000591667
4041,0.462433,0.00146667
4044,0.462458,0.00118333
4047,0.46085,0
4050,0.460467,0
4053,0.460333,0
4056,0.460892,0
4059,0.460842,0
4062,0.461175,0
4065,0.459783,0
4068,0.456842,0
4071,0.462058,0.00509167
4074,0.462992,0
4077,0.463283,0
4080,0.464033,0
4083,0.463933,0
4086,0.462717,0
4089,0.461508,0
4092,0.462142,0
4095,0.455717,0
4098,0.456967,0
4101,0.457108,0
4104,0.458258,0
4107,0.459792,0
4110,0.461133,0
4113,0.461225,0
4116,0.459567,0
4119,0.45865,0
4122,0.45755,0
4125,0.461275,0
4128,0.461642,0
4131,0.46245,0
4134,0.46195,0
4137,0.46375,0.00608333
4140,0.463025,0
4143,0.466433,0
4146,0.4655,0
4149,0.471517,0
4152,0.475808,5.83333e-05
4155,0.480517,0.00210833
4158,0.481683,0.0133333
4161,0.480992,0.0154083
4164,0.482583,0.0277333
4167,0.486033,0.0298
4170,0.494067,0.0123833
4173,0.501842,0.00469167
4176,0.508633,0.0315417
4179,0.51435,0.0483917
4182,0.516058,0.0633333
4185,0.515342,0.0656917
4188,0.510033,0.0789833
4191,0.509767,0.079075
4194,0.507475,0.0948167
4197,0.499817,0.0992917
4200,0.501742,0.105592
4203,0.508492,0.130375
4206,0.511533,0.160758
4209,0.5105,0.1736
4212,0.5075,0.182158
4215,0.5063,0.2314
4218,0.501033,0.202708
4221,0.488975,0.247167
4224,0.47775,0.340108
4227,0.46785,0.391742
4230,0.459608,0.45445
4233,0.45215,0.462567
4236,0.445367,0.413292
4239,0.439467,0.413142
4242,0.428075,0.41745
4245,0.406158,0.373642
4248,0.408817,0.34455
4251,0.403892,0.39875
4254,0.412408,0.448458
4257,0.415883,0.452767
4260,0.421883,0.445192
4263,0.4241,0.478033
4266,0.428758,0.455367
4269,0.432725,0.466617
4272,0.4307,0.470825
4275,0.436975,0.489133
4278,0.43625,0.528717
4281,0.436025,0.480692
4284,0.43385,0.55195
4287,0.4352,0.549975
4290,0.437575,0.547208
4293,0.438183,0.564267
4296,0.43145,0.559658
4299,0.4439,0.560208
4302,0.452892,0.59735
4305,0.466775,0.594183
4308,0.468833,0.626233
4311,0.477867,0.586083
4314,0.492442,0.578892
4317,0.504117,0.53975
4320,0.499283,0.539358
4323,0.501317,0.560733
4326,0.493883,0.558875
4329,0.484625,0.530967
4332,0.47585,0.529142
4335,0.465325,0.539917
4338,0.461225,0.565875
4341,0.460575,0.541867
4344,0.463925,0.573842
4347,0.465375,0.600192
4350,0.473142,0.613042
4353,0.482867,0.591125
4356,0.4838,0.56385
4359,0.481225,0.53475
4362,0.476742,0.535875
4365,0.476225,0.552333
4368,0.472258,0.558325
4371,0.468058,0.538167
4374,0.469558,0.501542
4377,0.466508,0.524925
4380,0.463392,0.503058
4383,0.458067,0.463383
4386,0.449,0.452025
4389,0.435608,0.5
4392,0.429442,0.474592
4395,0.424367,0.492933
4398,0.418025,0.48145
4401,0.411925,0.461267
4404,0.4037,0.42255
4407,0.399333,0.443925
4410,0.38985,0.390867
4413,0.380358,0.3962
4416,0.375583,0.362842
4419,0.371133,0.288175
4422,0.363758,0.245242
4425,0.366442,0.245883
4428,0.372833,0.246775
4431,0.383508,0.23895
4434,0.396092,0.289658
4437,0.413433,0.315158
4440,0.425842,0.32665
4443,0.435533,0.362783
4446,0.444117,0.386533
4449,0.469992,0.382983
4452,0.484033,0.4405
4455,0.494317,0.488208
4458,0.50765,0.480425
4461,0.513242,0.472275
4464,0.504167,0.407717
4467,0.504258,0.432675
4470,0.495267,0.418592
4473,0.4905,0.394883
4476,0.482575,0.339133
4479,0.4725,0.389458
4482,0.4621,0.3136
4485,0.448225,0.342933
4488,0.434158,0.309408
4491,0.429533,0.3263
4494,0.4242,0.321533
4497,0.419175,0.247875
4500,0.419642,0.230617
4503,0.424417,0.242633
4506,0.424533,0.343208
4509,0.418892,0.284708
4512,0.415992,0.299967
4515,0.40795,0.335358
4518,0.398892,0.423125
4521,0.393025,0.394617
4524,0.405983,0.37915
4527,0.423292,0.39005
4530,0.432658,0.418992
4533,0.434158,0.4426
4536,0.424842,0.382733
4539,0.407342,0.409808
4542,0.396408,0.377808
4545,0.3804,0.342092
4548,0.374225,0.362
4551,0.366525,0.363792
4554,0.357875,0.3555
4557,0.359833,0.326558
4560,0.364758,0.368375
4563,0.373692,0.35555
4566,0.385525,0.359475
4569,0.399192,0.405958
4572,0.401125,0.459733
4575,0.398042,0.468242
4578,0.394725,0.3883
4581,0.384542,0.361708
4584,0.37895,0.329858
4587,0.38155,0.328075
4590,0.382442,0.340483
4593,0.384475,0.301333
4596,0.371133,0.338258
4599,0.369058,0.380283
4602,0.359533,0.367575
4605,0.353275,0.398108
4608,0.345475,0.387333
4611,0.333267,0.354867
4614,0.317208,0.376358
4617,0.301008,0.337408
4620,0.283933,0.279075
4623,0.275267,0.323325
4626,0.266433,0.320525
4629,0.260892,0.271892
4632,0.274742,0.299242
4635,0.283108,0.325917
4638,0.281508,0.28795
4641,0.281717,0.257983
4644,0.284058,0.311342
4647,0.291983,0.306
4650,0.303742,0.298008
4653,0.310033,0.322442
4656,0.309467,0.280592
4659,0.299875,0.254167
4662,0.2836,0.236708
4665,0.279017,0.222708
4668,0.276525,0.24775
4671,0.260475,0.208342
4674,0.247892,0.177575
4677,0.233933,0.138392
4680,0.221158,0.174175
4683,0.212875,0.176717
4686,0.209775,0.180375
4689,0.218417,0.164742
4692,0.230675,0.158783
4695,0.223158,0.171733
4698,0.218242,0.193108
4701,0.217225,0.281567
4704,0.22065,0.285458
4707,0.222,0.2981
4710,0.221433,0.332608
4713,0.228817,0.2989
4716,0.239667,0.236783
4719,0.257042,0.238717
4722,0.267217,0.26775
4725,0.276708,0.28875
4728,0.281342,0.294883
4731,0.282492,0.281483
4734,0.280767,0.259467
4737,0.276867,0.268725
4740,0.275575,0.22245
4743,0.264333,0.183858
4746,0.254142,0.1674
4749,0.247667,0.152092
4752,0.236858,0.135708
4755,0.218,0.111642
4758,0.198508,0.0723083
4761,0.175708,0.103
4764,0.161742,0.1114
4767,0.145658,0.101742
4770,0.128033,0.104533
4773,0.116658,0.10915
4776,0.09755,0.10865
4779,0.0792917,0.074975
4782,0.0636583,0.072575
4785,0.0480417,0.0974333
4788,0.029225,0.0798333
4791,0.0130167,0.0387333
4794,0.00923333,0.0159167
4797,0.00369167,0.00598333
4800,0.00121667,0.005125
4803,0.000908333,0
4806,0.00085,0
4809,0.000766667,0
4812,0.001125,0
4815,0.00134167,0
4818,0.0015,0
4821,0.00201667,0
4824,0.00169167,0
4827,0.00200833,0
4830,0.00191667,0
4833,0.00185833,0
4836,0.00328333,0
4839,0.00411667,0
4842,0.00424167,0
4845,0.00448333,0.00128333
4848,0.00485,0
4851,0.00401667,0
4854,0.00465833,0
4857,0.00446667,0
4860,0.004575,5.83333e-05
4863,0.00453333,0
4866,0.00405833,0
4869,0.00429167,0
4872,0.00484167,0
4875,0.0045,0.00429167
4878,0.004325,0
4881,0.0035,0
4884,0.00424167,0
4887,0.00443333,0
4890,0.00409167,0.00105
4893,0.00398333,0
4896,0.00316667,0
4899,0.00410833,0
4902,0.00525833,0.00299167
4905,0.00559167,0.00628333
4908,0.004325,0.00183333
4911,0.00244167,0.0032
4914,0.00156667,0.000841667
4917,0.00745833,0.00295833
4920,0.0265667,0.0267
4923,0.0335417,0.00994167
4926,0.0413833,0.0266333
4929,0.0638167,0.0291417
4932,0.083875,0.073775
4935,0.0908583,0.055575
4938,0.0959167,0.02465
4941,0.101792,0.0339917
4944,0.107408,0.039025
4947,0.112892,0.0349583
4950,0.109042,0.05405
4953,0.100133,0.057375
4956,0.0928667,0.03295
4959,0.0886667,0.0627917
4962,0.08205,0.106233
4965,0.068025,0.0635083
4968,0.0635417,0.0472083
4971,0.0659333,0.0542333
4974,0.0673833,0.0609083
4977,0.06945,0.0785417
4980,0.0673333,0.0543333
4983,0.070225,0.046625
4986,0.0743417,0.015275
4989,0.0757917,0.0462917
4992,0.0804583,0.0288
4995,0.0844167,0.0486417
4998,0.090625,0.0352167
5001,0.0906417,0.0502167
5004,0.0860917,0.02775
5007,0.0829917,0.0584083
5010,0.076975,0.0406333
5013,0.0583333,0.046725
5016,0.0388667,0.0862667
5019,0.0231667,0.0716083
5022,0.0150333,0.0407667
5025,0.0126,0.0181833
5028,0.00845,0.00350833
5031,0.00650833,0.0205917
5034,0.0079,0.03165
5037,0.00828333,0.0127083
5040,0.00879167,0.000566667
5043,0.009575,0.008575
5046,0.013975,0.0234667
5049,0.023775,0.026375
5052,0.039,0.0490083
5055,0.0529833,0.0334917
5058,0.0701167,0.0206
5061,0.0910417,0.019525
5064,0.10915,0.0332667
5067,0.131333,0.0678083
5070,0.164433,0.060975
5073,0.186742,0.0600833
5076,0.208733,0.076175
5079,0.218283,0.0685917
5082,0.216942,0.0754167
5085,0.214858,0.0731167
5088,0.212083,0.0939083
5091,0.205267,0.100058
5094,0.195667,0.0822583
5097,0.185633,0.065475
5100,0.171858,0.135792
5103,0.165292,0.0780667
5106,0.154842,0.0815583
5109,0.128675,0.0870667
5112,0.0986583,0.0654083
5115,0.0703083,0.0470083
5118,0.0467,0.006475
5121,0.0257083,0.00736667
5124,0.010675,0.00620833
5127,0.00108333,0.00668333
5130,0.001125,0.00478333
5133,0.00121667,0
5136,0.00205,0
5139,0.00161667,0
5142,0.0016,0
5145,0.00153333,0
5148,0.00150833,0
5151,0.00146667,0
5154,0.001325,0
5157,0.00138333,0
5160,0.00275,0
5163,0.00235833,0
5166,0.00195833,0
5169,0.00178333,0
5172,0.00153333,0
5175,0.00144167,0
5178,0.001325,0
5181,0.001325,0
5184,0.00131667,0
5187,0.001175,0
5190,0.000975,0.00649167
5193,0.000941667,0
5196,0.000116667,0
5199,8.33333e-05,0.00640833
5202,6.66667e-05,0
5205,0,0
5208,0,0
5211,0.000108333,0
5214,0.000166667,0
5217,0.000158333,0
5220,0.001625,0.005675
5223,0.00131667,0
5226,0.00113333,0
5229,0.001025,0
5232,0.000891667,0
5235,0.000891667,0
5238,0.00095,0
5241,0.000966667,0
5244,0.001025,0
5247,0.00116667,0
5250,0.00105,0
5253,0.0011,0
5256,0.001025,0
5259,0.0107833,0.00964167
5262,0.027425,0.00908333
5265,0.0380417,0.03085
5268,0.0418333,0.0157
5271,0.0447667,0.0296667
5274,0.0468917,0.0264917
5277,0.0491083,0.0255417
5280,0.050975,0.045175
5283,0.0530333,0.0324333
5286,0.0550417,0.0221167
5289,0.0610833,0.0237083
5292,0.0789583,0.052925
5295,0.0964333,0.086075
5298,0.10705,0.124233
5301,0.113608,0.14815
5304,0.118833,0.13145
5307,0.121817,0.102525
5310,0.125258,0.0238167
5313,0.127333,0.0133417
5316,0.1265,0.0324667
5319,0.126325,0.0569667
5322,0.125083,0.0563333
5325,0.124417,0.0468167
5328,0.1259,0.0752083
5331,0.135717,0.100233
5334,0.146508,0.100267
5337,0.1507,0.0939167
5340,0.151875,0.0756083
5343,0.154475,0.069675
5346,0.154592,0.0391083
5349,0.155533,0.0628417
5352,0.160233,0.072625
5355,0.172258,0.0777917
5358,0.185142,0.117583
5361,0.192975,0.130217
5364,0.19765,0.148292
5367,0.200233,0.131067
5370,0.204533,0.124925
5373,0.206567,0.139925
5376,0.208983,0.161392
5379,0.21115,0.150458
5382,0.212208,0.160475
5385,0.212933,0.102742
5388,0.2227,0.103792
5391,0.231633,0.121983
5394,0.238317,0.119083
5397,0.240633,0.052525
5400,0.240017,0.04595
5403,0.24005,0.0263417
5406,0.241225,0.0195667
5409,0.242825,0.0425083
5412,0.244092,0.0483667
5415,0.247208,0.0774333
5418,0.2563,0.088725
5421,0.267442,0.0962417
5424,0.27905,0.111867
5427,0.284167,0.123483
5430,0.288475,0.112175
5433,0.302983,0.114142
5436,0.319742,0.0748583
5439,0.335583,0.070475
5442,0.348742,0.0743167
5445,0.357708,0.0467417
5448,0.366267,0.0752417
5451,0.36905,0.125642
5454,0.367692,0.136742
5457,0.367017,0.13725
5460,0.363667,0.136767
5463,0.358658,0.115067
5466,0.3532,0.0935583
5469,0.348658,0.0891083
5472,0.336925,0.0802083
5475,0.332658,0.0785583
5478,0.33255,0.0700917
5481,0.338733,0.0706333
5484,0.345967,0.0672333
5487,0.354692,0.0658083
5490,0.364258,0.056725
5493,0.374542,0.05975
5496,0.383433,0.0660833
5499,0.387742,0.0661083
5502,0.394625,0.0607583
5505,0.39865,0.0549083
5508,0.40005,0.0565333
5511,0.400033,0.0755167
5514,0.398567,0.0747083
5517,0.396508,0.0690083
5520,0.395483,0.0349833
5523,0.401717,0.015125
5526,0.4064,0.0188417
5529,0.412675,0.02315
5532,0.418225,0.0324667
5535,0.421958,0.0408167
5538,0.427008,0.0525417
5541,0.431175,0.05605
5544,0.432942,0.0663583
5547,0.430758,0.0606667
5550,0.4328,0.0595833
5553,0.436483,0.083275
5556,0.441608,0.071775
5559,0.447233,0.0570333
5562,0.451892,0.0482917
5565,0.460167,0.0548333
5568,0.470558,0.063875
5571,0.477125,0.0631833
5574,0.488258,0.0466
5577,0.497158,0.0420333
5580,0.502283,0.0194667
5583,0.505125,0.01875
5586,0.505658,0.02475
5589,0.507083,0.0211583
5592,0.507683,0.0479167
5595,0.503025,0.05275
5598,0.5023,0.045775
5601,0.500358,0.0263833
5604,0.499192,0.0166083
5607,0.49925,0.000416667
5610,0.503558,0.000233333
5613,0.5077,0.0126583
5616,0.509775,0.0141083
5619,0.51435,0.012175
5622,0.514508,0.0121333
5625,0.516875,0.0115667
5628,0.519417,0.0262333
5631,0.521917,0.02165
5634,0.523808,0.00880833
5637,0.524825,0.000108333
5640,0.522908,0
5643,0.5239,0
5646,0.525575,0
5649,0.527825,0
5652,0.5277,0.000516667
5655,0.526508,0
5658,0.526375,0
5661,0.527083,0
5664,0.528475,0
5667,0.528583,0
5670,0.525058,0
5673,0.527233,0
5676,0.528817,0
5679,0.528175,0.00558333
5682,0.530083,0.000975
5685,0.531825,0.002675
5688,0.534225,0.00136667
5691,0.534675,0.001775
5694,0.533783,0.00153333
5697,0.530583,0.00988333
5700,0.532667,0.000158333
5703,0.535192,0
5706,0.5368,0
5709,0.53845,8.33333e-05
5712,0.540242,0.002975
5715,0.544025,0
5718,0.546408,0
5721,0.5542,0.00634167
5724,0.554592,0
5727,0.553867,0
5730,0.553633,0
5733,0.553708,0
5736,0.554117,0
Time(milisec),67167.3
