framenum,queue density,dynamic density
3,0.0646399,0.0300611
6,0.0646399,0.0300611
9,0.0646399,0.0300611
12,0.0646399,0.0300611
15,0.0948747,0.182892
18,0.0948747,0.182892
21,0.0948747,0.182892
24,0.0948747,0.182892
27,0.108518,0.0754831
30,0.108518,0.0754831
33,0.108518,0.0754831
36,0.108518,0.0754831
39,0.118018,0.0636624
42,0.118018,0.0636624
45,0.118018,0.0636624
48,0.118018,0.0636624
51,0.121766,0.0413761
54,0.121766,0.0413761
57,0.121766,0.0413761
60,0.121766,0.0413761
63,0.125808,0.128789
66,0.125808,0.128789
69,0.125808,0.128789
72,0.125808,0.128789
75,0.131261,0.0273136
78,0.131261,0.0273136
81,0.131261,0.0273136
84,0.131261,0.0273136
87,0.154125,0.0566236
90,0.154125,0.0566236
93,0.154125,0.0566236
96,0.154125,0.0566236
99,0.174283,0.0953427
102,0.174283,0.0953427
105,0.174283,0.0953427
108,0.174283,0.0953427
111,0.188361,0.121309
114,0.188361,0.121309
117,0.188361,0.121309
120,0.188361,0.121309
123,0.209394,0.126329
126,0.209394,0.126329
129,0.209394,0.126329
132,0.209394,0.126329
135,0.218573,0.138602
138,0.218573,0.138602
141,0.218573,0.138602
144,0.218573,0.138602
147,0.220162,0.153261
150,0.220162,0.153261
153,0.220162,0.153261
156,0.220162,0.153261
159,0.214791,0.0845335
162,0.214791,0.0845335
165,0.214791,0.0845335
168,0.214791,0.0845335
171,0.205261,0.0811821
174,0.205261,0.0811821
177,0.205261,0.0811821
180,0.205261,0.0811821
183,0.198879,0.071139
186,0.198879,0.071139
189,0.198879,0.071139
192,0.198879,0.071139
195,0.194697,0.0548158
198,0.194697,0.0548158
201,0.194697,0.0548158
204,0.194697,0.0548158
207,0.195573,0.00309103
210,0.195573,0.00309103
213,0.195573,0.00309103
216,0.195573,0.00309103
219,0.195875,6.03865e-05
222,0.195875,6.03865e-05
225,0.195875,6.03865e-05
228,0.195875,6.03865e-05
231,0.196131,2.26449e-05
234,0.196131,2.26449e-05
237,0.196131,2.26449e-05
240,0.196131,2.26449e-05
243,0.194161,0.00329484
246,0.194161,0.00329484
249,0.194161,0.00329484
252,0.194161,0.00329484
255,0.194052,0.00556688
258,0.194052,0.00556688
261,0.194052,0.00556688
264,0.194052,0.00556688
267,0.194882,0.00849185
270,0.194882,0.00849185
273,0.194882,0.00849185
276,0.194882,0.00849185
279,0.194795,0.0108318
282,0.194795,0.0108318
285,0.194795,0.0108318
288,0.194795,0.0108318
291,0.19829,0.011949
294,0.19829,0.011949
297,0.19829,0.011949
300,0.19829,0.011949
303,0.190625,0.0141078
306,0.190625,0.0141078
309,0.190625,0.0141078
312,0.190625,0.0141078
315,0.196365,0.000377415
318,0.196365,0.000377415
321,0.196365,0.000377415
324,0.196365,0.000377415
327,0.195267,0.000988829
330,0.195267,0.000988829
333,0.195267,0.000988829
336,0.195267,0.000988829
339,0.195837,0.00113602
342,0.195837,0.00113602
345,0.195837,0.00113602
348,0.195837,0.00113602
351,0.198354,0.0105299
354,0.198354,0.0105299
357,0.198354,0.0105299
360,0.198354,0.0105299
363,0.197094,0.031401
366,0.197094,0.031401
369,0.197094,0.031401
372,0.197094,0.031401
375,0.197988,0.021641
378,0.197988,0.021641
381,0.197988,0.021641
384,0.197988,0.021641
387,0.202725,0.015825
390,0.202725,0.015825
393,0.202725,0.015825
396,0.202725,0.015825
399,0.2093,0.0255246
402,0.2093,0.0255246
405,0.2093,0.0255246
408,0.2093,0.0255246
411,0.22115,0.047192
414,0.22115,0.047192
417,0.22115,0.047192
420,0.22115,0.047192
423,0.251257,0.0941878
426,0.251257,0.0941878
429,0.251257,0.0941878
432,0.251257,0.0941878
435,0.286432,0.0619263
438,0.286432,0.0619263
441,0.286432,0.0619263
444,0.286432,0.0619263
447,0.301113,0.14389
450,0.301113,0.14389
453,0.301113,0.14389
456,0.301113,0.14389
459,0.321388,0.115202
462,0.321388,0.115202
465,0.321388,0.115202
468,0.321388,0.115202
471,0.325725,0.246701
474,0.325725,0.246701
477,0.325725,0.246701
480,0.325725,0.246701
483,0.332635,0.224898
486,0.332635,0.224898
489,0.332635,0.224898
492,0.332635,0.224898
495,0.332273,0.166531
498,0.332273,0.166531
501,0.332273,0.166531
504,0.332273,0.166531
507,0.360451,0.0276759
510,0.360451,0.0276759
513,0.360451,0.0276759
516,0.360451,0.0276759
519,0.381741,0.0706522
522,0.381741,0.0706522
525,0.381741,0.0706522
528,0.381741,0.0706522
531,0.39532,0.0736866
534,0.39532,0.0736866
537,0.39532,0.0736866
540,0.39532,0.0736866
543,0.405114,0.0681499
546,0.405114,0.0681499
549,0.405114,0.0681499
552,0.405114,0.0681499
555,0.405552,0.0470373
558,0.405552,0.0470373
561,0.405552,0.0470373
564,0.405552,0.0470373
567,0.399223,0.104661
570,0.399223,0.104661
573,0.399223,0.104661
576,0.399223,0.104661
579,0.410643,0.0312915
582,0.410643,0.0312915
585,0.410643,0.0312915
588,0.410643,0.0312915
591,0.43088,0.0576125
594,0.43088,0.0576125
597,0.43088,0.0576125
600,0.43088,0.0576125
603,0.441259,0.0461692
606,0.441259,0.0461692
609,0.441259,0.0461692
612,0.441259,0.0461692
615,0.462783,0.0698898
618,0.462783,0.0698898
621,0.462783,0.0698898
624,0.462783,0.0698898
627,0.4853,0.104084
630,0.4853,0.104084
633,0.4853,0.104084
636,0.4853,0.104084
639,0.495226,0.0954333
642,0.495226,0.0954333
645,0.495226,0.0954333
648,0.495226,0.0954333
651,0.502257,0.0662364
654,0.502257,0.0662364
657,0.502257,0.0662364
660,0.502257,0.0662364
663,0.518565,0.0721505
666,0.518565,0.0721505
669,0.518565,0.0721505
672,0.518565,0.0721505
675,0.525891,0.0838089
678,0.525891,0.0838089
681,0.525891,0.0838089
684,0.525891,0.0838089
687,0.532722,0.0873943
690,0.532722,0.0873943
693,0.532722,0.0873943
696,0.532722,0.0873943
699,0.534926,0.089538
702,0.534926,0.089538
705,0.534926,0.089538
708,0.534926,0.089538
711,0.537398,0.0715806
714,0.537398,0.0715806
717,0.537398,0.0715806
720,0.537398,0.0715806
723,0.533296,0.0270758
726,0.533296,0.0270758
729,0.533296,0.0270758
732,0.533296,0.0270758
735,0.530246,0.00164176
738,0.530246,0.00164176
741,0.530246,0.00164176
744,0.530246,0.00164176
747,0.522652,0.0021022
750,0.522652,0.0021022
753,0.522652,0.0021022
756,0.522652,0.0021022
759,0.522792,0.000267965
762,0.522792,0.000267965
765,0.522792,0.000267965
768,0.522792,0.000267965
771,0.512134,0.00523098
774,0.512134,0.00523098
777,0.512134,0.00523098
780,0.512134,0.00523098
783,0.515316,0.00158514
786,0.515316,0.00158514
789,0.515316,0.00158514
792,0.515316,0.00158514
795,0.524068,0.012583
798,0.524068,0.012583
801,0.524068,0.012583
804,0.524068,0.012583
807,0.538379,0.0319633
810,0.538379,0.0319633
813,0.538379,0.0319633
816,0.538379,0.0319633
819,0.550464,0.0331937
822,0.550464,0.0331937
825,0.550464,0.0331937
828,0.550464,0.0331937
831,0.561353,0.00224185
834,0.561353,0.00224185
837,0.561353,0.00224185
840,0.561353,0.00224185
843,0.559417,0.00207956
846,0.559417,0.00207956
849,0.559417,0.00207956
852,0.559417,0.00207956
855,0.560047,0.00302687
858,0.560047,0.00302687
861,0.560047,0.00302687
864,0.560047,0.00302687
867,0.561236,0.00144173
870,0.561236,0.00144173
873,0.561236,0.00144173
876,0.561236,0.00144173
879,0.562077,0.000800121
882,0.562077,0.000800121
885,0.562077,0.000800121
888,0.562077,0.000800121
891,0.560636,0.00082654
894,0.560636,0.00082654
897,0.560636,0.00082654
900,0.560636,0.00082654
903,0.563379,0.00102657
906,0.563379,0.00102657
909,0.563379,0.00102657
912,0.563379,0.00102657
915,0.558865,0.00144173
918,0.558865,0.00144173
921,0.558865,0.00144173
924,0.558865,0.00144173
927,0.551657,0.000188708
930,0.551657,0.000188708
933,0.551657,0.000188708
936,0.551657,0.000188708
939,0.554144,0.000158514
942,0.554144,0.000158514
945,0.554144,0.000158514
948,0.554144,0.000158514
951,0.557896,0.000524607
954,0.557896,0.000524607
957,0.557896,0.000524607
960,0.557896,0.000524607
963,0.556846,0.00010945
966,0.556846,0.00010945
969,0.556846,0.00010945
972,0.556846,0.00010945
975,0.561364,0.000422705
978,0.561364,0.000422705
981,0.561364,0.000422705
984,0.561364,0.000422705
987,0.561696,0.0107865
990,0.561696,0.0107865
993,0.561696,0.0107865
996,0.561696,0.0107865
999,0.559496,0.000837862
1002,0.559496,0.000837862
1005,0.559496,0.000837862
1008,0.559496,0.000837862
1011,0.556314,0.0034609
1014,0.556314,0.0034609
1017,0.556314,0.0034609
1020,0.556314,0.0034609
1023,0.554627,0.0120773
1026,0.554627,0.0120773
1029,0.554627,0.0120773
1032,0.554627,0.0120773
1035,0.554186,0.00180027
1038,0.554186,0.00180027
1041,0.554186,0.00180027
1044,0.554186,0.00180027
1047,0.556941,0.0146777
1050,0.556941,0.0146777
1053,0.556941,0.0146777
1056,0.556941,0.0146777
1059,0.555416,0.000347222
1062,0.555416,0.000347222
1065,0.555416,0.000347222
1068,0.555416,0.000347222
1071,0.550528,0.00386851
1074,0.550528,0.00386851
1077,0.550528,0.00386851
1080,0.550528,0.00386851
1083,0.552914,0.00240036
1086,0.552914,0.00240036
1089,0.552914,0.00240036
1092,0.552914,0.00240036
1095,0.553872,7.54831e-05
1098,0.553872,7.54831e-05
1101,0.553872,7.54831e-05
1104,0.553872,7.54831e-05
1107,0.554888,0.000849185
1110,0.554888,0.000849185
1113,0.554888,0.000849185
1116,0.554888,0.000849185
1119,0.552846,0.000249094
1122,0.552846,0.000249094
1125,0.552846,0.000249094
1128,0.552846,0.000249094
1131,0.55708,0.0101072
1134,0.55708,0.0101072
1137,0.55708,0.0101072
1140,0.55708,0.0101072
1143,0.554612,0.0170026
1146,0.554612,0.0170026
1149,0.554612,0.0170026
1152,0.554612,0.0170026
1155,0.554903,0.0118508
1158,0.554903,0.0118508
1161,0.554903,0.0118508
1164,0.554903,0.0118508
1167,0.555567,0.0106469
1170,0.555567,0.0106469
1173,0.555567,0.0106469
1176,0.555567,0.0106469
1179,0.551155,0.000418931
1182,0.551155,0.000418931
1185,0.551155,0.000418931
1188,0.551155,0.000418931
1191,0.548626,0.00743508
1194,0.548626,0.00743508
1197,0.548626,0.00743508
1200,0.548626,0.00743508
1203,0.548675,0.00650287
1206,0.548675,0.00650287
1209,0.548675,0.00650287
1212,0.548675,0.00650287
1215,0.547332,0.00298158
1218,0.547332,0.00298158
1221,0.547332,0.00298158
1224,0.547332,0.00298158
1227,0.548864,0
1230,0.548864,0
1233,0.548864,0
1236,0.548864,0
1239,0.550045,0.0078125
1242,0.550045,0.0078125
1245,0.550045,0.0078125
1248,0.550045,0.0078125
1251,0.55157,0.0200445
1254,0.55157,0.0200445
1257,0.55157,0.0200445
1260,0.55157,0.0200445
1263,0.548204,0.00792195
1266,0.548204,0.00792195
1269,0.548204,0.00792195
1272,0.548204,0.00792195
1275,0.549921,3.77415e-06
1278,0.549921,3.77415e-06
1281,0.549921,3.77415e-06
1284,0.549921,3.77415e-06
1287,0.547773,0.00362696
1290,0.547773,0.00362696
1293,0.547773,0.00362696
1296,0.547773,0.00362696
1299,0.553623,0.00525362
1302,0.553623,0.00525362
1305,0.553623,0.00525362
1308,0.553623,0.00525362
1311,0.548358,0.00940897
1314,0.548358,0.00940897
1317,0.548358,0.00940897
1320,0.548358,0.00940897
1323,0.54695,0.0223656
1326,0.54695,0.0223656
1329,0.54695,0.0223656
1332,0.54695,0.0223656
1335,0.546139,0
1338,0.546139,0
1341,0.546139,0
1344,0.546139,0
1347,0.550393,0.0227959
1350,0.550393,0.0227959
1353,0.550393,0.0227959
1356,0.550393,0.0227959
1359,0.556571,0.0456144
1362,0.556571,0.0456144
1365,0.556571,0.0456144
1368,0.556571,0.0456144
1371,0.554816,0.0204974
1374,0.554816,0.0204974
1377,0.554816,0.0204974
1380,0.554816,0.0204974
1383,0.549219,0.0152702
1386,0.549219,0.0152702
1389,0.549219,0.0152702
1392,0.549219,0.0152702
1395,0.546075,0.0139191
1398,0.546075,0.0139191
1401,0.546075,0.0139191
1404,0.546075,0.0139191
1407,0.544199,0.0148098
1410,0.544199,0.0148098
1413,0.544199,0.0148098
1416,0.544199,0.0148098
1419,0.539761,0.0239017
1422,0.539761,0.0239017
1425,0.539761,0.0239017
1428,0.539761,0.0239017
1431,0.548622,0.120241
1434,0.548622,0.120241
1437,0.548622,0.120241
1440,0.548622,0.120241
1443,0.559318,0.284522
1446,0.559318,0.284522
1449,0.559318,0.284522
1452,0.559318,0.284522
1455,0.566893,0.375589
1458,0.566893,0.375589
1461,0.566893,0.375589
1464,0.566893,0.375589
1467,0.566731,0.312926
1470,0.566731,0.312926
1473,0.566731,0.312926
1476,0.566731,0.312926
1479,0.55782,0.478174
1482,0.55782,0.478174
1485,0.55782,0.478174
1488,0.55782,0.478174
1491,0.533884,0.538127
1494,0.533884,0.538127
1497,0.533884,0.538127
1500,0.533884,0.538127
1503,0.506756,0.632711
1506,0.506756,0.632711
1509,0.506756,0.632711
1512,0.506756,0.632711
1515,0.478653,0.599887
1518,0.478653,0.599887
1521,0.478653,0.599887
1524,0.478653,0.599887
1527,0.453223,0.703374
1530,0.453223,0.703374
1533,0.453223,0.703374
1536,0.453223,0.703374
1539,0.448785,0.572215
1542,0.448785,0.572215
1545,0.448785,0.572215
1548,0.448785,0.572215
1551,0.444365,0.533865
1554,0.444365,0.533865
1557,0.444365,0.533865
1560,0.444365,0.533865
1563,0.45368,0.557228
1566,0.45368,0.557228
1569,0.45368,0.557228
1572,0.45368,0.557228
1575,0.462115,0.580707
1578,0.462115,0.580707
1581,0.462115,0.580707
1584,0.462115,0.580707
1587,0.475947,0.599819
1590,0.475947,0.599819
1593,0.475947,0.599819
1596,0.475947,0.599819
1599,0.484273,0.61062
1602,0.484273,0.61062
1605,0.484273,0.61062
1608,0.484273,0.61062
1611,0.501868,0.662319
1614,0.501868,0.662319
1617,0.501868,0.662319
1620,0.501868,0.662319
1623,0.466535,0.624641
1626,0.466535,0.624641
1629,0.466535,0.624641
1632,0.466535,0.624641
1635,0.452185,0.579861
1638,0.452185,0.579861
1641,0.452185,0.579861
1644,0.452185,0.579861
1647,0.428672,0.681578
1650,0.428672,0.681578
1653,0.428672,0.681578
1656,0.428672,0.681578
1659,0.417214,0.587885
1662,0.417214,0.587885
1665,0.417214,0.587885
1668,0.417214,0.587885
1671,0.413081,0.578453
1674,0.413081,0.578453
1677,0.413081,0.578453
1680,0.413081,0.578453
1683,0.422652,0.519848
1686,0.422652,0.519848
1689,0.422652,0.519848
1692,0.422652,0.519848
1695,0.457194,0.473872
1698,0.457194,0.473872
1701,0.457194,0.473872
1704,0.457194,0.473872
1707,0.484658,0.506861
1710,0.484658,0.506861
1713,0.484658,0.506861
1716,0.484658,0.506861
1719,0.451279,0.447777
1722,0.451279,0.447777
1725,0.451279,0.447777
1728,0.451279,0.447777
1731,0.421618,0.398253
1734,0.421618,0.398253
1737,0.421618,0.398253
1740,0.421618,0.398253
1743,0.404087,0.506673
1746,0.404087,0.506673
1749,0.404087,0.506673
1752,0.404087,0.506673
1755,0.375721,0.448298
1758,0.375721,0.448298
1761,0.375721,0.448298
1764,0.375721,0.448298
1767,0.347728,0.357031
1770,0.347728,0.357031
1773,0.347728,0.357031
1776,0.347728,0.357031
1779,0.333692,0.401313
1782,0.333692,0.401313
1785,0.333692,0.401313
1788,0.333692,0.401313
1791,0.309654,0.335768
1794,0.309654,0.335768
1797,0.309654,0.335768
1800,0.309654,0.335768
1803,0.275483,0.334152
1806,0.275483,0.334152
1809,0.275483,0.334152
1812,0.275483,0.334152
1815,0.236054,0.417886
1818,0.236054,0.417886
1821,0.236054,0.417886
1824,0.236054,0.417886
1827,0.228521,0.426378
1830,0.228521,0.426378
1833,0.228521,0.426378
1836,0.228521,0.426378
1839,0.224362,0.43419
1842,0.224362,0.43419
1845,0.224362,0.43419
1848,0.224362,0.43419
1851,0.177574,0.250479
1854,0.177574,0.250479
1857,0.177574,0.250479
1860,0.177574,0.250479
1863,0.140274,0.204438
1866,0.140274,0.204438
1869,0.140274,0.204438
1872,0.140274,0.204438
1875,0.17383,0.209775
1878,0.17383,0.209775
1881,0.17383,0.209775
1884,0.17383,0.209775
1887,0.249838,0.370494
1890,0.249838,0.370494
1893,0.249838,0.370494
1896,0.249838,0.370494
1899,0.331861,0.381899
1902,0.331861,0.381899
1905,0.331861,0.381899
1908,0.331861,0.381899
1911,0.381824,0.477385
1914,0.381824,0.477385
1917,0.381824,0.477385
1920,0.381824,0.477385
1923,0.312779,0.320965
1926,0.312779,0.320965
1929,0.312779,0.320965
1932,0.312779,0.320965
1935,0.237228,0.286617
1938,0.237228,0.286617
1941,0.237228,0.286617
1944,0.237228,0.286617
1947,0.191553,0.234926
1950,0.191553,0.234926
1953,0.191553,0.234926
1956,0.191553,0.234926
1959,0.105208,0.174053
1962,0.105208,0.174053
1965,0.105208,0.174053
1968,0.105208,0.174053
1971,0.0172328,0.0770947
1974,0.0172328,0.0770947
1977,0.0172328,0.0770947
1980,0.0172328,0.0770947
1983,0.00336277,0.0161194
1986,0.00336277,0.0161194
1989,0.00336277,0.0161194
1992,0.00336277,0.0161194
1995,0.00498943,0.00880888
1998,0.00498943,0.00880888
2001,0.00498943,0.00880888
2004,0.00498943,0.00880888
2007,0.0699389,0.0415648
2010,0.0699389,0.0415648
2013,0.0699389,0.0415648
2016,0.0699389,0.0415648
2019,0.234179,0.150038
2022,0.234179,0.150038
2025,0.234179,0.150038
2028,0.234179,0.150038
2031,0.334715,0.221566
2034,0.334715,0.221566
2037,0.334715,0.221566
2040,0.334715,0.221566
2043,0.248045,0.254442
2046,0.248045,0.254442
2049,0.248045,0.254442
2052,0.248045,0.254442
2055,0.159839,0.262262
2058,0.159839,0.262262
2061,0.159839,0.262262
2064,0.159839,0.262262
2067,0.0910741,0.158431
2070,0.0910741,0.158431
2073,0.0910741,0.158431
2076,0.0910741,0.158431
2079,0.0146098,0.0858847
2082,0.0146098,0.0858847
2085,0.0146098,0.0858847
2088,0.0146098,0.0858847
2091,0.00975619,0.0327672
2094,0.00975619,0.0327672
2097,0.00975619,0.0327672
2100,0.00975619,0.0327672
2103,0.017614,0.0407495
2106,0.017614,0.0407495
2109,0.017614,0.0407495
2112,0.017614,0.0407495
2115,0.0545516,0.126932
2118,0.0545516,0.126932
2121,0.0545516,0.126932
2124,0.0545516,0.126932
2127,0.133616,0.194946
2130,0.133616,0.194946
2133,0.133616,0.194946
2136,0.133616,0.194946
2139,0.183779,0.271547
2142,0.183779,0.271547
2145,0.183779,0.271547
2148,0.183779,0.271547
2151,0.200879,0.22403
2154,0.200879,0.22403
2157,0.200879,0.22403
2160,0.200879,0.22403
2163,0.226578,0.257662
2166,0.226578,0.257662
2169,0.226578,0.257662
2172,0.226578,0.257662
2175,0.190704,0.240357
2178,0.190704,0.240357
2181,0.190704,0.240357
2184,0.190704,0.240357
2187,0.109918,0.222075
2190,0.109918,0.222075
2193,0.109918,0.222075
2196,0.109918,0.222075
2199,0.0350694,0.0904099
2202,0.0350694,0.0904099
2205,0.0350694,0.0904099
2208,0.0350694,0.0904099
2211,0.00740489,0.0237055
2214,0.00740489,0.0237055
2217,0.00740489,0.0237055
2220,0.00740489,0.0237055
2223,0.00455918,0.016327
2226,0.00455918,0.016327
2229,0.00455918,0.016327
2232,0.00455918,0.016327
2235,0.00523475,0.0125717
2238,0.00523475,0.0125717
2241,0.00523475,0.0125717
2244,0.00523475,0.0125717
2247,0.00658967,0.00966561
2250,0.00658967,0.00966561
2253,0.00658967,0.00966561
2256,0.00658967,0.00966561
2259,0.0105714,0.00698596
2262,0.0105714,0.00698596
2265,0.0105714,0.00698596
2268,0.0105714,0.00698596
2271,0.0413496,0.0567067
2274,0.0413496,0.0567067
2277,0.0413496,0.0567067
2280,0.0413496,0.0567067
2283,0.0649758,0.130299
2286,0.0649758,0.130299
2289,0.0649758,0.130299
2292,0.0649758,0.130299
2295,0.0694709,0.136519
2298,0.0694709,0.136519
2301,0.0694709,0.136519
2304,0.0694709,0.136519
2307,0.0802914,0.120765
2310,0.0802914,0.120765
2313,0.0802914,0.120765
2316,0.0802914,0.120765
2319,0.057937,0.115538
2322,0.057937,0.115538
2325,0.057937,0.115538
2328,0.057937,0.115538
2331,0.0379378,0.0603072
2334,0.0379378,0.0603072
2337,0.0379378,0.0603072
2340,0.0379378,0.0603072
2343,0.0223958,0.0390285
2346,0.0223958,0.0390285
2349,0.0223958,0.0390285
2352,0.0223958,0.0390285
2355,0.0101562,0.0298309
2358,0.0101562,0.0298309
2361,0.0101562,0.0298309
2364,0.0101562,0.0298309
2367,0.0128925,0.0227506
2370,0.0128925,0.0227506
2373,0.0128925,0.0227506
2376,0.0128925,0.0227506
2379,0.0146966,0.0250226
2382,0.0146966,0.0250226
2385,0.0146966,0.0250226
2388,0.0146966,0.0250226
2391,0.0507963,0.0660628
2394,0.0507963,0.0660628
2397,0.0507963,0.0660628
2400,0.0507963,0.0660628
2403,0.0614734,0.0862772
2406,0.0614734,0.0862772
2409,0.0614734,0.0862772
2412,0.0614734,0.0862772
2415,0.0622056,0.104812
2418,0.0622056,0.104812
2421,0.0622056,0.104812
2424,0.0622056,0.104812
2427,0.0101713,0.11022
2430,0.0101713,0.11022
2433,0.0101713,0.11022
2436,0.0101713,0.11022
2439,0.0378434,0.0357224
2442,0.0378434,0.0357224
2445,0.0378434,0.0357224
2448,0.0378434,0.0357224
2451,0.0535666,0.0513813
2454,0.0535666,0.0513813
2457,0.0535666,0.0513813
2460,0.0535666,0.0513813
2463,0.0615036,0.0420479
2466,0.0615036,0.0420479
2469,0.0615036,0.0420479
2472,0.0615036,0.0420479
2475,0.0149872,0.0246981
2478,0.0149872,0.0246981
2481,0.0149872,0.0246981
2484,0.0149872,0.0246981
2487,0.0166101,0.0272041
2490,0.0166101,0.0272041
2493,0.0166101,0.0272041
2496,0.0166101,0.0272041
2499,0.0216297,0.043784
2502,0.0216297,0.043784
2505,0.0216297,0.043784
2508,0.0216297,0.043784
2511,0.0365451,0.082537
2514,0.0365451,0.082537
2517,0.0365451,0.082537
2520,0.0365451,0.082537
2523,0.0568803,0.0829748
2526,0.0568803,0.0829748
2529,0.0568803,0.0829748
2532,0.0568803,0.0829748
2535,0.0683311,0.0484526
2538,0.0683311,0.0484526
2541,0.0683311,0.0484526
2544,0.0683311,0.0484526
2547,0.0795101,0.182514
2550,0.0795101,0.182514
2553,0.0795101,0.182514
2556,0.0795101,0.182514
2559,0.0414893,0.121381
2562,0.0414893,0.121381
2565,0.0414893,0.121381
2568,0.0414893,0.121381
2571,0.00492905,0.0297328
2574,0.00492905,0.0297328
2577,0.00492905,0.0297328
2580,0.00492905,0.0297328
2583,0.00551027,0.00227582
2586,0.00551027,0.00227582
2589,0.00551027,0.00227582
2592,0.00551027,0.00227582
2595,0.00577823,0
2598,0.00577823,0
2601,0.00577823,0
2604,0.00577823,0
2607,0.00571407,0
2610,0.00571407,0
2613,0.00571407,0
2616,0.00571407,0
2619,0.00563859,0
2622,0.00563859,0
2625,0.00563859,0
2628,0.00563859,0
2631,0.0354053,0.0212749
2634,0.0354053,0.0212749
2637,0.0354053,0.0212749
2640,0.0354053,0.0212749
2643,0.0861866,0.0918705
2646,0.0861866,0.0918705
2649,0.0861866,0.0918705
2652,0.0861866,0.0918705
2655,0.144441,0.194973
2658,0.144441,0.194973
2661,0.144441,0.194973
2664,0.144441,0.194973
2667,0.152393,0.276306
2670,0.152393,0.276306
2673,0.152393,0.276306
2676,0.152393,0.276306
2679,0.136153,0.28068
2682,0.136153,0.28068
2685,0.136153,0.28068
2688,0.136153,0.28068
2691,0.113281,0.230876
2694,0.113281,0.230876
2697,0.113281,0.230876
2700,0.113281,0.230876
2703,0.0522607,0.14432
2706,0.0522607,0.14432
2709,0.0522607,0.14432
2712,0.0522607,0.14432
2715,0.0389078,0.0813028
2718,0.0389078,0.0813028
2721,0.0389078,0.0813028
2724,0.0389078,0.0813028
2727,0.0417648,0.0718071
2730,0.0417648,0.0718071
2733,0.0417648,0.0718071
2736,0.0417648,0.0718071
2739,0.0780948,0.0745546
2742,0.0780948,0.0745546
2745,0.0780948,0.0745546
2748,0.0780948,0.0745546
2751,0.0913496,0.178023
2754,0.0913496,0.178023
2757,0.0913496,0.178023
2760,0.0913496,0.178023
2763,0.0996716,0.168825
2766,0.0996716,0.168825
2769,0.0996716,0.168825
2772,0.0996716,0.168825
2775,0.107194,0.142429
2778,0.107194,0.142429
2781,0.107194,0.142429
2784,0.107194,0.142429
2787,0.11179,0.111896
2790,0.11179,0.111896
2793,0.11179,0.111896
2796,0.11179,0.111896
2799,0.11447,0.128019
2802,0.11447,0.128019
2805,0.11447,0.128019
2808,0.11447,0.128019
2811,0.115836,0.101793
2814,0.115836,0.101793
2817,0.115836,0.101793
2820,0.115836,0.101793
2823,0.119739,0.00308348
2826,0.119739,0.00308348
2829,0.119739,0.00308348
2832,0.119739,0.00308348
2835,0.122362,0.00142286
2838,0.122362,0.00142286
2841,0.122362,0.00142286
2844,0.122362,0.00142286
2847,0.121554,0.00973354
2850,0.121554,0.00973354
2853,0.121554,0.00973354
2856,0.121554,0.00973354
2859,0.122222,0.0121867
2862,0.122222,0.0121867
2865,0.122222,0.0121867
2868,0.122222,0.0121867
2871,0.122124,0.0103185
2874,0.122124,0.0103185
2877,0.122124,0.0103185
2880,0.122124,0.0103185
2883,0.125781,0.0159269
2886,0.125781,0.0159269
2889,0.125781,0.0159269
2892,0.125781,0.0159269
2895,0.127785,0.0237508
2898,0.127785,0.0237508
2901,0.127785,0.0237508
2904,0.127785,0.0237508
2907,0.126427,0.0349562
2910,0.126427,0.0349562
2913,0.126427,0.0349562
2916,0.126427,0.0349562
2919,0.124774,0.0293554
2922,0.124774,0.0293554
2925,0.124774,0.0293554
2928,0.124774,0.0293554
2931,0.129971,0.0276608
2934,0.129971,0.0276608
2937,0.129971,0.0276608
2940,0.129971,0.0276608
2943,0.134549,0.0201691
2946,0.134549,0.0201691
2949,0.134549,0.0201691
2952,0.134549,0.0201691
2955,0.161489,0.0638927
2958,0.161489,0.0638927
2961,0.161489,0.0638927
2964,0.161489,0.0638927
2967,0.185907,0.101717
2970,0.185907,0.101717
2973,0.185907,0.101717
2976,0.185907,0.101717
2979,0.213628,0.110119
2982,0.213628,0.110119
2985,0.213628,0.110119
2988,0.213628,0.110119
2991,0.245784,0.120335
2994,0.245784,0.120335
2997,0.245784,0.120335
3000,0.245784,0.120335
3003,0.29295,0.220305
3006,0.29295,0.220305
3009,0.29295,0.220305
3012,0.29295,0.220305
3015,0.328812,0.30191
3018,0.328812,0.30191
3021,0.328812,0.30191
3024,0.328812,0.30191
3027,0.350853,0.282658
3030,0.350853,0.282658
3033,0.350853,0.282658
3036,0.350853,0.282658
3039,0.348826,0.309877
3042,0.348826,0.309877
3045,0.348826,0.309877
3048,0.348826,0.309877
3051,0.350476,0.103412
3054,0.350476,0.103412
3057,0.350476,0.103412
3060,0.350476,0.103412
3063,0.366882,0.108122
3066,0.366882,0.108122
3069,0.366882,0.108122
3072,0.366882,0.108122
3075,0.390368,0.150944
3078,0.390368,0.150944
3081,0.390368,0.150944
3084,0.390368,0.150944
3087,0.392331,0.158677
3090,0.392331,0.158677
3093,0.392331,0.158677
3096,0.392331,0.158677
3099,0.405152,0.110843
3102,0.405152,0.110843
3105,0.405152,0.110843
3108,0.405152,0.110843
3111,0.388081,0.102729
3114,0.388081,0.102729
3117,0.388081,0.102729
3120,0.388081,0.102729
3123,0.376804,0.0973732
3126,0.376804,0.0973732
3129,0.376804,0.0973732
3132,0.376804,0.0973732
3135,0.383518,0.0831295
3138,0.383518,0.0831295
3141,0.383518,0.0831295
3144,0.383518,0.0831295
3147,0.387277,0.0315255
3150,0.387277,0.0315255
3153,0.387277,0.0315255
3156,0.387277,0.0315255
3159,0.394244,0.018516
3162,0.394244,0.018516
3165,0.394244,0.018516
3168,0.394244,0.018516
3171,0.391433,0.0458824
3174,0.391433,0.0458824
3177,0.391433,0.0458824
3180,0.391433,0.0458824
3183,0.395648,0.0548385
3186,0.395648,0.0548385
3189,0.395648,0.0548385
3192,0.395648,0.0548385
3195,0.413606,0.0735771
3198,0.413606,0.0735771
3201,0.413606,0.0735771
3204,0.413606,0.0735771
3207,0.424679,0.0646928
3210,0.424679,0.0646928
3213,0.424679,0.0646928
3216,0.424679,0.0646928
3219,0.425011,0.0195162
3222,0.425011,0.0195162
3225,0.425011,0.0195162
3228,0.425011,0.0195162
3231,0.429091,0.00301178
3234,0.429091,0.00301178
3237,0.429091,0.00301178
3240,0.429091,0.00301178
3243,0.429321,0.00424592
3246,0.429321,0.00424592
3249,0.429321,0.00424592
3252,0.429321,0.00424592
3255,0.427412,0.00436292
3258,0.427412,0.00436292
3261,0.427412,0.00436292
3264,0.427412,0.00436292
3267,0.427461,0.000430254
3270,0.427461,0.000430254
3273,0.427461,0.000430254
3276,0.427461,0.000430254
3279,0.432311,0.00503472
3282,0.432311,0.00503472
3285,0.432311,0.00503472
3288,0.432311,0.00503472
3291,0.426479,0.00620094
3294,0.426479,0.00620094
3297,0.426479,0.00620094
3300,0.426479,0.00620094
3303,0.427759,0.000166063
3306,0.427759,0.000166063
3309,0.427759,0.000166063
3312,0.427759,0.000166063
3315,0.420267,0.0118244
3318,0.420267,0.0118244
3321,0.420267,0.0118244
3324,0.420267,0.0118244
3327,0.419505,0.022309
3330,0.419505,0.022309
3333,0.419505,0.022309
3336,0.419505,0.022309
3339,0.417969,0.0175083
3342,0.417969,0.0175083
3345,0.417969,0.0175083
3348,0.417969,0.0175083
3351,0.417584,0.020856
3354,0.417584,0.020856
3357,0.417584,0.020856
3360,0.417584,0.020856
3363,0.418248,0.00184556
3366,0.418248,0.00184556
3369,0.418248,0.00184556
3372,0.418248,0.00184556
3375,0.423845,0.00229091
3378,0.423845,0.00229091
3381,0.423845,0.00229091
3384,0.423845,0.00229091
3387,0.422622,0.00137002
3390,0.422622,0.00137002
3393,0.422622,0.00137002
3396,0.422622,0.00137002
3399,0.424992,1.13225e-05
3402,0.424992,1.13225e-05
3405,0.424992,1.13225e-05
3408,0.424992,1.13225e-05
3411,0.424887,3.77415e-06
3414,0.424887,3.77415e-06
3417,0.424887,3.77415e-06
3420,0.424887,3.77415e-06
3423,0.429121,0.00415157
3426,0.429121,0.00415157
3429,0.429121,0.00415157
3432,0.429121,0.00415157
3435,0.431144,0
3438,0.431144,0
3441,0.431144,0
3444,0.431144,0
3447,0.433631,3.39674e-05
3450,0.433631,3.39674e-05
3453,0.433631,3.39674e-05
3456,0.433631,3.39674e-05
3459,0.434892,0
3462,0.434892,0
3465,0.434892,0
3468,0.434892,0
3471,0.432865,0.00140021
3474,0.432865,0.00140021
3477,0.432865,0.00140021
3480,0.432865,0.00140021
3483,0.429733,0
3486,0.429733,0
3489,0.429733,0
3492,0.429733,0
3495,0.428106,0
3498,0.428106,0
3501,0.428106,0
3504,0.428106,0
3507,0.428359,0
3510,0.428359,0
3513,0.428359,0
3516,0.428359,0
3519,0.428,8.30314e-05
3522,0.428,8.30314e-05
3525,0.428,8.30314e-05
3528,0.428,8.30314e-05
3531,0.428151,0
3534,0.428151,0
3537,0.428151,0
3540,0.428151,0
3543,0.425366,6.79348e-05
3546,0.425366,6.79348e-05
3549,0.425366,6.79348e-05
3552,0.425366,6.79348e-05
3555,0.431288,0
3558,0.431288,0
3561,0.431288,0
3564,0.431288,0
3567,0.43071,0
3570,0.43071,0
3573,0.43071,0
3576,0.43071,0
3579,0.432499,0
3582,0.432499,0
3585,0.432499,0
3588,0.432499,0
3591,0.435209,0.000792572
3594,0.435209,0.000792572
3597,0.435209,0.000792572
3600,0.435209,0.000792572
3603,0.426536,0
3606,0.426536,0
3609,0.426536,0
3612,0.426536,0
3615,0.430707,0.000569897
3618,0.430707,0.000569897
3621,0.430707,0.000569897
3624,0.430707,0.000569897
3627,0.434492,0.00174366
3630,0.434492,0.00174366
3633,0.434492,0.00174366
3636,0.434492,0.00174366
3639,0.433235,0.00404967
3642,0.433235,0.00404967
3645,0.433235,0.00404967
3648,0.433235,0.00404967
3651,0.429906,0.0100317
3654,0.429906,0.0100317
3657,0.429906,0.0100317
3660,0.429906,0.0100317
3663,0.43185,0.00164553
3666,0.43185,0.00164553
3669,0.43185,0.00164553
3672,0.43185,0.00164553
3675,0.424558,0.00205691
3678,0.424558,0.00205691
3681,0.424558,0.00205691
3684,0.424558,0.00205691
3687,0.433865,0.00132095
3690,0.433865,0.00132095
3693,0.433865,0.00132095
3696,0.433865,0.00132095
3699,0.429544,0.00135492
3702,0.429544,0.00135492
3705,0.429544,0.00135492
3708,0.429544,0.00135492
3711,0.430586,0.0536345
3714,0.430586,0.0536345
3717,0.430586,0.0536345
3720,0.430586,0.0536345
3723,0.432495,0.0362357
3726,0.432495,0.0362357
3729,0.432495,0.0362357
3732,0.432495,0.0362357
3735,0.432235,0.0447879
3738,0.432235,0.0447879
3741,0.432235,0.0447879
3744,0.432235,0.0447879
3747,0.428302,0.0575974
3750,0.428302,0.0575974
3753,0.428302,0.0575974
3756,0.428302,0.0575974
3759,0.427948,0.0016946
3762,0.427948,0.0016946
3765,0.427948,0.0016946
3768,0.427948,0.0016946
3771,0.41772,0.00231733
3774,0.41772,0.00231733
3777,0.41772,0.00231733
3780,0.41772,0.00231733
3783,0.431439,0.00254755
3786,0.431439,0.00254755
3789,0.431439,0.00254755
3792,0.431439,0.00254755
3795,0.435926,0.0232828
3798,0.435926,0.0232828
3801,0.435926,0.0232828
3804,0.435926,0.0232828
3807,0.443984,0.0578616
3810,0.443984,0.0578616
3813,0.443984,0.0578616
3816,0.443984,0.0578616
3819,0.448392,0.0569029
3822,0.448392,0.0569029
3825,0.448392,0.0569029
3828,0.448392,0.0569029
3831,0.463217,0.00274381
3834,0.463217,0.00274381
3837,0.463217,0.00274381
3840,0.463217,0.00274381
3843,0.46518,0.00371754
3846,0.46518,0.00371754
3849,0.46518,0.00371754
3852,0.46518,0.00371754
3855,0.464595,0.00546498
3858,0.464595,0.00546498
3861,0.464595,0.00546498
3864,0.464595,0.00546498
3867,0.461405,0.000811443
3870,0.461405,0.000811443
3873,0.461405,0.000811443
3876,0.461405,0.000811443
3879,0.4607,0.00602732
3882,0.4607,0.00602732
3885,0.4607,0.00602732
3888,0.4607,0.00602732
3891,0.462372,0.000830314
3894,0.462372,0.000830314
3897,0.462372,0.000830314
3900,0.462372,0.000830314
3903,0.457156,0.00286458
3906,0.457156,0.00286458
3909,0.457156,0.00286458
3912,0.457156,0.00286458
3915,0.463787,0.000467995
3918,0.463787,0.000467995
3921,0.463787,0.000467995
3924,0.463787,0.000467995
3927,0.459681,0.00440444
3930,0.459681,0.00440444
3933,0.459681,0.00440444
3936,0.459681,0.00440444
3939,0.460896,0.00350242
3942,0.460896,0.00350242
3945,0.460896,0.00350242
3948,0.460896,0.00350242
3951,0.460771,0.0040308
3954,0.460771,0.0040308
3957,0.460771,0.0040308
3960,0.460771,0.0040308
3963,0.458069,0.00449502
3966,0.458069,0.00449502
3969,0.458069,0.00449502
3972,0.458069,0.00449502
3975,0.458031,7.92572e-05
3978,0.458031,7.92572e-05
3981,0.458031,7.92572e-05
3984,0.458031,7.92572e-05
3987,0.454325,0.00266833
3990,0.454325,0.00266833
3993,0.454325,0.00266833
3996,0.454325,0.00266833
3999,0.457643,0.00500075
4002,0.457643,0.00500075
4005,0.457643,0.00500075
4008,0.457643,0.00500075
4011,0.457733,0
4014,0.457733,0
4017,0.457733,0
4020,0.457733,0
4023,0.458439,0.000233998
4026,0.458439,0.000233998
4029,0.458439,0.000233998
4032,0.458439,0.000233998
4035,0.460836,0.00110583
4038,0.460836,0.00110583
4041,0.460836,0.00110583
4044,0.460836,0.00110583
4047,0.457703,0.00183046
4050,0.457703,0.00183046
4053,0.457703,0.00183046
4056,0.457703,0.00183046
4059,0.458058,0
4062,0.458058,0
4065,0.458058,0
4068,0.458058,0
4071,0.458473,0.000150966
4074,0.458473,0.000150966
4077,0.458473,0.000150966
4080,0.458473,0.000150966
4083,0.460768,0
4086,0.460768,0
4089,0.460768,0
4092,0.460768,0
4095,0.452853,0
4098,0.452853,0
4101,0.452853,0
4104,0.452853,0
4107,0.456827,0.00944671
4110,0.456827,0.00944671
4113,0.456827,0.00944671
4116,0.456827,0.00944671
4119,0.455778,0.000230223
4122,0.455778,0.000230223
4125,0.455778,0.000230223
4128,0.455778,0.000230223
4131,0.459009,1.50966e-05
4134,0.459009,1.50966e-05
4137,0.459009,1.50966e-05
4140,0.459009,1.50966e-05
4143,0.463655,0.0529816
4146,0.463655,0.0529816
4149,0.463655,0.0529816
4152,0.463655,0.0529816
4155,0.477646,0.202348
4158,0.477646,0.202348
4161,0.477646,0.202348
4164,0.477646,0.202348
4167,0.482979,0.258439
4170,0.482979,0.258439
4173,0.482979,0.258439
4176,0.482979,0.258439
4179,0.511643,0.293422
4182,0.511643,0.293422
4185,0.511643,0.293422
4188,0.511643,0.293422
4191,0.505918,0.153404
4194,0.505918,0.153404
4197,0.505918,0.153404
4200,0.505918,0.153404
4203,0.505178,0.170875
4206,0.505178,0.170875
4209,0.505178,0.170875
4212,0.505178,0.170875
4215,0.503706,0.500211
4218,0.503706,0.500211
4221,0.503706,0.500211
4224,0.503706,0.500211
4227,0.463976,0.540134
4230,0.463976,0.540134
4233,0.463976,0.540134
4236,0.463976,0.540134
4239,0.433888,0.563602
4242,0.433888,0.563602
4245,0.433888,0.563602
4248,0.433888,0.563602
4251,0.395762,0.581824
4254,0.395762,0.581824
4257,0.395762,0.581824
4260,0.395762,0.581824
4263,0.41658,0.575993
4266,0.41658,0.575993
4269,0.41658,0.575993
4272,0.41658,0.575993
4275,0.432216,0.533828
4278,0.432216,0.533828
4281,0.432216,0.533828
4284,0.432216,0.533828
4287,0.430657,0.479491
4290,0.430657,0.479491
4293,0.430657,0.479491
4296,0.430657,0.479491
4299,0.438323,0.461723
4302,0.438323,0.461723
4305,0.438323,0.461723
4308,0.438323,0.461723
4311,0.473207,0.642874
4314,0.473207,0.642874
4317,0.473207,0.642874
4320,0.473207,0.642874
4323,0.49857,0.609326
4326,0.49857,0.609326
4329,0.49857,0.609326
4332,0.49857,0.609326
4335,0.462798,0.516036
4338,0.462798,0.516036
4341,0.462798,0.516036
4344,0.462798,0.516036
4347,0.465391,0.47874
4350,0.465391,0.47874
4353,0.465391,0.47874
4356,0.465391,0.47874
4359,0.478982,0.534669
4362,0.478982,0.534669
4365,0.478982,0.534669
4368,0.478982,0.534669
4371,0.465621,0.484892
4374,0.465621,0.484892
4377,0.465621,0.484892
4380,0.465621,0.484892
4383,0.457511,0.478978
4386,0.457511,0.478978
4389,0.457511,0.478978
4392,0.457511,0.478978
4395,0.42292,0.446588
4398,0.42292,0.446588
4401,0.42292,0.446588
4404,0.42292,0.446588
4407,0.399377,0.483024
4410,0.399377,0.483024
4413,0.399377,0.483024
4416,0.399377,0.483024
4419,0.372181,0.4226
4422,0.372181,0.4226
4425,0.372181,0.4226
4428,0.372181,0.4226
4431,0.382646,0.466316
4434,0.382646,0.466316
4437,0.382646,0.466316
4440,0.382646,0.466316
4443,0.42854,0.576332
4446,0.42854,0.576332
4449,0.42854,0.576332
4452,0.42854,0.576332
4455,0.487357,0.442497
4458,0.487357,0.442497
4461,0.487357,0.442497
4464,0.487357,0.442497
4467,0.500019,0.541663
4470,0.500019,0.541663
4473,0.500019,0.541663
4476,0.500019,0.541663
4479,0.469444,0.565901
4482,0.469444,0.565901
4485,0.469444,0.565901
4488,0.469444,0.565901
4491,0.430514,0.525604
4494,0.430514,0.525604
4497,0.430514,0.525604
4500,0.430514,0.525604
4503,0.425517,0.392546
4506,0.425517,0.392546
4509,0.425517,0.392546
4512,0.425517,0.392546
4515,0.409922,0.383696
4518,0.409922,0.383696
4521,0.409922,0.383696
4524,0.409922,0.383696
4527,0.420135,0.407771
4530,0.420135,0.407771
4533,0.420135,0.407771
4536,0.420135,0.407771
4539,0.409281,0.451789
4542,0.409281,0.451789
4545,0.409281,0.451789
4548,0.409281,0.451789
4551,0.364817,0.480212
4554,0.364817,0.480212
4557,0.364817,0.480212
4560,0.364817,0.480212
4563,0.372698,0.52808
4566,0.372698,0.52808
4569,0.372698,0.52808
4572,0.372698,0.52808
4575,0.40297,0.451053
4578,0.40297,0.451053
4581,0.40297,0.451053
4584,0.40297,0.451053
4587,0.387051,0.368191
4590,0.387051,0.368191
4593,0.387051,0.368191
4596,0.387051,0.368191
4599,0.372203,0.496098
4602,0.372203,0.496098
4605,0.372203,0.496098
4608,0.372203,0.496098
4611,0.339644,0.508801
4614,0.339644,0.508801
4617,0.339644,0.508801
4620,0.339644,0.508801
4623,0.278133,0.425264
4626,0.278133,0.425264
4629,0.278133,0.425264
4632,0.278133,0.425264
4635,0.284383,0.41139
4638,0.284383,0.41139
4641,0.284383,0.41139
4644,0.284383,0.41139
4647,0.293746,0.420637
4650,0.293746,0.420637
4653,0.293746,0.420637
4656,0.293746,0.420637
4659,0.301011,0.45996
4662,0.301011,0.45996
4665,0.301011,0.45996
4668,0.301011,0.45996
4671,0.264734,0.463779
4674,0.264734,0.463779
4677,0.264734,0.463779
4680,0.264734,0.463779
4683,0.216463,0.403687
4686,0.216463,0.403687
4689,0.216463,0.403687
4692,0.216463,0.403687
4695,0.219263,0.384922
4698,0.219263,0.384922
4701,0.219263,0.384922
4704,0.219263,0.384922
4707,0.219841,0.360179
4710,0.219841,0.360179
4713,0.219841,0.360179
4716,0.219841,0.360179
4719,0.254118,0.413813
4722,0.254118,0.413813
4725,0.254118,0.413813
4728,0.254118,0.413813
4731,0.281069,0.44526
4734,0.281069,0.44526
4737,0.281069,0.44526
4740,0.281069,0.44526
4743,0.266361,0.382065
4746,0.266361,0.382065
4749,0.266361,0.382065
4752,0.266361,0.382065
4755,0.219403,0.314655
4758,0.219403,0.314655
4761,0.219403,0.314655
4764,0.219403,0.314655
4767,0.145879,0.238874
4770,0.145879,0.238874
4773,0.145879,0.238874
4776,0.145879,0.238874
4779,0.0786496,0.210341
4782,0.0786496,0.210341
4785,0.0786496,0.210341
4788,0.0786496,0.210341
4791,0.0143909,0.0898513
4794,0.0143909,0.0898513
4797,0.0143909,0.0898513
4800,0.0143909,0.0898513
4803,0.00104921,0.0232111
4806,0.00104921,0.0232111
4809,0.00104921,0.0232111
4812,0.00104921,0.0232111
4815,0.00138889,0.00134737
4818,0.00138889,0.00134737
4821,0.00138889,0.00134737
4824,0.00138889,0.00134737
4827,0.00198898,0
4830,0.00198898,0
4833,0.00198898,0
4836,0.00198898,0
4839,0.00398551,0.000924668
4842,0.00398551,0.000924668
4845,0.00398551,0.000924668
4848,0.00398551,0.000924668
4851,0.00336655,0
4854,0.00336655,0
4857,0.00336655,0
4860,0.00336655,0
4863,0.0041176,0.0109413
4866,0.0041176,0.0109413
4869,0.0041176,0.0109413
4872,0.0041176,0.0109413
4875,0.00373264,0.003242
4878,0.00373264,0.003242
4881,0.00373264,0.003242
4884,0.00373264,0.003242
4887,0.00387983,0.0114885
4890,0.00387983,0.0114885
4893,0.00387983,0.0114885
4896,0.00387983,0.0114885
4899,0.00283816,0.00492905
4902,0.00283816,0.00492905
4905,0.00283816,0.00492905
4908,0.00283816,0.00492905
4911,0.00186821,0.00444973
4914,0.00186821,0.00444973
4917,0.00186821,0.00444973
4920,0.00186821,0.00444973
4923,0.0350694,0.0230601
4926,0.0350694,0.0230601
4929,0.0350694,0.0230601
4932,0.0350694,0.0230601
4935,0.0929612,0.0920177
4938,0.0929612,0.0920177
4941,0.0929612,0.0920177
4944,0.0929612,0.0920177
4947,0.112451,0.176287
4950,0.112451,0.176287
4953,0.112451,0.176287
4956,0.112451,0.176287
4959,0.0870886,0.201559
4962,0.0870886,0.201559
4965,0.0870886,0.201559
4968,0.0870886,0.201559
4971,0.0682178,0.155333
4974,0.0682178,0.155333
4977,0.0682178,0.155333
4980,0.0682178,0.155333
4983,0.0721883,0.113345
4986,0.0721883,0.113345
4989,0.0721883,0.113345
4992,0.0721883,0.113345
4995,0.0850808,0.105608
4998,0.0850808,0.105608
5001,0.0850808,0.105608
5004,0.0850808,0.105608
5007,0.0818086,0.135436
5010,0.0818086,0.135436
5013,0.0818086,0.135436
5016,0.0818086,0.135436
5019,0.0239055,0.113647
5022,0.0239055,0.113647
5025,0.0239055,0.113647
5028,0.0239055,0.113647
5031,0.00698973,0.033005
5034,0.00698973,0.033005
5037,0.00698973,0.033005
5040,0.00698973,0.033005
5043,0.0100279,0.0429763
5046,0.0100279,0.0429763
5049,0.0100279,0.0429763
5052,0.0100279,0.0429763
5055,0.045739,0.0979771
5058,0.045739,0.0979771
5061,0.045739,0.0979771
5064,0.045739,0.0979771
5067,0.120931,0.125434
5070,0.120931,0.125434
5073,0.120931,0.125434
5076,0.120931,0.125434
5079,0.214259,0.206125
5082,0.214259,0.206125
5085,0.214259,0.206125
5088,0.214259,0.206125
5091,0.204401,0.19672
5094,0.204401,0.19672
5097,0.204401,0.19672
5100,0.204401,0.19672
5103,0.164451,0.180971
5106,0.164451,0.180971
5109,0.164451,0.180971
5112,0.164451,0.180971
5115,0.073162,0.133073
5118,0.073162,0.133073
5121,0.073162,0.133073
5124,0.073162,0.133073
5127,0.00135492,0.0324879
5130,0.00135492,0.0324879
5133,0.00135492,0.0324879
5136,0.00135492,0.0324879
5139,0.0018833,0.000162289
5142,0.0018833,0.000162289
5145,0.0018833,0.000162289
5148,0.0018833,0.000162289
5151,0.00164931,0
5154,0.00164931,0
5157,0.00164931,0
5160,0.00164931,0
5163,0.00258152,0
5166,0.00258152,0
5169,0.00258152,0
5172,0.00258152,0
5175,0.00160779,0
5178,0.00160779,0
5181,0.00160779,0
5184,0.00160779,0
5187,0.00145682,0
5190,0.00145682,0
5193,0.00145682,0
5196,0.00145682,0
5199,9.43539e-05,0
5202,9.43539e-05,0
5205,9.43539e-05,0
5208,9.43539e-05,0
5211,0.000113225,0
5214,0.000113225,0
5217,0.000113225,0
5220,0.000113225,0
5223,0.00158137,0
5226,0.00158137,0
5229,0.00158137,0
5232,0.00158137,0
5235,0.00111338,0
5238,0.00111338,0
5241,0.00111338,0
5244,0.00111338,0
5247,0.00113979,0
5250,0.00113979,0
5253,0.00113979,0
5256,0.00113979,0
5259,0.0110243,0.00854091
5262,0.0110243,0.00854091
5265,0.0110243,0.00854091
5268,0.0110243,0.00854091
5271,0.0454823,0.0315293
5274,0.0454823,0.0315293
5277,0.0454823,0.0315293
5280,0.0454823,0.0315293
5283,0.052574,0.0661081
5286,0.052574,0.0661081
5289,0.052574,0.0661081
5292,0.052574,0.0661081
5295,0.0937462,0.125245
5298,0.0937462,0.125245
5301,0.0937462,0.125245
5304,0.0937462,0.125245
5307,0.117414,0.215904
5310,0.117414,0.215904
5313,0.117414,0.215904
5316,0.117414,0.215904
5319,0.123483,0.21116
5322,0.123483,0.21116
5325,0.123483,0.21116
5328,0.123483,0.21116
5331,0.134805,0.103174
5334,0.134805,0.103174
5337,0.134805,0.103174
5340,0.134805,0.103174
5343,0.153861,0.0944633
5346,0.153861,0.0944633
5349,0.153861,0.0944633
5352,0.153861,0.0944633
5355,0.172381,0.159854
5358,0.172381,0.159854
5361,0.172381,0.159854
5364,0.172381,0.159854
5367,0.201751,0.229857
5370,0.201751,0.229857
5373,0.201751,0.229857
5376,0.201751,0.229857
5379,0.211156,0.222256
5382,0.211156,0.222256
5385,0.211156,0.222256
5388,0.211156,0.222256
5391,0.230137,0.21487
5394,0.230137,0.21487
5397,0.230137,0.21487
5400,0.230137,0.21487
5403,0.239557,0.244958
5406,0.239557,0.244958
5409,0.239557,0.244958
5412,0.239557,0.244958
5415,0.246815,0.212587
5418,0.246815,0.212587
5421,0.246815,0.212587
5424,0.246815,0.212587
5427,0.284288,0.106458
5430,0.284288,0.106458
5433,0.284288,0.106458
5436,0.284288,0.106458
5439,0.330038,0.125608
5442,0.330038,0.125608
5445,0.330038,0.125608
5448,0.330038,0.125608
5451,0.361511,0.215282
5454,0.361511,0.215282
5457,0.361511,0.215282
5460,0.361511,0.215282
5463,0.352023,0.184888
5466,0.352023,0.184888
5469,0.352023,0.184888
5472,0.352023,0.184888
5475,0.326796,0.0991282
5478,0.326796,0.0991282
5481,0.326796,0.0991282
5484,0.326796,0.0991282
5487,0.34469,0.117501
5490,0.34469,0.117501
5493,0.34469,0.117501
5496,0.34469,0.117501
5499,0.375434,0.0764757
5502,0.375434,0.0764757
5505,0.375434,0.0764757
5508,0.375434,0.0764757
5511,0.387496,0.0593675
5514,0.387496,0.0593675
5517,0.387496,0.0593675
5520,0.387496,0.0593675
5523,0.391961,0.108322
5526,0.391961,0.108322
5529,0.391961,0.108322
5532,0.391961,0.108322
5535,0.414334,0.123102
5538,0.414334,0.123102
5541,0.414334,0.123102
5544,0.414334,0.123102
5547,0.42497,0.156216
5550,0.42497,0.156216
5553,0.42497,0.156216
5556,0.42497,0.156216
5559,0.44167,0.0780005
5562,0.44167,0.0780005
5565,0.44167,0.0780005
5568,0.44167,0.0780005
5571,0.472037,0.127842
5574,0.472037,0.127842
5577,0.472037,0.127842
5580,0.472037,0.127842
5583,0.500343,0.126766
5586,0.500343,0.126766
5589,0.500343,0.126766
5592,0.500343,0.126766
5595,0.499502,0.177551
5598,0.499502,0.177551
5601,0.499502,0.177551
5604,0.499502,0.177551
5607,0.495052,0.149868
5610,0.495052,0.149868
5613,0.495052,0.149868
5616,0.495052,0.149868
5619,0.511436,0.0252
5622,0.511436,0.0252
5625,0.511436,0.0252
5628,0.511436,0.0252
5631,0.519399,0.104978
5634,0.519399,0.104978
5637,0.519399,0.104978
5640,0.519399,0.104978
5643,0.521181,0.0421498
5646,0.521181,0.0421498
5649,0.521181,0.0421498
5652,0.521181,0.0421498
5655,0.523792,0.0226713
5658,0.523792,0.0226713
5661,0.523792,0.0226713
5664,0.523792,0.0226713
5667,0.526642,0.0462523
5670,0.526642,0.0462523
5673,0.526642,0.0462523
5676,0.526642,0.0462523
5679,0.5262,0.0286345
5682,0.5262,0.0286345
5685,0.5262,0.0286345
5688,0.5262,0.0286345
5691,0.532529,0.0358431
5694,0.532529,0.0358431
5697,0.532529,0.0358431
5700,0.532529,0.0358431
5703,0.532786,0.0233092
5706,0.532786,0.0233092
5709,0.532786,0.0233092
5712,0.532786,0.0233092
5715,0.541357,0.0017663
5718,0.541357,0.0017663
5721,0.541357,0.0017663
5724,0.541357,0.0017663
5727,0.551264,0.000509511
5730,0.551264,0.000509511
5733,0.551264,0.000509511
5736,0.551264,0.000509511
Time(milisec),29125.2
